"GEOID","year","AGE0_4_MALE","AGE5_9_MALE","AGE10_14_MALE","AGE15_17_MALE","AGE18_19_MALE","AGE0_4_FEMALE","AGE5_9_FEMALE","AGE10_14_FEMALE","AGE15_17_FEMALE","AGE18_19_FEMALE","AGE0_4","AGE5_9","AGE10_14","AGE15_17","AGE18_19"
"01003",2010,5530,5374,6815,3762,2561,5461,5964,5943,3290,2097,10991,11338,12758,7052,4658
"01015",2010,3730,3668,3820,2031,2193,3651,2905,4716,2440,2387,7381,6573,8536,4471,4580
"01043",2010,2717,2264,3261,2087,1179,2100,2644,2596,1538,1070,4817,4908,5857,3625,2249
"01049",2010,2947,3457,2338,1442,878,2064,1895,3014,1387,970,5011,5352,5352,2829,1848
"01051",2010,2688,2396,2729,1856,624,2183,2700,2267,1518,1011,4871,5096,4996,3374,1635
"01055",2010,3044,3502,3472,2693,1501,2727,2813,3652,1906,1668,5771,6315,7124,4599,3169
"01069",2010,3405,3557,3680,2117,1220,3337,3424,3265,2127,1189,6742,6981,6945,4244,2409
"01073",2010,22142,21368,20578,13451,8797,21577,22031,19683,13279,8938,43719,43399,40261,26730,17735
"01077",2010,2355,3589,2013,1891,1245,2785,3366,2411,1774,1786,5140,6955,4424,3665,3031
"01081",2010,4742,4172,4457,2693,4000,4295,4210,4484,2600,3854,9037,8382,8941,5293,7854
"01083",2010,2773,3537,2495,1764,838,3004,2533,2384,1547,697,5777,6070,4879,3311,1535
"01089",2010,11256,11045,11543,7420,5382,9826,11542,10203,6845,4610,21082,22587,21746,14265,9992
"01095",2010,3301,3047,2926,2780,1073,3641,3268,3387,1605,939,6942,6315,6313,4385,2012
"01097",2010,14935,12790,16089,9186,5866,13610,13184,14268,9170,5921,28545,25974,30357,18356,11787
"01101",2010,7762,7088,7775,5114,3477,8081,8825,6453,4716,3710,15843,15913,14228,9830,7187
"01103",2010,3305,4174,4676,2804,2335,3596,3585,3987,2378,1440,6901,7759,8663,5182,3775
"01115",2010,2459,2898,2751,1956,777,3078,2284,2680,1747,632,5537,5182,5431,3703,1409
"01117",2010,6519,6824,7987,4140,2497,6647,6222,7638,4143,2501,13166,13046,15625,8283,4998
"01121",2010,2370,1892,3573,1435,1300,2446,2325,3185,1984,1066,4816,4217,6758,3419,2366
"01125",2010,6639,5574,6039,3412,5191,6155,5031,6288,3400,6038,12794,10605,12327,6812,11229
"01127",2010,1975,2544,1599,1407,934,1651,3306,1402,1170,710,3626,5850,3001,2577,1644
"02020",2010,11083,9979,10709,6890,4070,11001,9576,10551,6255,4234,22084,19555,21260,13145,8304
"02090",2010,4095,3337,3945,2012,1310,3639,3661,2569,2103,978,7734,6998,6514,4115,2288
"02170",2010,3648,3473,4743,2165,1101,3397,2764,3576,2253,1308,7045,6237,8319,4418,2409
"04001",2010,3092,3343,2800,2077,1187,2882,2675,3803,1945,1283,5974,6018,6603,4022,2470
"04003",2010,4238,4518,3943,2614,2095,4100,4082,4210,2822,1594,8338,8600,8153,5436,3689
"04005",2010,4846,4416,4472,2612,4214,4080,4639,3699,2742,4077,8926,9055,8171,5354,8291
"04013",2010,144356,138734,148466,84678,56485,138562,140757,133909,79967,53919,282918,279491,282375,164645,110404
"04015",2010,5657,5446,6335,3915,2139,5366,5531,5230,3569,1990,11023,10977,11565,7484,4129
"04017",2010,4294,3754,5218,2847,1616,4495,3812,4892,2854,2007,8789,7566,10110,5701,3623
"04019",2010,33044,28362,35101,19553,16779,29338,31769,29473,18591,15911,62382,60131,64574,38144,32690
"04021",2010,16525,15183,13891,7434,5494,14283,14612,12710,7238,3212,30808,29795,26601,14672,8706
"04025",2010,5262,6671,5201,3447,2362,5230,4812,6045,3619,1167,10492,11483,11246,7066,3529
"04027",2010,7437,6770,8723,4981,3652,7310,7808,7452,4783,2625,14747,14578,16175,9764,6277
"05007",2010,8190,9336,8649,4806,3119,8628,9250,9082,4249,2614,16818,18586,17731,9055,5733
"05031",2010,3805,2536,3960,2415,2469,3277,3157,3022,1797,2126,7082,5693,6982,4212,4595
"05045",2010,4347,3525,5138,2268,1860,3203,3326,4041,2300,2430,7550,6851,9179,4568,4290
"05051",2010,3001,2103,3729,2202,1167,2484,2752,2661,1501,732,5485,4855,6390,3703,1899
"05069",2010,2801,2189,2669,1589,1283,2144,3103,2254,1639,2007,4945,5292,4923,3228,3290
"05085",2010,2521,2960,2302,1447,1204,2280,2852,2578,1397,554,4801,5812,4880,2844,1758
"05119",2010,13480,13121,12794,7210,4538,12827,13902,10945,7401,4031,26307,27023,23739,14611,8569
"05125",2010,3240,3019,4655,2653,862,3327,3846,2794,1821,1043,6567,6865,7449,4474,1905
"05131",2010,4366,4296,4686,2547,1852,4083,4418,4063,3281,1431,8449,8714,8749,5828,3283
"05143",2010,7900,6883,7528,3457,4105,7838,6256,7725,4084,5462,15738,13139,15253,7541,9567
"05145",2010,2349,2754,2151,1712,1365,2858,2244,2796,1612,1238,5207,4998,4947,3324,2603
"06001",2010,50118,47444,47416,29599,21933,47014,47798,43803,27572,21570,97132,95242,91219,57171,43503
"06007",2010,6415,7192,5757,4244,4455,5874,5401,6516,4061,4185,12289,12593,12273,8305,8640
"06013",2010,34488,38999,36691,23909,13902,32771,35467,36420,22458,12930,67259,74466,73111,46367,26832
"06017",2010,5215,4978,7727,3909,2552,4734,5284,5647,3804,2253,9949,10262,13374,7713,4805
"06019",2010,40448,37434,39558,24637,16817,38296,38139,36257,23863,16035,78744,75573,75815,48500,32852
"06023",2010,4129,3997,3556,2503,2239,3678,3756,3526,2220,3091,7807,7753,7082,4723,5330
"06025",2010,7050,7926,6854,4539,3460,6515,7945,5903,4361,2809,13565,15871,12757,8900,6269
"06029",2010,37412,35559,35031,22896,15041,35699,33600,33534,21167,12761,73111,69159,68565,44063,27802
"06031",2010,6436,6165,5804,3396,2467,6116,5813,5199,3629,2073,12552,11978,11003,7025,4540
"06033",2010,1390,1570,2159,1091,1909,1924,2576,1864,736,469,3314,4146,4023,1827,2378
"06037",2010,329898,328127,343655,226857,157217,314945,315349,327313,215925,151768,644843,643476,670968,442782,308985
"06039",2010,5888,5983,5536,3866,2745,5733,6338,5546,3514,1146,11621,12321,11082,7380,3891
"06041",2010,6934,8118,6936,4266,2363,7194,9280,5653,3937,1822,14128,17398,12589,8203,4185
"06045",2010,2827,2814,2503,2498,2413,2947,1993,3088,1132,1068,5774,4807,5591,3630,3481
"06047",2010,11890,11877,10957,7316,5791,10406,11107,10743,6776,4353,22296,22984,21700,14092,10144
"06053",2010,16405,16094,14859,10170,7163,16130,13996,14993,8642,6127,32535,30090,29852,18812,13290
"06055",2010,4529,4377,4824,2792,1397,3495,4254,4534,2870,1433,8024,8631,9358,5662,2830
"06057",2010,2178,2982,2929,2142,1193,1860,2931,2558,1676,760,4038,5913,5487,3818,1953
"06059",2010,98110,98875,110325,70019,46954,93840,98184,102702,66192,43851,191950,197059,213027,136211,90805
"06061",2010,9953,12509,12309,8215,4967,10475,12935,11138,7935,4115,20428,25444,23447,16150,9082
"06065",2010,83050,83504,93384,58487,38678,80208,84166,85996,54843,35519,163258,167670,179380,113330,74197
"06067",2010,51511,51910,50403,32874,21448,49634,48796,47428,30962,20218,101145,100706,97831,63836,41666
"06071",2010,81186,79366,88202,56038,36409,77775,80253,79380,54062,33977,158961,159619,167582,110100,70386
"06073",2010,103983,101314,100719,66085,51758,99727,91449,101233,61538,44792,203710,192763,201952,127623,96550
"06075",2010,18112,15198,12411,8726,8095,17187,13801,13192,8958,9346,35299,28999,25603,17684,17441
"06077",2010,27753,28307,28940,18403,11932,26347,24467,30038,17063,11201,54100,52774,58978,35466,23133
"06079",2010,6724,7203,7327,5367,6386,6447,7238,6109,4394,4964,13171,14441,13436,9761,11350
"06081",2010,23493,22074,22942,13442,7867,22394,22042,20464,12664,7308,45887,44116,43406,26106,15175
"06083",2010,13801,14204,13237,9064,9962,13496,14838,10859,8626,10325,27297,29042,24096,17690,20287
"06085",2010,63650,60262,60788,35591,23671,60811,60819,54903,33846,21180,124461,121081,115691,69437,44851
"06087",2010,7478,7609,8056,5274,6329,7193,7109,7858,4942,8287,14671,14718,15914,10216,14616
"06089",2010,4893,6338,5675,3400,3214,5081,4123,6774,3241,2382,9974,10461,12449,6641,5596
"06095",2010,13713,14273,14494,9605,6033,13019,14583,12630,9162,4969,26732,28856,27124,18767,11002
"06097",2010,15410,14261,15094,9603,7204,13419,15490,14251,9363,6743,28829,29751,29345,18966,13947
"06099",2010,20107,20154,21330,14297,9080,19669,19088,20646,11760,8462,39776,39242,41976,26057,17542
"06101",2010,3381,4109,3119,2113,1056,3609,4201,3357,2095,1460,6990,8310,6476,4208,2516
"06107",2010,21140,18834,21787,12342,7912,19834,18582,20083,11903,6988,40974,37416,41870,24245,14900
"06111",2010,28524,31498,28591,20288,13183,26956,30697,26899,18876,11730,55480,62195,55490,39164,24913
"06113",2010,6260,6144,6550,4431,6940,6148,6946,5299,3867,8849,12408,13090,11849,8298,15789
"06115",2010,3087,2563,3230,1916,951,2883,3237,2565,1180,710,5970,5800,5795,3096,1661
"08001",2010,19383,17326,18258,9200,6497,18351,17155,17561,9252,5573,37734,34481,35819,18452,12070
"08005",2010,20818,22301,19676,12755,7000,19604,20115,20124,12335,6292,40422,42416,39800,25090,13292
"08013",2010,8926,8782,9356,4754,6706,7646,9383,8364,5341,6143,16572,18165,17720,10095,12849
"08031",2010,22206,19905,14979,8721,6915,21232,20846,12966,8764,7488,43438,40751,27945,17485,14403
"08035",2010,10790,13108,13414,6983,2741,11275,13773,11259,6527,2642,22065,26881,24673,13510,5383
"08041",2010,23437,23708,23062,14233,10450,21937,22976,21179,12879,8496,45374,46684,44241,27112,18946
"08059",2010,15642,17042,17261,11381,7216,14837,16590,15649,10526,6427,30479,33632,32910,21907,13643
"08069",2010,9575,8789,8930,6171,5718,7956,9053,8252,5232,6423,17531,17842,17182,11403,12141
"08077",2010,4518,6023,3829,3329,2397,5119,4653,4474,2460,1996,9637,10676,8303,5789,4393
"08101",2010,5533,5900,5147,3304,2643,4900,5343,5159,3728,2709,10433,11243,10306,7032,5352
"08123",2010,10055,10813,9438,5941,4431,9733,9522,9956,5286,4708,19788,20335,19394,11227,9139
"09001",2010,29346,30077,36340,20663,11392,27700,32995,30158,19837,10317,57046,63072,66498,40500,21709
"09003",2010,25476,28825,29909,19480,12207,25103,27693,28722,18579,11368,50579,56518,58631,38059,23575
"09005",2010,4368,5621,6543,4112,2266,4874,4892,6522,3802,1759,9242,10513,13065,7914,4025
"09007",2010,4059,5280,5405,3297,1831,3992,4960,4931,3117,1565,8051,10240,10336,6414,3396
"09009",2010,24798,25837,29049,18275,12712,23725,24312,28523,17621,13129,48523,50149,57572,35896,25841
"09011",2010,7609,9141,8798,5294,4642,7228,7893,8259,5036,3232,14837,17034,17057,10330,7874
"09013",2010,3522,4442,4818,2911,3863,3660,3732,4610,3088,4572,7182,8174,9428,5999,8435
"09015",2010,2710,3109,4507,2723,2158,3515,3666,3998,2201,2445,6225,6775,8505,4924,4603
"10001",2010,5695,5622,5578,3937,3460,5532,5085,5587,3572,3852,11227,10707,11165,7509,7312
"10003",2010,16782,16822,18713,11476,9119,16276,18201,15549,10945,10156,33058,35023,34262,22421,19275
"10005",2010,6248,5188,5935,3510,2388,5562,5159,5592,3503,1802,11810,10347,11527,7013,4190
"11001",2010,16786,14826,10965,8919,11677,16075,12442,13004,8250,13842,32861,27268,23969,17169,25519
"12001",2010,6445,5902,6389,3746,6480,6171,6628,5123,4026,11094,12616,12530,11512,7772,17574
"12005",2010,5295,5099,5565,3398,2608,5185,4751,4997,2839,2568,10480,9850,10562,6237,5176
"12009",2010,13952,15508,14566,10646,7375,12771,14705,14781,10496,5853,26723,30213,29347,21142,13228
"12011",2010,52569,51771,58860,36689,22165,50559,51211,55024,34979,20091,103128,102982,113884,71668,42256
"12015",2010,3012,2641,4006,2165,1194,2307,3475,2784,2579,1581,5319,6116,6790,4744,2775
"12017",2010,2645,2661,4156,2284,1619,2865,2630,3164,2151,1213,5510,5291,7320,4435,2832
"12019",2010,5800,5720,9148,4229,3460,5849,7639,7716,3949,2161,11649,13359,16864,8178,5621
"12021",2010,7901,9847,9301,5950,4108,7535,8087,8651,5453,3561,15436,17934,17952,11403,7669
"12023",2010,2357,2534,1325,1352,520,1806,1678,2838,1240,206,4163,4212,4163,2592,726
"12031",2010,30416,27324,28441,17004,11876,29182,24991,29680,16425,12348,59598,52315,58121,33429,24224
"12033",2010,9360,9518,8337,5541,7116,9371,8798,8128,5026,5480,18731,18316,16465,10567,12596
"12035",2010,1235,2141,3174,1679,1338,3618,1968,3588,1633,1075,4853,4109,6762,3312,2413
"12053",2010,3898,4389,6558,3197,1769,3882,5346,3648,2807,2496,7780,9735,10206,6004,4265
"12055",2010,2290,1754,3472,1275,1324,2405,2777,2681,1293,1655,4695,4531,6153,2568,2979
"12057",2010,41361,39717,43675,26413,17920,39209,38233,41369,24764,18627,80570,77950,85044,51177,36547
"12061",2010,3260,3913,3910,2780,1498,2894,3037,3945,2171,1495,6154,6950,7855,4951,2993
"12069",2010,9025,9591,8404,5906,3282,6998,8910,8248,4794,3303,16023,18501,16652,10700,6585
"12071",2010,17301,17937,16457,10783,6537,15831,15995,16950,9811,7097,33132,33932,33407,20594,13634
"12073",2010,8073,7777,7105,4374,7480,7302,8688,6005,4366,10699,15375,16465,13110,8740,18179
"12081",2010,9266,8391,10450,5706,4208,8929,10016,7735,5661,3697,18195,18407,18185,11367,7905
"12083",2010,9112,9419,8429,6122,3751,8453,8182,8783,5302,4285,17565,17601,17212,11424,8036
"12085",2010,2950,3621,4557,2252,966,2635,3920,3532,2521,1295,5585,7541,8089,4773,2261
"12086",2010,76451,74734,77761,50281,35290,73594,71299,74575,47465,34814,150045,146033,152336,97746,70104
"12087",2010,1670,1650,1773,1190,759,1279,1251,1384,818,697,2949,2901,3157,2008,1456
"12089",2010,2015,3118,1903,1385,572,1949,2342,1916,1285,469,3964,5460,3819,2670,1041
"12091",2010,6714,5088,5981,3755,2409,4998,5808,4628,3247,2420,11712,10896,10609,7002,4829
"12095",2010,38445,39328,36306,24009,20185,36075,34135,38768,22934,20271,74520,73463,75074,46943,40456
"12097",2010,8957,7698,12339,7152,4213,9078,8360,10934,6331,3751,18035,16058,23273,13483,7964
"12099",2010,35558,36381,40265,24950,15946,35082,36723,36839,23230,15623,70640,73104,77104,48180,31569
"12101",2010,11376,13011,14829,8990,5059,14458,12612,14423,8530,4834,25834,25623,29252,17520,9893
"12103",2010,21565,22049,23662,15399,10055,20604,23776,20458,15085,9997,42169,45825,44120,30484,20052
"12105",2010,19745,20486,19926,12672,8281,18743,19021,19434,11417,8073,38488,39507,39360,24089,16354
"12107",2010,2073,2414,2546,1312,983,2604,2740,1815,1213,250,4677,5154,4361,2525,1233
"12109",2010,4843,6202,8048,3818,2829,4917,5633,6357,4212,2030,9760,11835,14405,8030,4859
"12111",2010,9083,9009,8301,5893,3710,7826,8683,7821,4924,3420,16909,17692,16122,10817,7130
"12113",2010,4878,4328,5655,3547,1930,4877,4671,4671,2865,1696,9755,8999,10326,6412,3626
"12115",2010,7650,8137,8834,5869,3670,6967,7228,9523,5387,3380,14617,15365,18357,11256,7050
"12117",2010,12080,13118,14884,9796,5937,11174,13377,13858,9249,5506,23254,26495,28742,19045,11443
"12119",2010,1192,1190,1197,837,539,1038,1055,1398,654,649,2230,2245,2595,1491,1188
"12127",2010,12050,12925,12959,10018,8678,12221,12531,12954,7239,6461,24271,25456,25913,17257,15139
"13013",2010,3104,3074,3349,1609,663,2896,2403,1974,967,548,6000,5477,5323,2576,1211
"13015",2010,2897,3296,4588,2803,1436,3590,3953,3917,2222,1253,6487,7249,8505,5025,2689
"13021",2010,5854,5053,6001,3790,2132,5579,5208,5268,3177,5595,11433,10261,11269,6967,7727
"13031",2010,1767,2059,1691,1249,1955,2243,2571,1987,1098,3107,4010,4630,3678,2347,5062
"13045",2010,3851,3360,4629,2357,2688,3923,4830,2820,2358,2011,7774,8190,7449,4715,4699
"13051",2010,9168,8678,7491,5104,5161,9166,8061,7521,4788,5346,18334,16739,15012,9892,10507
"13057",2010,7737,10193,7752,4900,2430,7533,9057,7720,4069,2450,15270,19250,15472,8969,4880
"13059",2010,3919,3024,2872,1029,5624,3260,3122,2176,1072,7616,7179,6146,5048,2101,13240
"13063",2010,11332,9722,11055,6495,4581,10696,10656,9162,5785,3512,22028,20378,20217,12280,8093
"13067",2010,24430,26289,23881,15428,9241,23833,24805,23460,14972,8415,48263,51094,47341,30400,17656
"13073",2010,4424,5012,5230,3260,2023,4179,4510,4436,2935,1563,8603,9522,9666,6195,3586
"13077",2010,4194,4850,5664,3373,956,4633,4788,4761,2707,1502,8827,9638,10425,6080,2458
"13089",2010,25822,23342,21795,14026,8994,24522,21937,21474,12730,9259,50344,45279,43269,26756,18253
"13095",2010,3774,2829,3110,2235,2508,3602,4141,2988,1740,2081,7376,6970,6098,3975,4589
"13097",2010,4341,5360,5143,3317,1554,5422,5375,5345,3156,1683,9763,10735,10488,6473,3237
"13113",2010,2375,4519,4247,3670,1365,2392,4055,4187,2731,1397,4767,8574,8434,6401,2762
"13115",2010,3239,3516,2946,1700,1810,3156,3931,2514,2309,2204,6395,7447,5460,4009,4014
"13117",2010,6846,8664,7869,3793,2034,6771,9138,6914,3735,963,13617,17802,14783,7528,2997
"13121",2010,32125,32422,29232,17944,13815,30633,30958,29180,17893,13202,62758,63380,58412,35837,27017
"13127",2010,3104,3000,2592,1490,1380,2502,2567,2316,1447,828,5606,5567,4908,2937,2208
"13135",2010,32033,36448,31615,20206,10934,30308,33718,31919,19154,9358,62341,70166,63534,39360,20292
"13139",2010,7389,7673,6810,4065,2502,6872,7374,6207,3779,2149,14261,15047,13017,7844,4651
"13151",2010,7070,10426,7535,6124,2801,6810,7796,9669,4585,1970,13880,18222,17204,10709,4771
"13153",2010,5048,5669,5211,3657,2191,5345,5137,4619,2958,2001,10393,10806,9830,6615,4192
"13185",2010,4278,4055,3285,2189,2840,4124,3014,4118,2037,2775,8402,7069,7403,4226,5615
"13215",2010,6904,7332,6141,3794,4807,7160,6025,6720,4496,2748,14064,13357,12861,8290,7555
"13217",2010,3767,3048,5368,3002,1690,3522,3526,4295,2120,2176,7289,6574,9663,5122,3866
"13223",2010,6079,5519,7213,3630,1798,4957,5867,6432,3367,1864,11036,11386,13645,6997,3662
"13245",2010,7710,6994,6050,4188,3636,7768,6429,6390,3814,2913,15478,13423,12440,8002,6549
"13247",2010,2998,2729,3590,2771,1039,2820,3207,3626,1421,1248,5818,5936,7216,4192,2287
"13285",2010,2956,2861,1954,1415,777,2147,2236,2468,1551,1559,5103,5097,4422,2966,2336
"13295",2010,1984,2656,2473,1305,1041,2010,2169,2499,1288,730,3994,4825,4972,2593,1771
"13297",2010,2645,2547,3737,1718,1074,3259,3196,3708,1787,817,5904,5743,7445,3505,1891
"13313",2010,3923,4512,3995,2257,1319,3966,4140,4325,2169,1084,7889,8652,8320,4426,2403
"15001",2010,6344,5450,6174,3600,3629,5396,5712,5525,3721,2202,11740,11162,11699,7321,5831
"15003",2010,31213,29037,29336,18041,13280,29779,27945,27512,17477,12159,60992,56982,56848,35518,25439
"15007",2010,2752,2359,2010,1907,542,1496,1763,2593,455,357,4248,4122,4603,2362,899
"15009",2010,4439,6141,4678,3537,1614,5274,3931,5693,2371,1163,9713,10072,10371,5908,2777
"16001",2010,14220,15369,15025,8554,4539,13388,15098,14150,8098,4944,27608,30467,29175,16652,9483
"16005",2010,3795,3141,3749,1734,1344,3029,2811,3025,1625,1366,6824,5952,6774,3359,2710
"16019",2010,5311,5291,4195,2569,1371,4533,4762,4147,2068,795,9844,10053,8342,4637,2166
"16027",2010,8885,8324,8047,4385,3567,8480,9227,7112,4218,2277,17365,17551,15159,8603,5844
"16055",2010,4909,4146,5537,3131,1938,4048,5586,4108,2853,1680,8957,9732,9645,5984,3618
"16083",2010,3018,2637,3070,2122,1091,3107,2814,2746,1519,1270,6125,5451,5816,3641,2361
"17001",2010,1985,2103,2510,1296,903,2226,2000,2136,1179,1094,4211,4103,4646,2475,1997
"17019",2010,5807,4985,5518,2944,7518,5924,4586,5754,3499,12137,11731,9571,11272,6443,19655
"17031",2010,173967,166975,174985,111120,71150,168113,163038,167439,105945,69757,342080,330013,342424,217065,140907
"17037",2010,2949,3679,4023,1621,2903,2720,2674,3918,1877,4143,5669,6353,7941,3498,7046
"17043",2010,28941,32083,33318,21795,11754,28045,28810,34280,20245,10350,56986,60893,67598,42040,22104
"17089",2010,20461,20577,22843,12348,7230,19585,22007,19567,11895,5991,40046,42584,42410,24243,13221
"17091",2010,3912,3611,4686,2412,1912,3654,5231,2592,2549,1705,7566,8842,7278,4961,3617
"17093",2010,5522,4822,5548,3037,1288,4909,4686,4880,2814,1226,10431,9508,10428,5851,2514
"17097",2010,24033,26095,30375,18092,11853,23037,28071,25712,16934,8756,47070,54166,56087,35026,20609
"17099",2010,3842,4210,3103,2230,1420,3037,3297,3736,2704,1427,6879,7507,6839,4934,2847
"17111",2010,10065,12916,12320,8216,4249,9651,11335,12404,7300,3621,19716,24251,24724,15516,7870
"17113",2010,5344,5479,5945,3687,3681,5229,6044,4089,2547,5008,10573,11523,10034,6234,8689
"17115",2010,2918,4387,2514,2338,1662,4194,4059,2724,2000,1716,7112,8446,5238,4338,3378
"17119",2010,8097,8292,9450,5611,4006,8208,9649,6843,4951,3997,16305,17941,16293,10562,8003
"17143",2010,6682,6675,6098,3738,2724,5931,5458,5998,3940,3155,12613,12133,12096,7678,5879
"17161",2010,4440,4818,4559,2659,1851,4684,4495,4345,2929,1965,9124,9313,8904,5588,3816
"17163",2010,9405,9786,9259,6280,3553,9038,8080,10486,6119,3634,18443,17866,19745,12399,7187
"17167",2010,6345,6888,6750,4485,2418,5973,6525,6092,3749,1914,12318,13413,12842,8234,4332
"17179",2010,4055,4235,4822,2705,1588,4219,4730,4128,3053,1618,8274,8965,8950,5758,3206
"17183",2010,2871,2775,2841,1961,1276,2478,2267,3175,1477,874,5349,5042,6016,3438,2150
"17197",2010,25215,29819,28521,17889,9362,24169,27858,27449,16326,9056,49384,57677,55970,34215,18418
"17199",2010,2043,2768,1739,1192,830,2009,2222,1608,1102,757,4052,4990,3347,2294,1587
"17201",2010,9915,8683,12149,6321,4151,9640,11178,9140,6273,3981,19555,19861,21289,12594,8132
"18003",2010,13406,13336,13728,8016,5594,13029,13826,12476,8116,5022,26435,27162,26204,16132,10616
"18005",2010,2827,2585,2863,1860,1065,2841,3196,1640,1539,923,5668,5781,4503,3399,1988
"18019",2010,3587,4086,3143,2362,1647,3804,3338,3636,2105,1131,7391,7424,6779,4467,2778
"18035",2010,3229,3760,3046,2061,3130,2804,2972,3401,1933,3732,6033,6732,6447,3994,6862
"18039",2010,8777,7026,8099,4725,2524,7267,9353,6666,4275,3115,16044,16379,14765,9000,5639
"18043",2010,2148,3193,2243,1564,962,2134,2861,2209,1559,716,4282,6054,4452,3123,1678
"18053",2010,2242,2176,2255,1232,1641,1896,1722,1970,1639,1828,4138,3898,4225,2871,3469
"18057",2010,10876,12044,13385,6102,3364,10210,13984,10641,6185,2461,21086,26028,24026,12287,5825
"18059",2010,2286,2711,2850,1637,824,2474,2278,3067,1434,684,4760,4989,5917,3071,1508
"18063",2010,5498,5925,5541,3565,1658,5064,5850,4982,3110,1514,10562,11775,10523,6675,3172
"18067",2010,2498,2650,2752,2021,1127,2530,3205,2169,1568,801,5028,5855,4921,3589,1928
"18081",2010,4967,4966,5873,3116,1928,4695,6022,4067,3214,2055,9662,10988,9940,6330,3983
"18085",2010,2972,2648,3247,1496,985,2202,2608,3169,1487,1053,5174,5256,6416,2983,2038
"18089",2010,16842,17952,18809,11318,7253,16124,18144,17042,11015,6633,32966,36096,35851,22333,13886
"18091",2010,3141,3358,3990,2625,1319,3198,3472,3613,1904,1062,6339,6830,7603,4529,2381
"18095",2010,4652,4723,4179,2690,1895,3518,3908,4082,2538,1844,8170,8631,8261,5228,3739
"18097",2010,34534,32027,29914,18673,12790,33616,30208,29347,17942,12941,68150,62235,59261,36615,25731
"18105",2010,3161,3586,3249,1877,5629,2975,2540,3550,1571,6202,6136,6126,6799,3448,11831
"18109",2010,2140,2227,2779,1664,870,2096,2664,2118,1592,697,4236,4891,4897,3256,1567
"18127",2010,5714,6326,5086,3386,2427,4706,5576,5932,3334,2468,10420,11902,11018,6720,4895
"18141",2010,8849,9616,9114,5828,5227,8518,8897,8967,5545,4833,17367,18513,18081,11373,10060
"18157",2010,5397,4747,5065,2664,6156,5150,4854,5331,2384,6349,10547,9601,10396,5048,12505
"18163",2010,5737,5985,5134,3366,2877,5733,5760,4853,3258,3573,11470,11745,9987,6624,6450
"18167",2010,2789,3207,3722,2350,2327,3027,2362,4109,1978,2278,5816,5569,7831,4328,4605
"18177",2010,2716,2158,2165,1535,1082,1887,1934,1927,1467,470,4603,4092,4092,3002,1552
"19013",2010,4540,4572,3061,2553,2277,3974,3839,3422,2469,3242,8514,8411,6483,5022,5519
"19049",2010,2920,3093,2675,1273,608,2962,2596,2409,1286,494,5882,5689,5084,2559,1102
"19061",2010,3201,2742,3726,1790,2677,2773,2967,3265,1816,1798,5974,5709,6991,3606,4475
"19103",2010,3767,3392,3357,2071,3223,3769,2969,4040,2591,3514,7536,6361,7397,4662,6737
"19113",2010,6733,8071,7164,3910,3176,7426,7216,7111,4279,3443,14159,15287,14275,8189,6619
"19153",2010,17040,13707,17417,9015,5841,15852,16349,12890,7730,5781,32892,30056,30307,16745,11622
"19155",2010,2851,3502,2799,1907,1690,3196,2553,3136,2138,1678,6047,6055,5935,4045,3368
"19163",2010,5389,5811,6703,3333,2101,5848,5693,4857,3035,2321,11237,11504,11560,6368,4422
"19169",2010,2229,2463,1786,1290,3801,2392,2034,2197,1646,3334,4621,4497,3983,2936,7135
"19193",2010,4356,3544,3780,2212,1519,4041,3628,3245,2340,1232,8397,7172,7025,4552,2751
"20015",2010,2943,2251,2962,1507,664,2160,2197,2656,1753,1043,5103,4448,5618,3260,1707
"20045",2010,3346,2524,2928,1559,4843,3485,2442,3061,1845,4127,6831,4966,5989,3404,8970
"20091",2010,20231,23882,17765,12146,6114,19027,19122,20153,11283,5099,39258,43004,37918,23429,11213
"20103",2010,2632,2120,3379,1484,445,2484,3118,2707,1482,1103,5116,5238,6086,2966,1548
"20161",2010,2117,1845,1698,576,4162,2317,1821,1992,1055,3875,4434,3666,3690,1631,8037
"20173",2010,19308,19897,18241,11191,6574,19769,19384,17060,10615,6254,39077,39281,35301,21806,12828
"20177",2010,6295,6221,6032,3616,2244,6030,6778,5388,3698,2019,12325,12999,11420,7314,4263
"20209",2010,6807,6250,6084,3536,2359,6666,7154,4686,3209,2219,13473,13404,10770,6745,4578
"21015",2010,4555,6017,3774,2701,1461,4210,5022,4593,2709,1579,8765,11039,8367,5410,3040
"21029",2010,2218,2611,3064,2139,1016,2164,2246,2789,1558,1071,4382,4857,5853,3697,2087
"21037",2010,3054,2675,2882,1980,1568,3086,2618,2809,1543,1866,6140,5293,5691,3523,3434
"21047",2010,3595,3047,2277,1295,1380,2883,2134,2354,784,1233,6478,5181,4631,2079,2613
"21059",2010,3224,3159,3425,2042,1383,3303,2809,3592,2082,1173,6527,5968,7017,4124,2556
"21067",2010,10172,9516,8364,5794,5298,8536,7895,8422,4050,6216,18708,17411,16786,9844,11514
"21093",2010,4165,2878,4478,2332,4353,3961,4430,2725,1726,705,8126,7308,7203,4058,5058
"21111",2010,25016,22303,26157,14049,9150,23598,23983,22934,13605,8865,48614,46286,49091,27654,18015
"21117",2010,5966,5553,6010,3221,1729,5554,5888,4826,2970,1599,11520,11441,10836,6191,3328
"21145",2010,1990,2573,1641,1409,935,2200,2180,1640,1177,736,4190,4753,3281,2586,1671
"21151",2010,2766,2685,2127,1595,1232,2521,1982,2648,1357,2440,5287,4667,4775,2952,3672
"21195",2010,1841,2250,2182,1252,924,1778,2060,1829,1283,638,3619,4310,4011,2535,1562
"21227",2010,3736,4736,3917,2133,2648,3599,2738,3480,1779,2587,7335,7474,7397,3912,5235
"22005",2010,3961,4755,4318,2728,1654,4180,4119,4334,2091,1759,8141,8874,8652,4819,3413
"22015",2010,4386,3821,5537,2418,1200,4031,4617,3153,2300,1041,8417,8438,8690,4718,2241
"22017",2010,8886,7912,9688,5128,3747,8816,7363,9148,5376,3860,17702,15275,18836,10504,7607
"22019",2010,6850,5855,7958,4200,2801,6786,6757,6546,4077,3023,13636,12612,14504,8277,5824
"22033",2010,15250,16719,12780,8532,7960,14273,13434,14240,8360,9495,29523,30153,27020,16892,17455
"22045",2010,2948,2767,3228,1312,1603,2436,2934,3153,1250,449,5384,5701,6381,2562,2052
"22051",2010,14274,11510,14860,8590,5435,14197,13523,12481,7591,4782,28471,25033,27341,16181,10217
"22055",2010,8237,8388,6655,4438,3404,7812,8213,6281,4217,3803,16049,16601,12936,8655,7207
"22057",2010,3333,2836,3156,1938,1661,2876,3197,4051,1905,1660,6209,6033,7207,3843,3321
"22063",2010,4999,5244,5234,3005,1644,4435,6837,2919,2737,1492,9434,12081,8153,5742,3136
"22071",2010,11195,10841,9075,6717,5781,11120,9957,8954,5999,7606,22315,20798,18029,12716,13387
"22073",2010,5633,5551,5411,4244,2060,5326,5693,5321,2638,2627,10959,11244,10732,6882,4687
"22079",2010,4622,5102,4203,3340,1360,4333,5030,4721,2493,2116,8955,10132,8924,5833,3476
"22097",2010,3224,3055,3313,2058,1540,3468,3668,2457,1618,1111,6692,6723,5770,3676,2651
"22103",2010,7846,6847,10538,5681,2736,6989,8754,8731,4796,2315,14835,15601,19269,10477,5051
"22105",2010,4669,3957,4414,2665,2500,4352,3892,4289,2429,2841,9021,7849,8703,5094,5341
"22109",2010,4520,3573,4048,2197,1734,4415,3878,3678,2762,1792,8935,7451,7726,4959,3526
"23001",2010,3290,3956,2629,2210,1647,3569,3041,3224,2058,1610,6859,6997,5853,4268,3257
"23003",2010,1782,1373,2719,1565,1015,1622,1910,2105,1313,883,3404,3283,4824,2878,1898
"23005",2010,7158,8379,9227,5368,3995,6885,7883,8426,5058,3856,14043,16262,17653,10426,7851
"23011",2010,3242,3420,3563,2682,1884,2766,3479,3654,2219,1688,6008,6899,7217,4901,3572
"23019",2010,4183,5141,3682,2691,3128,3633,4112,4466,2658,3006,7816,9253,8148,5349,6134
"23031",2010,5674,6047,6017,4412,2261,4872,5330,5851,3999,2388,10546,11377,11868,8411,4649
"24001",2010,1637,1720,2050,1411,1452,1518,1617,1745,1281,1456,3155,3337,3795,2692,2908
"24003",2010,18288,18222,16820,11365,7270,16399,17386,16752,10083,5338,34687,35608,33572,21448,12608
"24005",2010,24442,22163,26765,15992,12768,23391,22102,25350,15870,13184,47833,44265,52115,31862,25952
"24009",2010,2449,3327,3875,2129,1323,2379,3598,3359,2121,808,4828,6925,7234,4250,2131
"24013",2010,4977,4861,7061,4008,2864,4411,6957,4779,4134,2130,9388,11818,11840,8142,4994
"24015",2010,2792,3978,3666,2743,1479,3484,3918,2673,2250,1885,6276,7896,6339,4993,3364
"24017",2010,4996,5598,5610,3875,1754,4614,5090,5470,3574,2357,9610,10688,11080,7449,4111
"24021",2010,7530,7946,9373,5422,2890,7401,7293,9252,4996,3038,14931,15239,18625,10418,5928
"24025",2010,7956,8366,9033,5383,3131,6945,9152,8422,5237,2747,14901,17518,17455,10620,5878
"24027",2010,8848,11514,10819,7848,3672,8659,11033,9814,6365,3052,17507,22547,20633,14213,6724
"24031",2010,32932,31076,34499,20824,10164,30986,31952,31710,19895,8756,63918,63028,66209,40719,18920
"24033",2010,29876,27555,28517,19104,17133,28675,29178,25012,17532,15500,58551,56733,53529,36636,32633
"24037",2010,3971,3508,4055,2440,1450,3523,3817,4029,2355,1533,7494,7325,8084,4795,2983
"24043",2010,4317,5890,3984,2831,2241,4691,4810,4379,2817,994,9008,10700,8363,5648,3235
"24045",2010,3284,2714,3377,1307,2533,2887,3451,3602,1455,2784,6171,6165,6979,2762,5317
"24510",2010,20848,18894,16477,11253,10363,20185,16752,17616,10914,11062,41033,35646,34093,22167,21425
"25001",2010,4508,5232,6000,3404,2557,4422,4615,5090,3440,1996,8930,9847,11090,6844,4553
"25003",2010,3057,4163,2993,2655,1851,2912,3737,3344,2659,1792,5969,7900,6337,5314,3643
"25005",2010,15458,18117,16856,12092,8237,15682,16672,16726,10560,8374,31140,34789,33582,22652,16611
"25009",2010,22465,24908,24583,16229,10525,21190,22223,24885,15612,10010,43655,47131,49468,31841,20535
"25011",2010,1589,1922,2184,1479,746,1587,1009,2811,1318,932,3176,2931,4995,2797,1678
"25013",2010,14003,14914,16218,10490,7955,13558,14596,15599,10467,7328,27561,29510,31817,20957,15283
"25015",2010,3170,4116,3121,2757,4874,3077,3249,4462,2756,7063,6247,7365,7583,5513,11937
"25017",2010,43666,46743,43825,29131,21622,41829,44661,42666,27742,20070,85495,91404,86491,56873,41692
"25021",2010,19110,19638,25189,13754,7441,18635,22177,20423,13339,8177,37745,41815,45612,27093,15618
"25023",2010,14715,15781,19481,11376,6657,13835,17815,16196,10274,5914,28550,33596,35677,21650,12571
"25025",2010,19989,17422,15564,10750,16342,19398,15288,16530,10778,17979,39387,32710,32094,21528,34321
"25027",2010,24224,25206,28698,18014,11999,22634,26461,24820,17107,12067,46858,51667,53518,35121,24066
"26005",2010,4002,4207,4380,2643,1203,3748,4229,3587,2601,1261,7750,8436,7967,5244,2464
"26017",2010,3257,3758,2899,2273,1330,3158,2611,4074,1900,1386,6415,6369,6973,4173,2716
"26021",2010,4935,5233,5242,3414,2750,4630,5951,4011,3187,2175,9565,11184,9253,6601,4925
"26025",2010,4389,4654,4650,3268,2228,4052,4181,4980,2740,1750,8441,8835,9630,6008,3978
"26037",2010,1990,2469,2984,1884,1413,1892,1989,3284,1799,1709,3882,4458,6268,3683,3122
"26045",2010,2852,2962,4100,2320,1588,3075,3745,3476,2575,1350,5927,6707,7576,4895,2938
"26049",2010,14115,13674,16824,9950,5935,12887,12697,16187,9800,6301,27002,26371,33011,19750,12236
"26055",2010,2320,2955,2348,1672,1405,2115,2772,2496,1584,1135,4435,5727,4844,3256,2540
"26065",2010,8339,8232,8443,5767,9714,7770,6506,9132,4235,11155,16109,14738,17575,10002,20869
"26073",2010,1875,1713,1777,1087,2756,1786,1641,1533,1067,4244,3661,3354,3310,2154,7000
"26075",2010,5007,4946,5339,3344,2065,4824,4813,5447,3146,2260,9831,9759,10786,6490,4325
"26077",2010,7502,8155,8117,5151,4742,7937,7701,7927,4436,5341,15439,15856,16044,9587,10083
"26081",2010,22689,22182,22426,13590,9155,21520,22465,20117,13049,7952,44209,44647,42543,26639,17107
"26087",2010,2215,2652,3939,2292,1461,2123,2996,2780,1993,1088,4338,5648,6719,4285,2549
"26091",2010,2898,3360,3441,2211,1623,2713,3286,3513,1768,1405,5611,6646,6954,3979,3028
"26093",2010,4870,6532,7047,4746,2220,5194,7099,6491,4178,1843,10064,13631,13538,8924,4063
"26099",2010,24317,25506,30565,18354,10323,24369,22746,30038,17388,10232,48686,48252,60603,35742,20555
"26103",2010,1848,1531,1866,1158,1311,1734,1343,1888,1030,1446,3582,2874,3754,2188,2757
"26111",2010,2334,2951,2860,1820,1362,2236,2659,2719,1783,1040,4570,5610,5579,3603,2402
"26115",2010,4061,4755,5801,3959,2312,4124,4641,5618,3335,2226,8185,9396,11419,7294,4538
"26121",2010,5831,5747,6060,4121,2631,5289,5327,6308,4039,1843,11120,11074,12368,8160,4474
"26125",2010,34848,38107,44275,27248,14641,33522,36092,41851,25655,13423,68370,74199,86126,52903,28064
"26139",2010,9468,10032,9320,5883,5629,8309,9998,9360,6322,6415,17777,20030,18680,12205,12044
"26145",2010,6225,6327,6957,4595,3736,5738,6274,6301,4181,3702,11963,12601,13258,8776,7438
"26147",2010,4710,5154,6541,3921,2373,4314,5238,5408,3427,2066,9024,10392,11949,7348,4439
"26155",2010,2142,2693,2534,1670,1280,2075,1552,3139,1549,949,4217,4245,5673,3219,2229
"26159",2010,2735,3187,2603,2087,1004,2004,3002,2339,1775,950,4739,6189,4942,3862,1954
"26161",2010,10143,10888,9804,6646,8959,9015,8776,10663,5993,8749,19158,19664,20467,12639,17708
"26163",2010,59898,65164,64700,44389,28525,58121,60972,63295,42905,27464,118019,126136,127995,87294,55989
"27003",2010,11679,11866,12647,7413,4421,10799,12175,11840,7600,4268,22478,24041,24487,15013,8689
"27019",2010,3301,4674,4035,2192,1112,3043,4036,3769,2083,809,6344,8710,7804,4275,1921
"27037",2010,14105,13167,16859,9623,4370,13554,13962,15336,8630,4575,27659,27129,32195,18253,8945
"27053",2010,38466,35491,37015,22051,14693,37508,33307,36247,21337,14413,75974,68798,73262,43388,29106
"27109",2010,5120,5239,3894,3531,1225,5979,5337,4681,2649,1524,11099,10576,8575,6180,2749
"27123",2010,17708,16539,15900,10418,8646,17105,15761,14860,9988,8614,34813,32300,30760,20406,17260
"27137",2010,5530,5385,5860,3818,3627,5278,4358,5585,3643,3736,10808,9743,11445,7461,7363
"27139",2010,5934,5803,5184,3235,1383,5160,5886,5302,2835,1615,11094,11689,10486,6070,2998
"27141",2010,3589,3432,4272,2252,1473,2963,4648,2856,1935,912,6552,8080,7128,4187,2385
"27145",2010,5406,4857,4557,2807,3684,5608,3838,5271,2590,3794,11014,8695,9828,5397,7478
"27163",2010,7270,8241,10348,5651,2457,8155,8688,10081,5217,2302,15425,16929,20429,10868,4759
"27171",2010,5599,5082,5943,2766,1455,4963,4908,5285,2878,1437,10562,9990,11228,5644,2892
"28033",2010,5630,5403,8605,3487,2246,5497,6604,5723,4722,2140,11127,12007,14328,8209,4386
"28035",2010,2831,2319,2402,1047,1803,2704,2267,2380,1757,2628,5535,4586,4782,2804,4431
"28047",2010,6991,7695,5563,3765,3457,6421,6043,5791,3485,2147,13412,13738,11354,7250,5604
"28049",2010,9478,8974,8818,5219,4121,8726,8155,9177,6005,4701,18204,17129,17995,11224,8822
"28059",2010,5286,4187,5644,3520,1921,4258,4463,5215,3019,1741,9544,8650,10859,6539,3662
"28067",2010,2783,2535,2303,1239,856,2179,3104,1951,1965,2037,4962,5639,4254,3204,2893
"28075",2010,2907,2374,3082,1322,1792,2806,2557,2820,2157,2343,5713,4931,5902,3479,4135
"28081",2010,2608,3448,2760,2086,1459,3556,3723,2159,1680,792,6164,7171,4919,3766,2251
"28089",2010,3754,3349,3717,2186,1346,3202,2697,4345,2174,1079,6956,6046,8062,4360,2425
"28121",2010,5541,5532,4838,2767,2245,4806,4853,4521,2759,1250,10347,10385,9359,5526,3495
"29019",2010,5221,4989,4692,2784,4267,5107,3979,5002,2489,5625,10328,8968,9694,5273,9892
"29021",2010,3026,3670,2036,1591,1649,3253,2562,2760,2038,1248,6279,6232,4796,3629,2897
"29031",2010,2916,1991,2459,1438,1356,2029,2954,1648,1303,1276,4945,4945,4107,2741,2632
"29037",2010,3488,3772,4005,2385,1235,3126,3919,3645,2130,978,6614,7691,7650,4515,2213
"29043",2010,2949,3135,3096,1865,907,2816,2595,3186,1622,583,5765,5730,6282,3487,1490
"29047",2010,8082,9910,6606,4421,2743,8125,7476,7903,4563,2593,16207,17386,14509,8984,5336
"29051",2010,2184,1789,2822,1432,2222,2182,2123,2093,1280,2192,4366,3912,4915,2712,4414
"29071",2010,3106,3498,3642,2351,1369,2971,3153,3759,2059,1246,6077,6651,7401,4410,2615
"29077",2010,8725,7271,9063,4680,4626,8005,8445,7419,4591,5595,16730,15716,16482,9271,10221
"29095",2010,24594,25624,19933,14239,8756,23207,23195,21560,13040,8646,47801,48819,41493,27279,17402
"29097",2010,4284,3976,4715,2600,1900,4927,4246,3369,2266,1559,9211,8222,8084,4866,3459
"29099",2010,7296,8504,7539,4765,3011,7079,8242,6743,4735,2915,14375,16746,14282,9500,5926
"29165",2010,2734,3147,3139,2090,1224,2651,2863,3600,1944,880,5385,6010,6739,4034,2104
"29183",2010,12367,13256,12927,7923,4918,11831,12371,14089,7759,4554,24198,25627,27016,15682,9472
"29187",2010,2149,2144,1877,1238,918,1362,2162,1987,1221,834,3511,4306,3864,2459,1752
"29189",2010,29950,30314,36204,22581,13590,28531,31228,32567,21759,12944,58481,61542,68771,44340,26534
"29510",2010,10441,8341,10111,5990,5542,10081,7834,8854,5917,4644,20522,16175,18965,11907,10186
"30013",2010,2803,2690,2699,1739,1276,2596,2097,2452,1489,991,5399,4787,5151,3228,2267
"30029",2010,2725,3513,2776,1957,1121,2635,2059,3573,1934,890,5360,5572,6349,3891,2011
"30031",2010,2903,2334,2514,1361,2596,3315,3335,1566,1330,2719,6218,5669,4080,2691,5315
"30063",2010,3138,3178,3035,2061,2154,3098,2920,2510,1577,1925,6236,6098,5545,3638,4079
"30111",2010,4975,4925,4594,2935,1551,5346,4412,4686,3008,1863,10321,9337,9280,5943,3414
"31055",2010,20242,17317,19909,10654,7578,19678,18097,17839,10608,7457,39920,35414,37748,21262,15035
"31109",2010,10389,8894,9389,4823,5564,9860,9747,7923,4853,5088,20249,18641,17312,9676,10652
"31153",2010,6988,7480,5669,3829,1914,6494,6547,5702,3360,1705,13482,14027,11371,7189,3619
"32003",2010,71083,67088,70788,41468,25778,67828,65578,65685,38669,24497,138911,132666,136473,80137,50275
"32031",2010,14052,16215,12013,8749,6065,13961,13323,12935,8203,6232,28013,29538,24948,16952,12297
"33005",2010,2002,2335,1864,1399,1599,1838,1728,2506,1381,2638,3840,4063,4370,2780,4237
"33009",2010,2221,1823,2886,1542,1805,2107,1780,2723,1495,1889,4328,3603,5609,3037,3694
"33011",2010,12105,13051,13853,8748,5177,11544,13217,13296,8208,5001,23649,26268,27149,16956,10178
"33013",2010,3710,3051,6682,3064,2065,3389,4406,3824,3440,2348,7099,7457,10506,6504,4413
"33015",2010,7428,9794,9720,6635,3262,7586,10963,8872,6295,2896,15014,20757,18592,12930,6158
"33017",2010,3549,3165,3967,2394,2882,3078,3850,2717,2296,3562,6627,7015,6684,4690,6444
"34001",2010,8393,9557,8627,5656,3492,8074,7248,10134,6214,3911,16467,16805,18761,11870,7403
"34003",2010,26012,29408,29900,18980,9969,24284,26521,30348,18878,9386,50296,55929,60248,37858,19355
"34005",2010,13579,13492,16292,9874,5578,12273,12626,16096,9499,4881,25852,26118,32388,19373,10459
"34007",2010,17001,17831,17431,11410,6970,16148,15986,17717,10990,6347,33149,33817,35148,22400,13317
"34009",2010,2329,2405,2174,2165,1209,1836,2658,2867,1702,1202,4165,5063,5041,3867,2411
"34011",2010,5407,5083,5311,3921,1756,5189,5734,4289,2721,1800,10596,10817,9600,6642,3556
"34013",2010,27441,26562,28151,17331,11151,26333,27383,25699,16235,10586,53774,53945,53850,33566,21737
"34015",2010,8976,10138,10444,6593,4261,8296,9320,10289,6235,3975,17272,19458,20733,12828,8236
"34017",2010,21698,18558,15446,10847,8533,20645,16729,15787,11134,6861,42343,35287,31233,21981,15394
"34019",2010,3102,5103,4198,2985,1738,2898,4129,4825,2929,983,6000,9232,9023,5914,2721
"34021",2010,11073,10385,13383,7724,6117,10412,11971,10771,7154,7312,21485,22356,24154,14878,13429
"34023",2010,25003,25241,27590,16842,12992,24841,25759,23886,16089,11113,49844,51000,51476,32931,24105
"34025",2010,17799,20671,23632,14734,8206,16922,21370,21015,14032,7158,34721,42041,44647,28766,15364
"34027",2010,14042,16586,18431,10990,6087,13193,14937,18613,10746,5419,27235,31523,37044,21736,11506
"34029",2010,19564,19020,19084,11424,6134,19218,16658,18978,10921,5880,38782,35678,38062,22345,12014
"34031",2010,17508,16231,18739,11031,8312,16599,17363,16124,10724,8246,34107,33594,34863,21755,16558
"34033",2010,1982,2152,2480,1398,928,1697,1506,2764,1512,931,3679,3658,5244,2910,1859
"34035",2010,9909,10896,13061,8313,3798,9353,11544,11242,6605,3341,19262,22440,24303,14918,7139
"34037",2010,3791,4174,6374,3572,1857,3858,4702,5603,3624,1588,7649,8876,11977,7196,3445
"34039",2010,18416,17545,19654,11569,7053,17429,18095,17443,11246,6408,35845,35640,37097,22815,13461
"34041",2010,2686,4508,3340,2402,1391,3362,3920,3393,1960,1238,6048,8428,6733,4362,2629
"35001",2010,22930,22002,22358,13094,9435,22223,21207,22018,13123,9375,45153,43209,44376,26217,18810
"35005",2010,2201,1893,2843,1277,869,2719,2365,2726,1728,787,4920,4258,5569,3005,1656
"35013",2010,8052,7312,8104,5293,4177,7936,7351,7677,4326,3859,15988,14663,15781,9619,8036
"35031",2010,2798,2943,3715,2049,1549,2761,2499,3385,2335,1650,5559,5442,7100,4384,3199
"35043",2010,4602,5485,4782,2725,2085,4597,5380,4561,3393,1776,9199,10865,9343,6118,3861
"35045",2010,5431,5171,5271,3242,2248,5402,5199,5036,2886,2172,10833,10370,10307,6128,4420
"35049",2010,4609,4341,4196,2941,1592,3872,4427,3914,2335,1512,8481,8768,8110,5276,3104
"35061",2010,2941,3068,2343,1545,1032,2748,2372,2941,1586,771,5689,5440,5284,3131,1803
"36001",2010,8034,7953,8917,6423,6410,7148,7534,9160,5086,6341,15182,15487,18077,11509,12751
"36005",2010,52378,50301,50674,34020,24695,50626,47112,49831,32980,23144,103004,97413,100505,67000,47839
"36007",2010,5150,6819,5498,3550,4691,4751,5224,5296,4194,4139,9901,12043,10794,7744,8830
"36009",2010,2449,2415,2721,2076,1433,2230,2242,2735,1538,1096,4679,4657,5456,3614,2529
"36011",2010,2099,2217,3008,1772,1021,1883,2544,2053,1597,1160,3982,4761,5061,3369,2181
"36013",2010,3472,3976,4645,2744,2822,3793,4020,4028,2710,2609,7265,7996,8673,5454,5431
"36015",2010,2956,3038,2950,1643,942,2365,2409,2889,1582,1059,5321,5447,5839,3225,2001
"36019",2010,1943,2231,2416,1732,1546,2129,2224,1905,1450,1764,4072,4455,4321,3182,3310
"36027",2010,7798,9786,9138,7165,5601,7441,9812,8947,5862,5120,15239,19598,18085,13027,10721
"36029",2010,25310,26287,30797,19257,13932,23633,26667,27701,18726,13853,48943,52954,58498,37983,27785
"36045",2010,5273,4451,3222,2286,1613,4479,4227,3376,2259,1170,9752,8678,6598,4545,2783
"36047",2010,90200,83073,77381,51155,35041,86934,77406,77261,49788,33889,177134,160479,154642,100943,68930
"36051",2010,1470,1984,1639,1292,1435,1537,2010,1978,1254,1636,3007,3994,3617,2546,3071
"36053",2010,2144,1778,2948,1576,1462,1931,1989,2628,1574,2274,4075,3767,5576,3150,3736
"36055",2010,21996,22911,24693,16277,13839,21277,21707,23808,15717,12133,43273,44618,48501,31994,25972
"36059",2010,37614,41619,49080,31264,17268,36061,41464,44633,29116,16065,73675,83083,93713,60380,33333
"36061",2010,39117,31294,29203,19239,17219,37429,30833,28172,18960,21766,76546,62127,57375,38199,38985
"36063",2010,5939,6394,6668,4451,3005,5366,5853,6564,4615,2966,11305,12247,13232,9066,5971
"36065",2010,6661,6860,7861,5032,3596,6373,7724,5985,4735,3189,13034,14584,13846,9767,6785
"36067",2010,14076,14087,16142,10014,7610,13364,14753,14479,10125,9357,27440,28840,30621,20139,16967
"36069",2010,2970,2897,4048,3034,1421,2524,3480,3193,2160,1586,5494,6377,7241,5194,3007
"36071",2010,13700,13557,15705,9457,6343,12844,13852,13848,8583,5648,26544,27409,29553,18040,11991
"36075",2010,3640,3792,3761,2808,2792,3496,3510,4020,3005,3693,7136,7302,7781,5813,6485
"36079",2010,2158,2857,4776,2796,1003,2656,3736,2712,2078,792,4814,6593,7488,4874,1795
"36081",2010,67395,61630,64869,42178,29738,64555,59027,61486,39868,26926,131950,120657,126355,82046,56664
"36083",2010,4213,4555,5156,3514,3596,4499,4480,4554,2725,2317,8712,9035,9710,6239,5913
"36085",2010,14526,13121,18107,10276,6887,13699,15319,14210,9646,6569,28225,28440,32317,19922,13456
"36087",2010,12366,12025,13000,7485,3955,11418,11933,11850,7487,4738,23784,23958,24850,14972,8693
"36089",2010,3257,3245,3174,2101,2902,3080,2870,3426,2137,3008,6337,6115,6600,4238,5910
"36091",2010,6357,7729,6831,4564,2869,6221,7242,6492,4156,2457,12578,14971,13323,8720,5326
"36093",2010,4823,5396,4952,3215,2243,4387,4644,4587,3420,2311,9210,10040,9539,6635,4554
"36101",2010,2998,3165,3460,2114,1493,2676,2763,3650,2036,1196,5674,5928,7110,4150,2689
"36103",2010,44105,44914,59723,34611,20893,41985,46101,53354,32573,18582,86090,91015,113077,67184,39475
"36105",2010,2672,2594,2784,1726,1003,1549,2229,2511,1265,894,4221,4823,5295,2991,1897
"36109",2010,2287,1873,2084,2621,4554,1940,2452,1568,1609,6385,4227,4325,3652,4230,10939
"36111",2010,4330,4175,5991,3943,3360,4486,6900,3460,3420,3375,8816,11075,9451,7363,6735
"36113",2010,1579,1630,2020,1267,789,1723,1031,2367,1260,741,3302,2661,4387,2527,1530
"36117",2010,2809,2995,2986,2044,1147,3347,3274,2552,2234,924,6156,6269,5538,4278,2071
"36119",2010,29240,31196,34629,21740,11872,27876,33806,29270,20071,11616,57116,65002,63899,41811,23488
"37001",2010,4940,6146,4418,2959,1989,4884,5782,4374,2604,2430,9824,11928,8792,5563,4419
"37019",2010,3274,3327,2395,775,1197,2992,3993,1434,2036,621,6266,7320,3829,2811,1818
"37021",2010,6669,7061,6764,4288,2599,6687,6419,6421,4466,2938,13356,13480,13185,8754,5537
"37023",2010,2539,2707,3107,2204,1659,2584,2425,2912,1645,903,5123,5132,6019,3849,2562
"37025",2010,6332,6896,6926,3413,2665,6673,7037,6785,4726,2105,13005,13933,13711,8139,4770
"37027",2010,2233,2176,3305,1783,1054,2473,1987,3241,1694,1296,4706,4163,6546,3477,2350
"37031",2010,1806,1960,1762,1716,1088,1371,1957,1591,430,600,3177,3917,3353,2146,1688
"37035",2010,4929,4706,5764,3378,2186,4430,5388,4775,3451,2215,9359,10094,10539,6829,4401
"37045",2010,3171,2654,3695,1755,1716,3206,3094,3714,1749,1452,6377,5748,7409,3504,3168
"37049",2010,4143,3256,2537,1756,1635,3505,3512,2634,2409,1799,7648,6768,5171,4165,3434
"37051",2010,13391,11175,11774,6911,5500,13314,10986,12020,6397,5323,26705,22161,23794,13308,10823
"37057",2010,4962,6308,6036,3592,2140,5004,4866,5178,2948,1585,9966,11174,11214,6540,3725
"37063",2010,10198,7508,8444,4858,4337,9547,9347,6145,4162,4547,19745,16855,14589,9020,8884
"37067",2010,12287,9833,14423,7384,5265,11446,11969,11078,7049,5928,23733,21802,25501,14433,11193
"37071",2010,6294,7095,7150,4385,3149,6649,6486,6558,4582,2527,12943,13581,13708,8967,5676
"37081",2010,15593,14918,17770,9976,8087,14837,15621,15935,9638,9426,30430,30539,33705,19614,17513
"37085",2010,4886,5058,4382,3024,2027,4265,4386,3720,2448,2139,9151,9444,8102,5472,4166
"37089",2010,3220,3843,1962,3001,1265,2833,3204,2908,992,1155,6053,7047,4870,3993,2420
"37097",2010,5004,5115,6977,3358,1947,4808,6213,5806,3280,2134,9812,11328,12783,6638,4081
"37101",2010,6241,7036,7174,4017,2507,6563,5285,7586,3275,1420,12804,12321,14760,7292,3927
"37109",2010,2261,2933,2721,1904,1006,2059,2568,2648,1383,938,4320,5501,5369,3287,1944
"37119",2010,35203,33597,31957,18398,11522,33749,33164,29977,17851,12483,68952,66761,61934,36249,24005
"37125",2010,2457,3249,2475,1723,1080,2994,2733,1976,1605,969,5451,5982,4451,3328,2049
"37127",2010,2347,3247,3668,2049,701,3531,2702,3377,1960,1097,5878,5949,7045,4009,1798
"37129",2010,5610,5781,5450,3405,3370,5846,6123,5040,3209,3915,11456,11904,10490,6614,7285
"37133",2010,9292,5840,5334,2897,5771,8289,4477,6382,2884,2465,17581,10317,11716,5781,8236
"37135",2010,3262,4668,4478,2473,2821,2991,3630,4269,2386,4677,6253,8298,8747,4859,7498
"37147",2010,5449,4863,5865,3202,4090,5523,5408,4364,3189,5983,10972,10271,10229,6391,10073
"37151",2010,4041,5944,4182,3184,1806,5199,4982,4775,2410,1627,9240,10926,8957,5594,3433
"37155",2010,5641,4770,4718,3368,2800,4575,5629,4946,2210,3453,10216,10399,9664,5578,6253
"37157",2010,3026,2837,2799,1817,1039,2131,2435,3656,1958,1176,5157,5272,6455,3775,2215
"37159",2010,4720,5453,4314,2511,1724,4315,4727,4163,2569,2465,9035,10180,8477,5080,4189
"37161",2010,1898,2812,1804,1425,1094,1870,1345,2419,1585,532,3768,4157,4223,3010,1626
"37171",2010,2422,1873,2587,1289,434,2014,3026,2472,1505,651,4436,4899,5059,2794,1085
"37179",2010,7490,8615,9854,4724,2675,7167,8066,9869,5187,2354,14657,16681,19723,9911,5029
"37183",2010,33684,33364,34008,18862,12624,32559,32757,32564,17897,13784,66243,66121,66572,36759,26408
"37191",2010,4079,4461,3942,2748,1861,4547,3827,3888,2691,1381,8626,8288,7830,5439,3242
"37193",2010,2212,2442,2554,1473,674,1621,1970,1954,1277,691,3833,4412,4508,2750,1365
"37195",2010,2869,2987,2340,1976,1437,2589,1936,3686,1663,1144,5458,4923,6026,3639,2581
"38015",2010,2804,2428,2522,1579,1422,2796,3014,1747,1653,1139,5600,5442,4269,3232,2561
"38017",2010,5716,4308,4633,2512,3022,4820,4318,3900,2488,2908,10536,8626,8533,5000,5930
"38035",2010,2335,2834,1207,1112,1828,1841,1735,1391,913,1377,4176,4569,2598,2025,3205
"39003",2010,3221,3749,3442,2291,2012,3377,3573,3812,1867,2055,6598,7322,7254,4158,4067
"39007",2010,3316,3172,3529,2128,1140,3397,2848,3511,2030,1071,6713,6020,7040,4158,2211
"39013",2010,1691,1699,2189,1347,643,1658,2334,1509,1380,720,3349,4033,3698,2727,1363
"39017",2010,13220,14894,12078,8241,6105,12054,12895,12202,7112,6340,25274,27789,24280,15353,12445
"39023",2010,4197,4793,4060,2944,1766,4450,4186,5191,2765,1853,8647,8979,9251,5709,3619
"39025",2010,6473,7063,7502,4295,2326,6799,7224,6836,4099,2335,13272,14287,14338,8394,4661
"39029",2010,2941,2810,4086,2515,1196,2877,2838,3344,2002,1241,5818,5648,7430,4517,2437
"39035",2010,37628,37353,43707,27977,17628,36987,35745,42809,26830,17040,74615,73098,86516,54807,34668
"39041",2010,6527,8268,6679,3742,1950,6246,7988,7444,3839,1720,12773,16256,14123,7581,3670
"39043",2010,2208,2973,2454,1463,986,2519,1937,2158,1340,654,4727,4910,4612,2803,1640
"39045",2010,4844,5747,5232,3393,1706,4597,4276,6747,3572,1688,9441,10023,11979,6965,3394
"39049",2010,42361,38783,38212,22524,18288,40990,38878,34793,22394,17472,83351,77661,73005,44918,35760
"39055",2010,2753,3179,4372,2329,506,2502,2820,3924,2402,848,5255,5999,8296,4731,1354
"39057",2010,4535,4817,5285,3864,3421,4009,3900,5305,3210,3400,8544,8717,10590,7074,6821
"39061",2010,26631,27356,25087,16779,12553,26555,25896,24727,15983,11843,53186,53252,49814,32762,24396
"39063",2010,2379,2764,1941,1542,135,2649,2197,2695,1381,1792,5028,4961,4636,2923,1927
"39081",2010,1495,2181,2120,1237,858,1700,1819,2045,1394,1337,3195,4000,4165,2631,2195
"39085",2010,6217,6901,7709,4510,2830,6216,7018,7661,4472,2395,12433,13919,15370,8982,5225
"39089",2010,5346,6750,5264,3437,2555,4975,5521,6247,3232,2347,10321,12271,11511,6669,4902
"39093",2010,9437,11388,9327,6480,4136,8810,10388,9618,6477,3696,18247,21776,18945,12957,7832
"39095",2010,15297,14209,14759,9565,6899,14575,16649,11429,9235,6765,29872,30858,26188,18800,13664
"39099",2010,6471,5394,8951,5155,3404,6432,6051,7652,4742,3254,12903,11445,16603,9897,6658
"39101",2010,1946,2197,1810,1395,475,1655,1874,1951,1350,708,3601,4071,3761,2745,1183
"39103",2010,4942,6507,6299,4094,1945,5043,6010,6711,3759,1815,9985,12517,13010,7853,3760
"39109",2010,3095,3809,3809,2403,1332,3006,2869,3864,2057,1153,6101,6678,7673,4460,2485
"39113",2010,16849,15532,19242,11278,7506,16265,15084,17974,10513,7307,33114,30616,37216,21791,14813
"39119",2010,2772,2923,2989,1827,1205,2430,2582,3309,1724,1130,5202,5505,6298,3551,2335
"39133",2010,4041,4652,5396,3628,3597,3423,4146,4704,3407,4369,7464,8798,10100,7035,7966
"39139",2010,3543,4642,3269,2318,1616,3850,3867,4279,2159,1511,7393,8509,7548,4477,3127
"39141",2010,2360,3394,1813,1556,820,2109,1970,2868,1459,768,4469,5364,4681,3015,1588
"39145",2010,2272,2320,2699,1764,1229,2137,2624,2316,1383,1032,4409,4944,5015,3147,2261
"39151",2010,11119,12004,12450,8520,5654,10675,12084,11517,6917,4983,21794,24088,23967,15437,10637
"39153",2010,16013,16153,19071,11487,7921,15694,16312,17430,11028,7269,31707,32465,36501,22515,15190
"39155",2010,5730,6255,7182,4209,2831,5851,6410,6887,4085,2601,11581,12665,14069,8294,5432
"39157",2010,2743,2575,3819,2121,1009,2608,2457,3624,1836,1257,5351,5032,7443,3957,2266
"39165",2010,7297,9650,8926,4667,2724,6805,7444,8951,4891,1871,14102,17094,17877,9558,4595
"39169",2010,4048,4037,4201,2609,1942,3626,3665,4418,2564,1722,7674,7702,8619,5173,3664
"39173",2010,3458,4442,3655,2649,3960,3325,3810,3162,2743,5476,6783,8252,6817,5392,9436
"40017",2010,4458,4769,4198,2192,1588,4283,4918,4110,2309,1121,8741,9687,8308,4501,2709
"40027",2010,9050,8976,8128,5160,4388,7813,8750,7263,4208,5088,16863,17726,15391,9368,9476
"40031",2010,4441,4700,3809,2110,3331,4902,4622,4086,2656,2084,9343,9322,7895,4766,5415
"40037",2010,2531,2875,2252,1349,908,2010,2223,2986,1264,845,4541,5098,5238,2613,1753
"40101",2010,2426,2051,2825,1357,699,2394,2650,2764,1054,1140,4820,4701,5589,2411,1839
"40109",2010,28515,25157,25346,14222,9663,27110,24364,23712,13415,9596,55625,49521,49058,27637,19259
"40119",2010,1978,2766,2020,1312,1690,2104,1313,1989,815,3278,4082,4079,4009,2127,4968
"40125",2010,2477,2491,2812,1510,1223,2214,2281,2428,1147,2116,4691,4772,5240,2657,3339
"40131",2010,2687,3317,3140,2238,896,3046,2754,3688,1782,1214,5733,6071,6828,4020,2110
"40143",2010,23028,21631,21955,12524,8329,21674,20592,20694,12129,8263,44702,42223,42649,24653,16592
"40145",2010,2314,2811,2936,1306,365,2666,3247,2420,1829,1373,4980,6058,5356,3135,1738
"41003",2010,2204,2020,2338,1470,2717,1557,2004,2403,1376,2855,3761,4024,4741,2846,5572
"41005",2010,11095,11879,14393,8589,4756,10014,11874,14087,7393,4082,21109,23753,28480,15982,8838
"41017",2010,4553,5249,4853,3808,2357,4626,4377,5600,3127,1479,9179,9626,10453,6935,3836
"41019",2010,3167,2620,3573,2011,1315,2469,2827,3412,2057,1366,5636,5447,6985,4068,2681
"41029",2010,6535,6590,5822,3993,2375,5789,6748,5369,3392,2537,12324,13338,11191,7385,4912
"41033",2010,2024,1964,2749,1650,1012,1760,2383,2516,1974,416,3784,4347,5265,3624,1428
"41035",2010,1482,2746,1414,1446,957,2052,1642,2241,1152,654,3534,4388,3655,2598,1611
"41039",2010,9012,8151,11680,6700,6259,8534,8203,10291,6868,7105,17546,16354,21971,13568,13364
"41043",2010,4681,3642,4641,2214,1260,3236,3232,4254,2276,1446,7917,6874,8895,4490,2706
"41047",2010,12068,12222,11347,7009,4797,11115,12899,10032,6627,4480,23183,25121,21379,13636,9277
"41051",2010,23237,20973,20912,12642,8906,23229,21486,17402,11121,8153,46466,42459,38314,23763,17059
"41053",2010,3206,2502,2603,1522,1054,2037,2663,2030,1810,1542,5243,5165,4633,3332,2596
"41059",2010,2690,2833,2944,1641,1239,2797,2343,3204,1632,1196,5487,5176,6148,3273,2435
"41067",2010,19648,19797,19482,11305,6200,18504,19789,17333,10433,5269,38152,39586,36815,21738,11469
"41071",2010,3244,3637,3822,2174,1659,3086,2694,3852,1952,1718,6330,6331,7674,4126,3377
"42001",2010,2671,3219,3294,1968,1397,2789,2944,3548,1993,1558,5460,6163,6842,3961,2955
"42003",2010,32391,31452,36109,23263,17614,31171,30314,34425,21870,17208,63562,61766,70534,45133,34822
"42005",2010,1746,1707,2331,1410,761,1697,1836,2159,1286,712,3443,3543,4490,2696,1473
"42007",2010,4573,4855,5179,3509,2130,4194,4579,4576,3051,1933,8767,9434,9755,6560,4063
"42011",2010,12815,13726,14291,9387,6950,12361,12584,14468,8552,6777,25176,26310,28759,17939,13727
"42013",2010,3507,3961,3962,2722,2580,3338,3621,3155,2533,1938,6845,7582,7117,5255,4518
"42017",2010,17329,20721,21488,13908,7454,16601,18387,21783,12904,6960,33930,39108,43271,26812,14414
"42019",2010,5164,5624,6422,4012,2593,4852,5552,5745,3670,3019,10016,11176,12167,7682,5612
"42021",2010,3457,3512,4085,2686,2080,3920,4250,3880,2382,2149,7377,7762,7965,5068,4229
"42025",2010,1745,1988,2182,1452,643,2028,1913,1503,1041,558,3773,3901,3685,2493,1201
"42027",2010,3682,4086,2707,2142,8217,2945,3203,3628,1952,8237,6627,7289,6335,4094,16454
"42029",2010,15903,18917,17010,11973,6706,15124,16536,18034,10226,7537,31027,35453,35044,22199,14243
"42033",2010,2169,2246,2425,1635,906,1900,2302,2152,1499,924,4069,4548,4577,3134,1830
"42037",2010,1585,1749,1919,1192,1520,1810,1465,1649,1159,2378,3395,3214,3568,2351,3898
"42039",2010,2487,2413,3168,1889,1380,2476,2523,2712,1699,1338,4963,4936,5880,3588,2718
"42041",2010,6353,7323,7137,4319,3872,5969,6560,6360,4689,4762,12322,13883,13497,9008,8634
"42043",2010,8607,8647,8700,6009,3332,8117,8163,8306,5569,3063,16724,16810,17006,11578,6395
"42045",2010,17233,18403,17900,13295,9754,16901,18258,16578,11645,9452,34134,36661,34478,24940,19206
"42049",2010,8020,8769,9312,6244,4969,8629,7877,8846,5493,5599,16649,16646,18158,11737,10568
"42051",2010,3323,3680,4175,2772,1416,3433,4393,3426,2383,1736,6756,8073,7601,5155,3152
"42055",2010,5217,5790,4802,2987,2348,4489,4217,5009,3110,2083,9706,10007,9811,6097,4431
"42063",2010,2358,2203,2566,1420,2583,2096,2356,2063,1595,2509,4454,4559,4629,3015,5092
"42069",2010,5876,4777,7196,4026,3158,5461,6464,5222,4106,3044,11337,11241,12418,8132,6202
"42071",2010,17741,19245,17402,11101,7604,17073,17438,17429,11030,8162,34814,36683,34831,22131,15766
"42073",2010,2180,2376,2775,1830,1380,2295,2804,3337,1886,1130,4475,5180,6112,3716,2510
"42075",2010,4085,3928,4349,2966,1558,4359,3806,4751,2303,1808,8444,7734,9100,5269,3366
"42077",2010,11215,12309,11617,7718,4724,9978,10944,11425,7583,4743,21193,23253,23042,15301,9467
"42079",2010,8114,8389,9520,6411,4274,8516,9727,7774,6140,4936,16630,18116,17294,12551,9210
"42081",2010,3258,3898,3109,2288,2280,2976,3574,3174,2000,1713,6234,7472,6283,4288,3993
"42085",2010,3099,3640,3692,2674,1701,3405,3105,3312,2400,1895,6504,6745,7004,5074,3596
"42089",2010,4418,6121,5633,4704,3375,4339,5430,6025,3737,3137,8757,11551,11658,8441,6512
"42091",2010,24208,24956,27456,17311,9643,23000,26019,24438,15890,9519,47208,50975,51894,33201,19162
"42095",2010,8314,8630,10150,6168,5203,7831,8732,9469,5873,4607,16145,17362,19619,12041,9810
"42097",2010,3156,2716,2347,2221,1208,2311,2750,2581,1583,929,5467,5466,4928,3804,2137
"42101",2010,51505,48263,44078,30592,27619,49653,43755,45065,30459,28888,101158,92018,89143,61051,56507
"42107",2010,3886,3800,4658,2855,1657,3736,3880,4132,2704,1547,7622,7680,8790,5559,3204
"42111",2010,1889,2288,2146,1414,834,1807,2026,2125,1352,759,3696,4314,4271,2766,1593
"42125",2010,5555,6040,5983,4220,3283,5364,5135,6665,3605,3219,10919,11175,12648,7825,6502
"42129",2010,8924,10390,10213,7291,4751,8338,10512,9784,6888,4410,17262,20902,19997,14179,9161
"42133",2010,13670,14987,14853,9086,6095,12465,14039,13500,9306,5309,26135,29026,28353,18392,11404
"44003",2010,4380,4689,5480,3115,1869,3679,5139,4238,3444,1608,8059,9828,9718,6559,3477
"44005",2010,2069,1867,2261,1770,1093,2071,2113,2291,1587,1087,4140,3980,4552,3357,2180
"44007",2010,19034,18866,19870,12963,11473,18034,16880,19586,12537,12678,37068,35746,39456,25500,24151
"44009",2010,2750,4262,3781,2434,2943,2900,4281,3034,2300,3118,5650,8543,6815,4734,6061
"45003",2010,4999,5288,5551,3000,2600,4970,4371,5599,3227,2781,9969,9659,11150,6227,5381
"45007",2010,5980,5781,7317,3596,2389,5957,6298,6184,3657,2359,11937,12079,13501,7253,4748
"45013",2010,5857,5694,3480,2055,4093,4921,4314,5376,2708,1889,10778,10008,8856,4763,5982
"45015",2010,6946,6757,5271,3465,3337,5980,6034,5775,3437,2656,12926,12791,11046,6902,5993
"45019",2010,11340,9547,9356,5659,5754,11796,9492,10152,5597,5926,23136,19039,19508,11256,11680
"45031",2010,2270,1918,2724,853,1237,2071,2825,1810,2142,1041,4341,4743,4534,2995,2278
"45035",2010,5104,5430,5101,3364,2299,4726,4032,6276,3363,1712,9830,9462,11377,6727,4011
"45041",2010,4542,4079,5274,3017,1845,4749,4049,5193,2868,1948,9291,8128,10467,5885,3793
"45045",2010,16011,15011,15357,9674,6453,15487,14335,14985,8696,6441,31498,29346,30342,18370,12894
"45047",2010,2385,2112,2477,815,744,2330,2562,2900,894,1623,4715,4674,5377,1709,2367
"45051",2010,7429,7542,7835,4389,3721,7621,8211,6719,4579,3814,15050,15753,14554,8968,7535
"45057",2010,2792,2122,2956,1676,1206,2353,2017,2714,1225,907,5145,4139,5670,2901,2113
"45059",2010,1861,1827,2496,1614,1111,2469,1936,1881,1303,1329,4330,3763,4377,2917,2440
"45063",2010,8738,10406,8315,5484,3243,8887,7725,9861,4923,2930,17625,18131,18176,10407,6173
"45073",2010,2196,2141,1656,1459,526,1792,2374,2186,1696,298,3988,4515,3842,3155,824
"45075",2010,2998,2285,3763,1376,1841,3337,2823,2549,2584,2324,6335,5108,6312,3960,4165
"45077",2010,3638,3208,3449,2014,3762,3284,3014,3737,2011,3388,6922,6222,7186,4025,7150
"45079",2010,12615,10774,13235,7697,8733,12199,11242,12545,7562,8602,24814,22016,25780,15259,17335
"45083",2010,8917,9622,11136,6223,4739,9150,9784,8763,5731,4887,18067,19406,19899,11954,9626
"45085",2010,4357,3996,3426,2340,2254,4048,4691,3272,2235,1763,8405,8687,6698,4575,4017
"45091",2010,7679,8009,8740,5106,3068,7704,8418,7739,4372,3763,15383,16427,16479,9478,6831
"46099",2010,6405,5958,5900,3643,2494,6587,4700,5796,3471,3191,12992,10658,11696,7114,5685
"46103",2010,4158,2420,4305,2281,1424,3186,3268,3184,1683,1224,7344,5688,7489,3964,2648
"47001",2010,2258,2659,2242,1401,986,1900,2578,2356,1447,788,4158,5237,4598,2848,1774
"47009",2010,3462,4658,3658,2523,1408,3124,3022,4683,2280,1292,6586,7680,8341,4803,2700
"47011",2010,3127,3125,3770,1714,1249,2842,3930,2563,1704,2756,5969,7055,6333,3418,4005
"47037",2010,22804,17747,18684,10336,10364,21751,19035,16213,9720,9203,44555,36782,34897,20056,19567
"47059",2010,1709,2374,2428,1231,1028,1589,2401,1272,1161,719,3298,4775,3700,2392,1747
"47065",2010,9939,9413,10772,6343,4596,10595,8416,10820,6221,5509,20534,17829,21592,12564,10105
"47093",2010,13247,13944,13119,8118,7276,12805,12319,12938,7999,6411,26052,26263,26057,16117,13687
"47113",2010,3252,2284,4200,2334,1715,3207,2591,3624,2099,1678,6459,4875,7824,4433,3393
"47119",2010,2854,2963,2304,2192,833,2612,3070,3084,581,1263,5466,6033,5388,2773,2096
"47125",2010,7791,5765,7314,3445,2684,7426,6044,6782,3513,2276,15217,11809,14096,6958,4960
"47141",2010,2158,1748,2269,1146,1872,2260,2633,1556,1591,1449,4418,4381,3825,2737,3321
"47147",2010,2058,2288,2999,1617,1139,2084,1417,3338,1189,791,4142,3705,6337,2806,1930
"47149",2010,9813,9322,10399,6096,4772,9524,9215,9205,5210,4744,19337,18537,19604,11306,9516
"47155",2010,2880,3273,2636,1868,1066,2275,2979,2332,1720,794,5155,6252,4968,3588,1860
"47157",2010,33972,32865,35148,21867,14651,32744,31259,34725,21716,13681,66716,64124,69873,43583,28332
"47163",2010,3749,4358,4983,2924,1794,3955,4992,4983,2947,1707,7704,9350,9966,5871,3501
"47165",2010,5776,5370,5692,3461,2559,6094,5196,5849,3220,1977,11870,10566,11541,6681,4536
"47179",2010,3034,3008,4445,2049,1856,3348,2733,3864,2326,2366,6382,5741,8309,4375,4222
"47187",2010,6308,8481,7483,4649,2208,6200,8352,7550,4945,1554,12508,16833,15033,9594,3762
"47189",2010,3742,4603,4143,2663,1402,3209,4063,3850,2362,1236,6951,8666,7993,5025,2638
"48005",2010,3031,2674,4005,2224,855,3388,3956,2653,1283,1329,6419,6630,6658,3507,2184
"48021",2010,2314,3930,2745,1508,461,2538,3587,2043,1107,1378,4852,7517,4788,2615,1839
"48027",2010,14899,12832,11069,6548,3973,14395,10782,12108,6457,4451,29294,23614,23177,13005,8424
"48029",2010,66684,68696,63436,39337,29433,63802,62159,65686,37485,26722,130486,130855,129122,76822,56155
"48037",2010,3012,2982,3303,1806,1902,3078,2722,3396,2121,285,6090,5704,6699,3927,2187
"48039",2010,12422,12467,12348,7479,3883,12259,10899,12777,6628,3560,24681,23366,25125,14107,7443
"48041",2010,6421,5455,5329,3527,8258,6167,5542,4996,2474,9294,12588,10997,10325,6001,17552
"48061",2010,18467,18710,20651,11437,7122,17412,18665,18604,10818,6405,35879,37375,39255,22255,13527
"48085",2010,30241,36498,30269,18341,9419,29089,32245,32258,17209,8956,59330,68743,62527,35550,18375
"48091",2010,3138,3639,4268,2421,1478,3012,2909,4282,2100,616,6150,6548,8550,4521,2094
"48099",2010,3248,2817,2894,1155,973,3275,3365,2744,1442,1162,6523,6182,5638,2597,2135
"48113",2010,99142,93819,88934,53471,33378,94129,88111,87735,50857,31156,193271,181930,176669,104328,64534
"48121",2010,25721,23316,30304,15184,9340,24292,27075,24340,13236,10508,50013,50391,54644,28420,19848
"48135",2010,6177,6356,5113,2717,2411,5714,5536,4807,3511,1578,11891,11892,9920,6228,3989
"48139",2010,5550,6138,6721,4042,2273,5396,5733,6345,3596,2533,10946,11871,13066,7638,4806
"48141",2010,32866,35005,33827,21756,13946,31563,33168,32815,20479,13375,64429,68173,66642,42235,27321
"48157",2010,22568,25925,25496,15750,8026,21502,25313,23654,14869,7091,44070,51238,49150,30619,15117
"48167",2010,9971,9754,11497,6667,4257,10071,9389,10985,6055,3475,20042,19143,22482,12722,7732
"48181",2010,3711,3125,5094,2736,1760,4353,3713,4383,2212,1573,8064,6838,9477,4948,3333
"48183",2010,4675,4587,4033,2938,3612,4295,3778,4353,2201,2260,8970,8365,8386,5139,5872
"48187",2010,5016,4696,6106,3412,2533,4173,5136,5033,3041,2200,9189,9832,11139,6453,4733
"48201",2010,171421,163662,158447,94416,60416,165522,159744,148145,89706,55202,336943,323406,306592,184122,115618
"48203",2010,2305,2554,2373,1981,1186,2377,2301,2136,935,895,4682,4855,4509,2916,2081
"48209",2010,5206,6033,4871,3152,4106,5163,5286,5855,3050,5024,10369,11319,10726,6202,9130
"48213",2010,2020,2823,2585,1433,1464,2412,1890,2926,1642,1177,4432,4713,5511,3075,2641
"48215",2010,37214,43564,34423,22478,13472,37423,38370,36080,20723,13335,74637,81934,70503,43201,26807
"48231",2010,2760,2843,3385,1726,1287,3356,3185,2657,1734,1197,6116,6028,6042,3460,2484
"48245",2010,8717,8107,8145,5828,4276,8457,8569,6956,5419,3624,17174,16676,15101,11247,7900
"48251",2010,5582,6030,5945,3878,1815,5048,5328,5891,3180,2292,10630,11358,11836,7058,4107
"48257",2010,3857,4429,4320,2671,2049,3928,4731,3512,2404,975,7785,9160,7832,5075,3024
"48291",2010,2646,2913,2636,1848,726,2859,3029,2107,1423,961,5505,5942,4743,3271,1687
"48303",2010,10368,9447,9423,5699,9313,9929,8799,9409,4910,6915,20297,18246,18832,10609,16228
"48309",2010,8558,8433,8083,5360,5149,8391,7982,8322,4890,5698,16949,16415,16405,10250,10847
"48329",2010,5506,4764,5805,2977,2804,5186,4701,5212,3170,1855,10692,9465,11017,6147,4659
"48339",2010,17258,17579,18475,10784,5602,16152,17976,18185,10336,5661,33410,35555,36660,21120,11263
"48355",2010,12429,12049,13708,7312,4663,11912,12225,11956,6864,5020,24341,24274,25664,14176,9683
"48361",2010,2544,3847,2334,2332,1089,2618,2608,3391,1125,865,5162,6455,5725,3457,1954
"48367",2010,3817,4381,4125,2646,1651,3247,4233,4104,2500,1999,7064,8614,8229,5146,3650
"48375",2010,5429,4637,4853,2615,1178,4723,4547,4458,2366,2715,10152,9184,9311,4981,3893
"48381",2010,4251,4560,4179,2835,2571,3922,4612,3541,2294,1954,8173,9172,7720,5129,4525
"48397",2010,2631,3058,4365,1586,1086,2873,4167,3037,1817,569,5504,7225,7402,3403,1655
"48409",2010,2503,2921,2508,1791,984,2279,2507,2300,1376,1227,4782,5428,4808,3167,2211
"48423",2010,7777,8445,7069,4758,3583,7225,7648,7045,4269,3556,15002,16093,14114,9027,7139
"48439",2010,73408,74167,70658,41329,25404,70228,70965,68281,39963,24457,143636,145132,138939,81292,49861
"48441",2010,5257,3739,5029,2323,3027,4747,3858,5032,2334,2674,10004,7597,10061,4657,5701
"48451",2010,3914,3966,3389,2004,2129,3705,4056,2768,2130,2925,7619,8022,6157,4134,5054
"48453",2010,38706,38001,30845,18405,16155,37354,34841,30865,17542,15293,76060,72842,61710,35947,31448
"48469",2010,3545,3786,2940,1921,1295,3118,3333,2876,1715,734,6663,7119,5816,3636,2029
"48471",2010,1411,1566,1535,1167,1064,1744,1716,1451,804,1432,3155,3282,2986,1971,2496
"48479",2010,12488,12981,12256,7198,4450,12037,12420,11673,7031,4392,24525,25401,23929,14229,8842
"48485",2010,4432,4357,4622,2605,2365,4038,3756,4425,2016,1993,8470,8113,9047,4621,4358
"48491",2010,16997,17515,18261,9777,5062,17119,14582,19424,8800,4855,34116,32097,37685,18577,9917
"49005",2010,6219,5160,4624,2876,1882,5243,4406,5001,2345,3003,11462,9566,9625,5221,4885
"49011",2010,16418,15819,14345,8391,4312,15042,13859,14397,7408,4022,31460,29678,28742,15799,8334
"49035",2010,46835,43025,41191,23320,14632,43316,40647,39936,22038,14661,90151,83672,81127,45358,29293
"49049",2010,30075,28797,22127,13030,10702,28548,25708,22618,11987,12597,58623,54505,44745,25017,23299
"49053",2010,6236,5759,6047,2842,2272,6299,6397,5270,2860,2609,12535,12156,11317,5702,4881
"49057",2010,10627,9606,9819,5690,3670,10216,9763,8167,5139,3228,20843,19369,17986,10829,6898
"50007",2010,4051,4212,4681,3120,3704,3730,3739,4750,2934,3897,7781,7951,9431,6054,7601
"51003",2010,2241,2584,3465,1689,1873,2463,4010,3029,1785,2640,4704,6594,6494,3474,4513
"51013",2010,6241,4968,4085,1750,1230,5585,4760,3812,1645,1187,11826,9728,7897,3395,2417
"51015",2010,2312,2057,2141,1570,900,1750,1841,2597,1266,742,4062,3898,4738,2836,1642
"51019",2010,1830,1870,1950,1030,513,1686,2221,2469,1402,939,3516,4091,4419,2432,1452
"51041",2010,10324,10592,13449,8174,4817,9514,11423,11484,7301,4376,19838,22015,24933,15475,9193
"51059",2010,37338,38184,36422,23128,11946,35718,35840,35314,21364,10568,73056,74024,71736,44492,22514
"51061",2010,2107,2506,2483,1575,347,1361,2027,2358,1725,704,3468,4533,4841,3300,1051
"51069",2010,2297,1911,3918,1725,880,2969,2516,2757,1443,745,5266,4427,6675,3168,1625
"51085",2010,3318,3574,4094,2617,1287,2240,3245,3558,2524,1266,5558,6819,7652,5141,2553
"51087",2010,10415,9927,11185,6513,3452,10083,10741,9271,6140,3163,20498,20668,20456,12653,6615
"51095",2010,1551,1693,1887,2201,1158,1322,1743,2327,1341,408,2873,3436,4214,3542,1566
"51107",2010,14229,14575,13126,6953,2687,13868,14837,12120,6675,2767,28097,29412,25246,13628,5454
"51121",2010,2172,2157,1921,1215,6203,2156,2337,1850,1079,5645,4328,4494,3771,2294,11848
"51153",2010,17138,17181,16206,9494,6803,16375,16526,15199,9115,5039,33513,33707,31405,18609,11842
"51161",2010,2724,2402,3107,1684,976,2579,3016,2943,1998,1224,5303,5418,6050,3682,2200
"51165",2010,2613,2350,2768,1547,1145,2248,2021,3108,1371,1155,4861,4371,5876,2918,2300
"51177",2010,4158,5194,5407,3376,1263,4218,3431,5345,2964,1748,8376,8625,10752,6340,3011
"51179",2010,4284,4105,6816,3943,1587,4372,4640,5474,3723,1586,8656,8745,12290,7666,3173
"51199",2010,1415,2315,2460,2380,947,1951,2760,2313,1851,770,3366,5075,4773,4231,1717
"51510",2010,5385,3652,2226,1619,887,4613,3907,1800,920,947,9998,7559,4026,2539,1834
"51550",2010,7367,7472,9084,5678,3570,6698,7355,8589,5062,3152,14065,14827,17673,10740,6722
"51650",2010,4516,4046,4728,2677,2279,4506,2640,5275,2750,2511,9022,6686,10003,5427,4790
"51680",2010,2442,1776,2063,1885,2334,2405,1881,1854,1246,3429,4847,3657,3917,3131,5763
"51700",2010,7245,6112,5346,3385,7183,6429,5999,5676,3413,2687,13674,12111,11022,6798,9870
"51710",2010,8588,6666,6720,3755,5325,7896,7243,5902,3707,5081,16484,13909,12622,7462,10406
"51740",2010,3637,3334,2519,2290,1506,3372,3313,2669,1458,1419,7009,6647,5188,3748,2925
"51760",2010,6467,5539,4378,2913,4742,6358,4985,4435,2922,6773,12825,10524,8813,5835,11515
"51770",2010,3319,2510,2768,1870,1171,4095,2690,2469,1240,1504,7414,5200,5237,3110,2675
"51800",2010,3068,2881,3535,2156,1534,2883,3041,2982,1627,1358,5951,5922,6517,3783,2892
"51810",2010,14939,15887,13650,9774,6264,14206,12636,15374,9140,5567,29145,28523,29024,18914,11831
"53005",2010,6751,5413,7908,4853,2087,6341,7065,5818,3731,2204,13092,12478,13726,8584,4291
"53007",2010,2469,2389,2866,1887,387,2297,1897,3134,1188,1001,4766,4286,6000,3075,1388
"53009",2010,2407,1420,2072,1268,930,1417,1949,1687,1145,665,3824,3369,3759,2413,1595
"53011",2010,14954,17622,15250,9889,6131,14402,13201,18198,9323,5558,29356,30823,33448,19212,11689
"53015",2010,3458,4035,3206,1922,1306,2871,3633,3330,2038,713,6329,7668,6536,3960,2019
"53021",2010,4557,4841,3049,1817,1042,4037,3923,3145,1968,606,8594,8764,6194,3785,1648
"53025",2010,4475,2504,5182,2277,1122,3804,3769,3403,2054,1002,8279,6273,8585,4331,2124
"53027",2010,2177,1697,2600,1333,871,1903,2719,1584,1329,674,4080,4416,4184,2662,1545
"53029",2010,2478,2284,2137,1287,823,2245,2017,2172,1726,329,4723,4301,4309,3013,1152
"53033",2010,61755,59519,56041,35389,24771,58833,57619,51582,33878,23189,120588,117138,107623,69267,47960
"53035",2010,8014,6610,8848,5660,4594,6878,6830,8843,4919,3487,14892,13440,17691,10579,8081
"53041",2010,2100,2471,3043,1896,1126,2058,2423,2213,1451,857,4158,4894,5256,3347,1983
"53053",2010,27801,27904,27642,17067,11219,27175,24669,28389,16599,10978,54976,52573,56031,33666,22197
"53057",2010,3725,3836,3929,2479,1178,3723,3306,4062,2540,1476,7448,7142,7991,5019,2654
"53061",2010,24195,24273,24718,15892,9748,22831,24929,22323,15036,8550,47026,49202,47041,30928,18298
"53063",2010,14736,16441,14788,9253,7440,15163,14817,14635,9567,8102,29899,31258,29423,18820,15542
"53067",2010,8536,6705,9675,5387,3798,7264,9533,6135,4987,3224,15800,16238,15810,10374,7022
"53073",2010,5733,5274,6994,3864,3662,5055,5955,5581,3793,4069,10788,11229,12575,7657,7731
"53077",2010,11014,11060,9322,6154,3854,10764,10295,10092,5814,3414,21778,21355,19414,11968,7268
"54003",2010,3279,2625,4622,2101,1034,3851,4198,3592,2193,1087,7130,6823,8214,4294,2121
"54011",2010,2981,2346,3094,1473,1395,2425,2076,3062,1432,2455,5406,4422,6156,2905,3850
"54033",2010,2242,1796,2418,1393,739,1812,2375,1655,1464,683,4054,4171,4073,2857,1422
"54039",2010,5273,6077,4925,3358,2308,5435,6577,4922,3198,2314,10708,12654,9847,6556,4622
"54061",2010,2275,2219,2053,1512,3979,1897,2260,1636,1297,3678,4172,4479,3689,2809,7657
"54081",2010,2197,1696,2544,1518,366,2224,2324,2658,1218,593,4421,4020,5202,2736,959
"54107",2010,2459,2608,2983,1688,1033,2460,3071,2039,1642,963,4919,5679,5022,3330,1996
"55009",2010,9392,8942,9267,4959,3746,7972,9295,7250,4780,4688,17364,18237,16517,9739,8434
"55025",2010,15619,15766,14446,8901,7827,14675,14526,14059,8210,8345,30294,30292,28505,17111,16172
"55027",2010,2641,2994,2599,1716,985,2324,2900,2605,1802,835,4965,5894,5204,3518,1820
"55035",2010,3706,3532,2255,1605,1985,2969,2298,2858,1872,2804,6675,5830,5113,3477,4789
"55039",2010,3011,3066,3703,1942,1587,2674,2716,3993,2016,1480,5685,5782,7696,3958,3067
"55055",2010,2347,2553,3555,1856,1802,2439,2358,2814,1873,1473,4786,4911,6369,3729,3275
"55059",2010,5384,6191,6276,4064,2883,5457,5250,6262,3500,2305,10841,11441,12538,7564,5188
"55063",2010,3709,3318,3586,2244,2581,2969,4129,2360,1869,3125,6678,7447,5946,4113,5706
"55071",2010,2595,2403,2704,2011,1079,2142,2164,2442,1757,953,4737,4567,5146,3768,2032
"55073",2010,4399,3483,5913,2883,1960,4310,4522,4426,2860,1706,8709,8005,10339,5743,3666
"55079",2010,35268,33772,31000,19818,15232,33787,29608,33396,19603,15336,69055,63380,64396,39421,30568
"55087",2010,6569,6348,6337,3970,2591,5403,5848,6455,3477,2098,11972,12196,12792,7447,4689
"55089",2010,2448,2207,3750,1905,1245,2391,2646,2950,1774,973,4839,4853,6700,3679,2218
"55097",2010,1913,1844,1944,1185,1517,1756,2358,2109,1414,1600,3669,4202,4053,2599,3117
"55101",2010,6600,6652,7286,4585,3016,6510,6073,7138,3800,2078,13110,12725,14424,8385,5094
"55105",2010,5312,6123,5424,3128,2091,5006,5402,5707,3954,2026,10318,11525,11131,7082,4117
"55109",2010,2936,3591,3267,1758,888,3086,2642,3876,1741,771,6022,6233,7143,3499,1659
"55117",2010,3423,4430,4041,2637,1434,3339,3765,3462,2507,1274,6762,8195,7503,5144,2708
"55127",2010,3138,2332,4872,1989,1696,2938,2984,3658,2148,1731,6076,5316,8530,4137,3427
"55131",2010,4027,4615,4497,3094,1487,4049,3964,5132,3346,1319,8076,8579,9629,6440,2806
"55133",2010,10232,12732,15339,8736,4814,10680,11266,15723,8749,3947,20912,23998,31062,17485,8761
"55139",2010,4802,4453,5311,3179,2985,4208,4928,4863,2960,2731,9010,9381,10174,6139,5716
"55141",2010,2228,2133,2648,1757,1022,2035,2356,2154,1635,716,4263,4489,4802,3392,1738
"56021",2010,3199,2742,3639,1497,1307,3669,3409,2735,1484,1081,6868,6151,6374,2981,2388
"56025",2010,2713,2840,2205,1656,962,2681,2173,2301,1300,1080,5394,5013,4506,2956,2042
"72013",2010,2681,3206,3228,2214,1496,2580,2516,3495,2117,1399,5261,5722,6723,4331,2895
"72021",2010,6046,6549,6993,4578,3211,5484,5781,6952,4316,2852,11530,12330,13945,8894,6063
"72025",2010,4324,4757,5184,3261,2103,4188,4677,4699,3234,2011,8512,9434,9883,6495,4114
"72031",2010,5129,5369,6198,4033,2557,4834,5755,5232,3900,2688,9963,11124,11430,7933,5245
"72061",2010,2574,3253,2824,2074,1341,2422,2777,2987,2024,1283,4996,6030,5811,4098,2624
"72097",2010,2407,2459,2516,1757,2180,2188,2651,2204,1668,2078,4595,5110,4720,3425,4258
"72113",2010,5351,6240,5246,3786,2741,5049,4961,5940,3777,2660,10400,11201,11186,7563,5401
"72127",2010,11344,12156,11846,7866,5296,11166,10331,12924,7646,5854,22510,22487,24770,15512,11150
"72135",2010,2335,2813,3234,1870,1195,2310,2793,2918,1924,1144,4645,5606,6152,3794,2339
"72137",2010,2720,3297,3035,1980,1417,2670,2746,3323,1921,1280,5390,6043,6358,3901,2697
"72139",2010,2446,2380,3106,1797,1100,2262,2488,2560,1658,1013,4708,4868,5666,3455,2113
"01003",2011,5104,6555,5174,3704,2712,5527,6342,6700,3172,1434,10631,12897,11874,6876,4146
"01015",2011,3968,3750,3845,2393,1718,3201,3882,3882,2004,1798,7169,7632,7727,4397,3516
"01043",2011,2284,3449,2211,1581,1246,2103,2706,2738,1515,825,4387,6155,4949,3096,2071
"01049",2011,2287,1777,2625,2096,520,1732,2360,2154,2247,1309,4019,4137,4779,4343,1829
"01051",2011,2166,3159,2230,1606,766,2629,2403,2806,1473,1797,4795,5562,5036,3079,2563
"01055",2011,3196,3473,3684,2572,1379,2639,2716,3653,1770,1297,5835,6189,7337,4342,2676
"01069",2011,3297,3661,3650,1990,1186,3377,3531,3393,1964,1127,6674,7192,7043,3954,2313
"01073",2011,21751,20896,21814,13393,8555,22674,18581,23343,12193,8539,44425,39477,45157,25586,17094
"01077",2011,2883,2170,3277,2007,1562,2381,1883,3393,1953,1307,5264,4053,6670,3960,2869
"01081",2011,5021,4912,4064,2451,4183,3828,4272,4030,2708,4294,8849,9184,8094,5159,8477
"01083",2011,2447,3687,2475,1787,584,2458,2500,2920,1762,1049,4905,6187,5395,3549,1633
"01089",2011,10551,10456,11890,7201,5246,10267,10452,11581,7002,4969,20818,20908,23471,14203,10215
"01095",2011,3235,3270,3015,1849,2121,3185,3414,3133,1819,954,6420,6684,6148,3668,3075
"01097",2011,14263,15873,13101,9157,5821,13412,12808,14768,8868,5364,27675,28681,27869,18025,11185
"01101",2011,8187,6877,8813,5223,4264,7649,8625,6737,5423,3894,15836,15502,15550,10646,8158
"01103",2011,3889,3897,3782,2476,1440,2920,5259,3413,3105,1763,6809,9156,7195,5581,3203
"01115",2011,2779,2601,2822,1375,1029,2494,3043,2252,1851,560,5273,5644,5074,3226,1589
"01117",2011,6967,7316,6897,4313,2125,7129,6267,7131,3754,1934,14096,13583,14028,8067,4059
"01121",2011,2384,2496,2874,1715,1342,2436,1209,4123,1603,1008,4820,3705,6997,3318,2350
"01125",2011,5919,5474,5962,3329,5235,5513,4287,7429,3544,5867,11432,9761,13391,6873,11102
"01127",2011,1964,1618,2494,1297,756,1871,2472,2013,1225,631,3835,4090,4507,2522,1387
"02020",2011,10857,9941,10987,5716,3957,11313,10144,10113,6781,3180,22170,20085,21100,12497,7137
"02090",2011,4344,4577,2683,1874,1442,3172,2890,3787,1730,1386,7516,7467,6470,3604,2828
"02170",2011,3560,3867,3684,2156,1308,3465,3397,3723,2065,1013,7025,7264,7407,4221,2321
"04001",2011,2980,3170,3598,2574,1648,2758,2409,3161,2151,1400,5738,5579,6759,4725,3048
"04003",2011,4025,4461,3544,2372,2513,3819,3968,4955,3381,1150,7844,8429,8499,5753,3663
"04005",2011,4483,4405,4087,2344,4098,4609,3399,4579,2676,6049,9092,7804,8666,5020,10147
"04013",2011,142537,136822,150293,84964,54731,136436,142783,132971,80619,50431,278973,279605,283264,165583,105162
"04015",2011,5348,5391,7021,3266,1689,5636,6359,4400,3940,1431,10984,11750,11421,7206,3120
"04017",2011,4250,4768,4216,2875,1781,4196,4394,4141,2483,2035,8446,9162,8357,5358,3816
"04019",2011,32428,30769,32464,19686,14859,29730,32672,27876,18415,14998,62158,63441,60340,38101,29857
"04021",2011,14017,17506,13311,7851,5398,14313,14415,11374,7093,5552,28330,31921,24685,14944,10950
"04025",2011,5286,4972,6631,3388,2466,4478,4068,6109,3846,2149,9764,9040,12740,7234,4615
"04027",2011,8399,7841,7931,4567,3155,6873,7149,7745,5001,2942,15272,14990,15676,9568,6097
"05007",2011,10135,10606,7238,4547,3154,8760,9603,8305,3504,1866,18895,20209,15543,8051,5020
"05031",2011,4069,2846,3618,1822,1767,3865,3311,3558,1494,802,7934,6157,7176,3316,2569
"05045",2011,4467,4167,3349,2680,2564,3827,3488,4600,1828,2709,8294,7655,7949,4508,5273
"05051",2011,3022,1987,3838,1793,1554,2818,2085,3440,1449,1611,5840,4072,7278,3242,3165
"05069",2011,2531,2730,2642,1498,1225,2490,2061,2578,1627,1700,5021,4791,5220,3125,2925
"05085",2011,2417,2691,2983,1755,485,2333,2879,2016,1736,725,4750,5570,4999,3491,1210
"05119",2011,14103,13638,12251,7269,4683,12976,13180,11463,7623,3934,27079,26818,23714,14892,8617
"05125",2011,3169,4555,3715,2076,1001,3240,4112,3124,1956,918,6409,8667,6839,4032,1919
"05131",2011,4697,4307,5201,2796,1602,3936,3794,4863,2368,1681,8633,8101,10064,5164,3283
"05143",2011,8818,7526,7551,3703,4528,7084,7282,6421,4186,3915,15902,14808,13972,7889,8443
"05145",2011,2613,2925,2978,1606,869,2473,1833,2673,1462,297,5086,4758,5651,3068,1166
"06001",2011,50457,49230,45685,29228,20521,47694,45084,46636,27215,19318,98151,94314,92321,56443,39839
"06007",2011,6302,5766,6291,4341,4502,6168,5878,6358,4462,4402,12470,11644,12649,8803,8904
"06013",2011,34066,35559,40011,24030,14081,32791,37000,34488,22322,12992,66857,72559,74499,46352,27073
"06017",2011,4623,5041,6239,4594,2496,4939,5738,5652,3267,2006,9562,10779,11891,7861,4502
"06019",2011,40514,39997,37217,23942,16281,39019,40168,34214,22865,14672,79533,80165,71431,46807,30953
"06023",2011,3922,3305,4084,2147,2784,3497,3558,3703,2115,2595,7419,6863,7787,4262,5379
"06025",2011,7223,6358,7914,4434,2820,6727,5901,8329,4101,2563,13950,12259,16243,8535,5383
"06029",2011,36949,36298,34368,21486,14733,35907,34954,33243,21687,12388,72856,71252,67611,43173,27121
"06031",2011,6204,6479,5350,3710,2953,6270,5604,5719,2891,1888,12474,12083,11069,6601,4841
"06033",2011,1871,2190,1902,1856,628,1653,1187,1591,952,1078,3524,3377,3493,2808,1706
"06037",2011,331209,320570,340890,222854,151371,316996,299939,333233,212675,143755,648205,620509,674123,435529,295126
"06039",2011,5675,4756,7082,3460,2207,5870,5820,5898,3658,2894,11545,10576,12980,7118,5101
"06041",2011,6943,7637,7413,4462,2278,6621,6915,8182,3981,2163,13564,14552,15595,8443,4441
"06045",2011,3469,2553,2959,2027,772,1616,2530,2973,1259,1006,5085,5083,5932,3286,1778
"06047",2011,11657,11186,11116,8514,4823,10668,9537,11480,7239,4827,22325,20723,22596,15753,9650
"06053",2011,16452,18341,13408,9515,6620,16834,14739,14821,8918,6385,33286,33080,28229,18433,13005
"06055",2011,4026,3467,5690,2746,1911,3931,4851,3564,3283,1405,7957,8318,9254,6029,3316
"06057",2011,1765,2817,2578,2083,984,2322,2608,2308,1631,943,4087,5425,4886,3714,1927
"06059",2011,99871,105023,103985,68997,44292,93495,97413,102887,65449,41675,193366,202436,206872,134446,85967
"06061",2011,10931,13447,11221,8451,4695,10534,11438,12349,7328,3603,21465,24885,23570,15779,8298
"06065",2011,82865,84133,92790,58438,36843,79718,85613,85082,54456,34084,162583,169746,177872,112894,70927
"06067",2011,51800,49717,51891,32781,19531,48731,45800,51254,30181,18467,100531,95517,103145,62962,37998
"06071",2011,80764,78466,89322,55309,35590,77652,73591,85491,52611,31695,158416,152057,174813,107920,67285
"06073",2011,104787,102640,98816,65747,50451,101707,96806,95065,61034,42067,206494,199446,193881,126781,92518
"06075",2011,18172,13970,14567,8796,9151,18058,15067,12463,8225,7733,36230,29037,27030,17021,16884
"06077",2011,28076,28564,28719,18027,11641,26453,27190,27322,17093,10633,54529,55754,56041,35120,22274
"06079",2011,7052,5439,8179,4623,7312,6193,6753,6764,4581,6595,13245,12192,14943,9204,13907
"06081",2011,23072,23322,22096,13199,8300,22852,24550,19147,12212,6793,45924,47872,41243,25411,15093
"06083",2011,14289,13064,13540,8959,10774,13131,12714,13082,8014,11330,27420,25778,26622,16973,22104
"06085",2011,63585,65274,57220,35309,23534,60300,63760,52986,33922,21103,123885,129034,110206,69231,44637
"06087",2011,7897,7333,8268,4971,5842,7269,7894,6680,4655,5661,15166,15227,14948,9626,11503
"06089",2011,5501,6408,5379,3145,2293,4437,5243,5157,3936,2111,9938,11651,10536,7081,4404
"06095",2011,13586,15883,12600,9178,5967,12716,13757,13702,8730,5249,26302,29640,26302,17908,11216
"06097",2011,14083,16698,13788,9512,7524,13554,13845,15422,8691,6558,27637,30543,29210,18203,14082
"06099",2011,20092,22365,19902,13915,8799,19416,16873,21444,12266,7485,39508,39238,41346,26181,16284
"06101",2011,3774,3578,3761,2098,1504,3149,4510,2927,2089,663,6923,8088,6688,4187,2167
"06107",2011,21432,20637,20345,12253,8093,19916,19907,19310,11432,6702,41348,40544,39655,23685,14795
"06111",2011,27855,25879,34250,19251,12769,27256,28587,29052,18243,11578,55111,54466,63302,37494,24347
"06113",2011,5972,7394,5844,3895,4704,5609,7125,4946,3860,6194,11581,14519,10790,7755,10898
"06115",2011,3765,3552,2511,1278,795,2705,3010,2763,1383,1130,6470,6562,5274,2661,1925
"08001",2011,19512,20793,16416,9171,5525,18193,18749,16146,9450,5215,37705,39542,32562,18621,10740
"08005",2011,20868,21083,21130,12597,7343,19649,21041,19391,12362,5143,40517,42124,40521,24959,12486
"08013",2011,8176,9788,7901,5248,6587,8153,9086,8411,5066,6246,16329,18874,16312,10314,12833
"08031",2011,23435,18395,17332,9243,6970,22193,20194,15195,8368,7600,45628,38589,32527,17611,14570
"08035",2011,11829,12838,13845,7329,3101,9376,11398,13492,6865,3016,21205,24236,27337,14194,6117
"08041",2011,22657,23078,23778,14278,11011,22334,25076,19458,13126,8431,44991,48154,43236,27404,19442
"08059",2011,14662,14164,20856,10848,6875,14451,16428,16113,10315,5994,29113,30592,36969,21163,12869
"08069",2011,10616,7832,10090,5828,6108,6740,9248,8148,5060,7055,17356,17080,18238,10888,13163
"08077",2011,5187,4639,5023,2931,2341,4714,4823,4071,2899,1766,9901,9462,9094,5830,4107
"08101",2011,5343,5112,5691,3427,1872,4860,4960,5741,3137,2108,10203,10072,11432,6564,3980
"08123",2011,10161,9476,10870,5554,3897,9398,9745,10026,5691,4169,19559,19221,20896,11245,8066
"09001",2011,28639,29926,36328,20587,12542,27160,29777,33482,20039,11886,55799,59703,69810,40626,24428
"09003",2011,25123,30723,27602,18582,13048,24519,29116,26568,18551,11932,49642,59839,54170,37133,24980
"09005",2011,4514,6458,5335,4069,2443,4123,5199,6142,3778,2009,8637,11657,11477,7847,4452
"09007",2011,3870,5085,5709,3527,2294,3468,5688,4182,2885,2253,7338,10773,9891,6412,4547
"09009",2011,24128,25401,28843,18237,13319,23242,24115,27959,16998,13485,47370,49516,56802,35235,26804
"09011",2011,7347,8256,8358,5141,4108,6897,7857,8453,5728,3402,14244,16113,16811,10869,7510
"09013",2011,3629,3498,5813,2995,4008,3062,4053,4487,2688,5120,6691,7551,10300,5683,9128
"09015",2011,3503,3590,3917,2579,2049,2982,3180,3581,2349,2205,6485,6770,7498,4928,4254
"10001",2011,5474,5958,5896,3401,2816,5406,4805,6234,3208,2734,10880,10763,12130,6609,5550
"10003",2011,16813,18778,16249,11344,8496,16266,16973,16865,10510,8670,33079,35751,33114,21854,17166
"10005",2011,5762,5859,5603,3446,2158,5527,5274,5546,3428,1654,11289,11133,11149,6874,3812
"11001",2011,18565,12745,13722,8535,10414,17667,13889,12340,8017,13732,36232,26634,26062,16552,24146
"12001",2011,7073,5777,6172,3620,7285,6044,6047,5469,3395,10338,13117,11824,11641,7015,17623
"12005",2011,5456,4485,5371,3214,2530,4896,5447,5228,2763,1700,10352,9932,10599,5977,4230
"12009",2011,13673,14225,15836,11075,7337,12353,15564,13233,9048,6172,26026,29789,29069,20123,13509
"12011",2011,53240,54230,57018,36189,22239,51218,47724,58010,34104,21354,104458,101954,115028,70293,43593
"12015",2011,2344,1701,4210,1966,1716,3822,3451,2548,2160,1850,6166,5152,6758,4126,3566
"12017",2011,2986,2604,3262,3340,1323,2453,3112,2711,1170,1627,5439,5716,5973,4510,2950
"12019",2011,4785,6821,7674,4267,2522,6755,7476,5829,5754,3276,11540,14297,13503,10021,5798
"12021",2011,8700,10696,7878,5809,3774,8092,8388,8169,5115,3300,16792,19084,16047,10924,7074
"12023",2011,1883,2061,2281,1628,2013,2156,1984,1724,1552,509,4039,4045,4005,3180,2522
"12031",2011,30564,29850,26065,16914,11153,29282,25819,28449,15770,10362,59846,55669,54514,32684,21515
"12033",2011,10160,9366,8049,5580,6444,8998,8538,8065,5246,4968,19158,17904,16114,10826,11412
"12035",2011,3096,1397,3112,2126,710,2375,2803,2009,1969,1717,5471,4200,5121,4095,2427
"12053",2011,4582,4761,4807,3753,2357,3257,4714,4530,2934,2148,7839,9475,9337,6687,4505
"12055",2011,2129,2876,2359,1746,1522,2666,1978,2693,1222,1425,4795,4854,5052,2968,2947
"12057",2011,41839,40752,43028,25935,17842,39680,39396,40308,24979,17535,81519,80148,83336,50914,35377
"12061",2011,3882,3399,4424,2044,1790,2689,2990,4284,2647,1707,6571,6389,8708,4691,3497
"12069",2011,7231,8014,10741,5993,3827,8297,8055,8728,4662,2595,15528,16069,19469,10655,6422
"12071",2011,16459,18015,17868,10697,6537,16704,13291,19436,9817,6818,33163,31306,37304,20514,13355
"12073",2011,7266,7488,7020,4486,8482,7655,6403,7920,4097,11806,14921,13891,14940,8583,20288
"12081",2011,9048,9857,8964,6244,3210,9112,10082,8451,5039,3335,18160,19939,17415,11283,6545
"12083",2011,9393,10156,7533,6043,4412,7341,6801,10015,4999,3956,16734,16957,17548,11042,8368
"12085",2011,2550,3511,4231,2547,1347,3175,2944,3826,3039,920,5725,6455,8057,5586,2267
"12086",2011,78270,75411,76300,50035,35794,73636,72918,72353,48094,33119,151906,148329,148653,98129,68913
"12087",2011,1180,958,1899,1116,1535,1836,1847,1477,825,406,3016,2805,3376,1941,1941
"12089",2011,1711,2322,2312,1425,1670,1805,2070,2292,1562,1270,3516,4392,4604,2987,2940
"12091",2011,5190,5854,5051,3414,3242,6875,6480,4714,3161,1867,12065,12334,9765,6575,5109
"12095",2011,38699,37393,39790,24249,18564,36466,38151,35570,23054,19071,75165,75544,75360,47303,37635
"12097",2011,9838,7080,12888,6955,3960,8556,9482,10447,6376,3010,18394,16562,23335,13331,6970
"12099",2011,36261,36788,39989,25338,15901,34786,36520,36918,24030,15166,71047,73308,76907,49368,31067
"12101",2011,12814,13618,15112,8777,6031,12400,12512,14595,7952,4542,25214,26130,29707,16729,10573
"12103",2011,22460,23082,22295,15188,9476,20306,19930,23779,14246,9430,42766,43012,46074,29434,18906
"12105",2011,19635,19316,20558,12149,8262,18800,20710,17743,12535,7482,38435,40026,38301,24684,15744
"12107",2011,2522,2608,2382,996,1194,1862,2284,2050,1968,1131,4384,4892,4432,2964,2325
"12109",2011,5093,6506,6723,4541,2822,4659,7352,5821,3691,1346,9752,13858,12544,8232,4168
"12111",2011,9509,10428,7719,4418,4719,6465,8836,8241,6255,2826,15974,19264,15960,10673,7545
"12113",2011,4369,4194,6042,2945,1587,4993,5826,4043,3549,1897,9362,10020,10085,6494,3484
"12115",2011,7307,8559,8657,5783,3929,7252,7261,9455,5245,3199,14559,15820,18112,11028,7128
"12117",2011,10562,12727,15078,9685,6041,12128,13170,13452,8825,5209,22690,25897,28530,18510,11250
"12119",2011,773,1475,905,895,846,854,1877,892,771,375,1627,3352,1797,1666,1221
"12127",2011,12279,13292,12870,9812,7094,11658,10828,14455,6956,6499,23937,24120,27325,16768,13593
"13013",2011,2198,4070,3446,1513,1356,2107,2510,2731,970,989,4305,6580,6177,2483,2345
"13015",2011,3268,3735,3511,2003,1815,3895,3470,4677,1931,1621,7163,7205,8188,3934,3436
"13021",2011,6255,6477,4338,3523,2109,5952,6462,4328,3007,3106,12207,12939,8666,6530,5215
"13031",2011,2003,2218,1742,670,3219,1922,1755,2463,1580,3679,3925,3973,4205,2250,6898
"13045",2011,3695,4401,4669,1787,1953,4082,3793,3089,2422,2460,7777,8194,7758,4209,4413
"13051",2011,9420,8172,8237,4635,5167,9447,8173,8603,4515,4564,18867,16345,16840,9150,9731
"13057",2011,7547,7869,9413,4528,2342,8048,8008,8968,4438,2833,15595,15877,18381,8966,5175
"13059",2011,3309,2570,2697,1110,3884,3465,2741,2091,1864,7561,6774,5311,4788,2974,11445
"13063",2011,12004,8737,13337,6490,3615,9454,10474,9897,5449,4058,21458,19211,23234,11939,7673
"13067",2011,24495,21936,28427,15637,9511,23717,24465,24315,13294,8323,48212,46401,52742,28931,17834
"13073",2011,4768,3028,7319,3233,1749,4120,3910,5144,2576,1570,8888,6938,12463,5809,3319
"13077",2011,6006,4889,4554,2540,1393,3523,5286,4289,3308,1454,9529,10175,8843,5848,2847
"13089",2011,26655,22757,23331,13028,9050,24936,23352,20230,12740,9129,51591,46109,43561,25768,18179
"13095",2011,3510,3074,3537,1801,1929,3319,3945,2776,2029,1604,6829,7019,6313,3830,3533
"13097",2011,4566,4423,6988,3210,1061,4687,5103,4801,3293,1563,9253,9526,11789,6503,2624
"13113",2011,2068,3294,5503,3343,1637,2027,3624,4420,2717,1716,4095,6918,9923,6060,3353
"13115",2011,3180,3274,3475,1418,1425,2807,3645,2910,2109,2133,5987,6919,6385,3527,3558
"13117",2011,8302,8629,10555,4983,2917,4152,9721,5491,3805,2998,12454,18350,16046,8788,5915
"13121",2011,32750,35857,27205,18264,15485,31214,30062,30948,18357,13965,63964,65919,58153,36621,29450
"13127",2011,2501,3425,2845,1268,1153,1929,2765,3212,1342,1481,4430,6190,6057,2610,2634
"13135",2011,31702,33504,35235,20735,11426,30354,34496,31426,19385,10233,62056,68000,66661,40120,21659
"13139",2011,7651,7581,7063,3869,2871,6383,6728,7922,3617,1908,14034,14309,14985,7486,4779
"13151",2011,7633,8247,9480,5049,2926,5841,7460,8893,6167,4384,13474,15707,18373,11216,7310
"13153",2011,4845,5022,5982,3319,3486,4906,4460,6184,3079,2743,9751,9482,12166,6398,6229
"13179",2011,4064,2737,2689,1461,1153,2554,2692,2374,916,427,6618,5429,5063,2377,1580
"13185",2011,4251,3978,3840,2386,2992,4086,3555,3721,1817,3131,8337,7533,7561,4203,6123
"13215",2011,7411,5866,7487,4346,5239,7485,6621,5732,3970,2509,14896,12487,13219,8316,7748
"13217",2011,3877,5565,2291,2170,1666,3587,4646,4630,1702,1145,7464,10211,6921,3872,2811
"13223",2011,5768,5898,4942,6007,1533,5880,5411,5749,2609,1668,11648,11309,10691,8616,3201
"13245",2011,7498,7349,6170,4292,3453,7376,5730,7262,3624,3169,14874,13079,13432,7916,6622
"13247",2011,2841,2592,3907,2350,1652,2875,3188,3016,1721,1672,5716,5780,6923,4071,3324
"13285",2011,2803,3340,1628,1221,1326,2087,2371,2664,1282,731,4890,5711,4292,2503,2057
"13295",2011,1712,2547,1996,1330,817,2162,3170,1520,1422,704,3874,5717,3516,2752,1521
"13297",2011,2517,3766,3686,2526,1018,2160,2489,2842,2189,1257,4677,6255,6528,4715,2275
"13313",2011,4227,4004,4519,2304,1459,3811,4118,4085,2045,1476,8038,8122,8604,4349,2935
"15001",2011,5904,6833,5083,3110,2033,5828,5463,5690,3997,2011,11732,12296,10773,7107,4044
"15003",2011,32025,28994,29782,17605,12253,29856,26961,28744,17584,11584,61881,55955,58526,35189,23837
"15007",2011,2064,3017,1269,960,298,2283,2204,1830,1552,865,4347,5221,3099,2512,1163
"15009",2011,5395,4250,5591,3235,1632,4665,3921,5805,2857,1713,10060,8171,11396,6092,3345
"16001",2011,13902,15231,15777,8308,5183,13942,16540,13195,7749,4729,27844,31771,28972,16057,9912
"16005",2011,3557,3478,2901,1959,1546,3274,2993,3000,1466,1876,6831,6471,5901,3425,3422
"16019",2011,4863,4658,4701,2492,1491,4792,4477,4644,2598,1412,9655,9135,9345,5090,2903
"16027",2011,8443,7920,9617,4568,3550,8146,8539,7724,4578,2751,16589,16459,17341,9146,6301
"16055",2011,4759,5102,4873,2968,1693,4266,4215,4821,3105,1542,9025,9317,9694,6073,3235
"16083",2011,3063,3963,2657,1379,1308,3369,3329,3175,1431,716,6432,7292,5832,2810,2024
"17001",2011,1900,2596,2058,1385,1136,1918,1683,2322,1343,751,3818,4279,4380,2728,1887
"17019",2011,6100,6790,4218,3002,7769,5389,4621,5412,2957,7018,11489,11411,9630,5959,14787
"17031",2011,175541,162833,176691,108293,71272,169792,163604,163923,104139,68535,345333,326437,340614,212432,139807
"17037",2011,3048,3699,2614,2045,3048,2914,2861,3486,2254,3335,5962,6560,6100,4299,6383
"17043",2011,27555,32646,32276,21588,13206,28285,32809,29911,20250,11534,55840,65455,62187,41838,24740
"17089",2011,19779,22457,20980,12901,7692,19568,22836,18361,12094,6788,39347,45293,39341,24995,14480
"17091",2011,3767,3598,4640,2469,1933,3728,4675,3066,2386,1901,7495,8273,7706,4855,3834
"17093",2011,4618,5617,4638,2719,2011,5814,5008,4775,2448,1274,10432,10625,9413,5167,3285
"17097",2011,23363,27296,28548,18014,13429,22559,24592,28239,16888,9973,45922,51888,56787,34902,23402
"17099",2011,3186,3727,3712,2456,1894,3060,2759,4443,2405,1683,6246,6486,8155,4861,3577
"17111",2011,9648,12364,12471,7966,4066,8989,13377,10361,7299,3653,18637,25741,22832,15265,7719
"17113",2011,5552,4792,6067,3090,3808,4920,5332,5153,3237,4640,10472,10124,11220,6327,8448
"17115",2011,4082,3873,2857,2156,1436,3040,3283,3549,2159,1460,7122,7156,6406,4315,2896
"17119",2011,8614,7814,9447,5366,3270,7464,8456,8280,4993,3368,16078,16270,17727,10359,6638
"17143",2011,6113,6626,6011,3911,2648,6545,7084,4939,3807,2844,12658,13710,10950,7718,5492
"17161",2011,4732,4389,4995,2770,2204,4646,3985,4834,2613,1579,9378,8374,9829,5383,3783
"17163",2011,9222,9966,8455,6417,3569,9061,10380,8717,5834,3260,18283,20346,17172,12251,6829
"17167",2011,6289,6397,6956,4097,2665,6116,6194,6637,3806,2404,12405,12591,13593,7903,5069
"17179",2011,4094,4537,4492,2813,1398,3902,4338,4599,2545,1580,7996,8875,9091,5358,2978
"17183",2011,2428,2655,2612,1792,1158,3171,1956,3341,1854,1160,5599,4611,5953,3646,2318
"17197",2011,23340,29215,28434,17487,9597,24062,26353,28086,16848,8866,47402,55568,56520,34335,18463
"17199",2011,1916,2133,1901,1126,860,2145,1761,2178,1225,758,4061,3894,4079,2351,1618
"17201",2011,9953,9917,10500,6308,4072,9479,10354,9813,6032,3489,19432,20271,20313,12340,7561
"18003",2011,13615,12724,14270,8225,5306,12819,11734,14682,7758,5559,26434,24458,28952,15983,10865
"18005",2011,2150,1783,3695,1821,1083,2851,3304,2155,1564,810,5001,5087,5850,3385,1893
"18019",2011,3686,3828,3611,2629,1259,3765,3032,4100,2196,1156,7451,6860,7711,4825,2415
"18035",2011,3225,2578,3827,1951,3656,3175,3109,3071,2068,3934,6400,5687,6898,4019,7590
"18039",2011,7834,8759,7068,4073,2833,7897,9066,6894,4205,2554,15731,17825,13962,8278,5387
"18043",2011,2173,2671,2510,1563,927,2169,1984,2941,1597,1669,4342,4655,5451,3160,2596
"18053",2011,2157,2003,2202,1622,1430,1820,2182,1691,1227,1957,3977,4185,3893,2849,3387
"18057",2011,11315,12144,12951,7118,3441,9787,11862,11746,6678,4002,21102,24006,24697,13796,7443
"18059",2011,2049,1524,3873,2403,1379,2046,2024,2677,1722,841,4095,3548,6550,4125,2220
"18063",2011,5144,6367,5568,4048,3394,4172,5224,5889,3365,1576,9316,11591,11457,7413,4970
"18067",2011,2834,2431,2533,2078,1142,2222,1776,3535,1903,774,5056,4207,6068,3981,1916
"18081",2011,4173,4726,6303,3012,1813,5360,6088,4085,3007,1868,9533,10814,10388,6019,3681
"18085",2011,2337,2779,2762,1579,1032,2874,2436,3013,1559,998,5211,5215,5775,3138,2030
"18089",2011,16633,19251,16210,11338,6851,16130,17142,17623,10838,6480,32763,36393,33833,22176,13331
"18091",2011,3295,3038,4103,2291,1426,3144,3393,4113,1881,1273,6439,6431,8216,4172,2699
"18095",2011,3723,4399,4475,2610,2076,4253,4091,3771,2511,1991,7976,8490,8246,5121,4067
"18097",2011,35761,31781,30566,18079,12310,33809,29456,32178,17459,11883,69570,61237,62744,35538,24193
"18105",2011,3727,2376,3267,1999,5788,2932,3966,2600,1775,5679,6659,6342,5867,3774,11467
"18109",2011,2051,2493,2243,1679,990,1994,2140,2878,1565,713,4045,4633,5121,3244,1703
"18127",2011,5130,5329,6164,3904,2299,4508,5061,5566,3673,1969,9638,10390,11730,7577,4268
"18141",2011,8751,8565,10016,5793,4941,8781,9222,8564,5381,4935,17532,17787,18580,11174,9876
"18157",2011,5538,5185,4830,2723,6012,5232,5046,4550,2524,5497,10770,10231,9380,5247,11509
"18163",2011,6262,5522,5298,3153,3004,5621,6160,4484,3347,3485,11883,11682,9782,6500,6489
"18167",2011,3290,3313,2935,2202,2401,3012,2920,3271,1892,2112,6302,6233,6206,4094,4513
"18177",2011,2476,2484,2231,1466,1134,1956,1920,2102,1076,1303,4432,4404,4333,2542,2437
"19013",2011,4247,4270,3418,2161,2727,4056,3441,4094,2319,3345,8303,7711,7512,4480,6072
"19049",2011,3032,3115,2633,1334,457,3205,2575,2707,1442,562,6237,5690,5340,2776,1019
"19061",2011,2935,2879,3012,1803,2061,2602,2338,3283,1956,1452,5537,5217,6295,3759,3513
"19103",2011,3872,3380,3718,2009,3399,4171,3498,3129,1988,4443,8043,6878,6847,3997,7842
"19113",2011,7663,7492,7456,4189,3137,6563,7486,7099,4249,3577,14226,14978,14555,8438,6714
"19153",2011,16273,16299,15248,8668,5598,16565,14906,15084,8236,5022,32838,31205,30332,16904,10620
"19155",2011,3031,3188,3264,1924,1405,3020,3241,2937,1974,1155,6051,6429,6201,3898,2560
"19163",2011,5378,5074,5953,3455,2454,5585,6425,5422,3338,2214,10963,11499,11375,6793,4668
"19169",2011,2339,2383,1877,1062,3304,2110,2220,2075,1610,3104,4449,4603,3952,2672,6408
"19193",2011,3447,3826,3323,2267,1736,4907,4363,2673,2449,1656,8354,8189,5996,4716,3392
"20015",2011,2485,3066,1852,1398,1009,2068,2905,2385,1452,909,4553,5971,4237,2850,1918
"20045",2011,2730,3036,3205,1912,3115,2594,2537,2832,1670,4033,5324,5573,6037,3582,7148
"20091",2011,19639,19659,22118,12115,6908,18670,17635,22249,11595,6299,38309,37294,44367,23710,13207
"20103",2011,2532,2319,2907,1498,798,1898,2798,2888,1453,652,4430,5117,5795,2951,1450
"20161",2011,2384,1946,1978,1287,2892,2198,2166,850,749,3456,4582,4112,2828,2036,6348
"20173",2011,19991,19065,18765,10599,6699,19370,19631,17447,10271,6553,39361,38696,36212,20870,13252
"20177",2011,6411,5357,6991,4009,2710,6032,6069,5716,3503,2053,12443,11426,12707,7512,4763
"20209",2011,7256,6738,5473,3504,2121,6651,6504,5421,3130,1548,13907,13242,10894,6634,3669
"21015",2011,4479,4747,5342,2778,1288,4484,5243,4955,2348,1103,8963,9990,10297,5126,2391
"21029",2011,2261,2283,2947,1659,1074,2062,1953,3475,1691,783,4323,4236,6422,3350,1857
"21037",2011,2962,2806,3217,1901,1417,2708,2631,2883,1666,1445,5670,5437,6100,3567,2862
"21047",2011,3401,2672,3024,1369,1502,3576,3054,2392,1192,658,6977,5726,5416,2561,2160
"21059",2011,2965,3584,3904,2463,1036,3126,3783,2584,2066,784,6091,7367,6488,4529,1820
"21067",2011,9499,9930,8164,5635,4931,9173,8914,8002,3922,5734,18672,18844,16166,9557,10665
"21093",2011,4238,3943,3611,2370,1244,3428,3576,4010,2254,1347,7666,7519,7621,4624,2591
"21111",2011,25181,23864,24234,14233,9008,24114,23775,22569,13911,8547,49295,47639,46803,28144,17555
"21117",2011,6129,5904,5343,3488,2022,5578,5555,5110,3028,1726,11707,11459,10453,6516,3748
"21145",2011,1869,1965,2461,1397,599,2040,2335,1925,1077,371,3909,4300,4386,2474,970
"21151",2011,2227,2132,2814,1349,2714,2713,3252,2006,1401,2416,4940,5384,4820,2750,5130
"21195",2011,1918,1520,2493,1238,781,1825,1738,2062,1349,701,3743,3258,4555,2587,1482
"21227",2011,3761,4101,3085,2566,2722,3481,3508,3716,1716,4975,7242,7609,6801,4282,7697
"22005",2011,3865,4313,5029,2261,1720,4103,4459,4513,2740,1259,7968,8772,9542,5001,2979
"22015",2011,4588,3969,5063,1715,1342,4164,4798,3581,3086,1639,8752,8767,8644,4801,2981
"22017",2011,9103,9244,8429,5286,3605,9069,8957,7802,4891,3672,18172,18201,16231,10177,7277
"22019",2011,6869,7605,6286,3487,2786,6580,6788,6624,5006,2315,13449,14393,12910,8493,5101
"22033",2011,14400,14578,13690,8575,8643,14766,12155,15084,8292,9428,29166,26733,28774,16867,18071
"22045",2011,2716,2725,2624,1652,1158,2958,2629,2514,1428,652,5674,5354,5138,3080,1810
"22051",2011,14403,11682,15003,8170,5310,13712,13500,12846,7515,4267,28115,25182,27849,15685,9577
"22055",2011,8077,8591,6924,4603,3281,7288,6694,7786,4493,3368,15365,15285,14710,9096,6649
"22057",2011,3256,2541,3308,2325,1471,3415,2686,3647,2092,1518,6671,5227,6955,4417,2989
"22063",2011,4923,3731,6232,3098,1610,4347,6074,4475,2488,1673,9270,9805,10707,5586,3283
"22071",2011,12304,9817,11344,6016,4754,11519,10310,9582,6398,5703,23823,20127,20926,12414,10457
"22073",2011,5579,6304,4888,3569,2347,5509,4876,6390,3393,2327,11088,11180,11278,6962,4674
"22079",2011,4968,4423,4952,2866,1902,4758,4810,4700,2743,1643,9726,9233,9652,5609,3545
"22097",2011,3304,3496,2935,1745,1804,3192,3647,2485,1982,1049,6496,7143,5420,3727,2853
"22103",2011,7371,8401,9293,5497,3119,7422,8146,8504,5024,3010,14793,16547,17797,10521,6129
"22105",2011,4569,4173,4343,2641,2455,4387,3676,4571,2306,2585,8956,7849,8914,4947,5040
"22109",2011,4476,4876,3530,2913,1735,3646,3442,4772,1614,712,8122,8318,8302,4527,2447
"23001",2011,3290,3631,3796,2136,1369,2784,3384,2998,1856,1482,6074,7015,6794,3992,2851
"23003",2011,1735,1919,1978,1365,989,1727,2496,1472,1337,848,3462,4415,3450,2702,1837
"23005",2011,7195,9702,8421,5215,4428,6828,8477,7445,5135,3914,14023,18179,15866,10350,8342
"23011",2011,3056,3098,3855,2268,1653,2734,3208,3916,2527,1501,5790,6306,7771,4795,3154
"23019",2011,3760,3828,4999,2742,3220,3671,3961,4327,2732,2788,7431,7789,9326,5474,6008
"23031",2011,5090,6524,5574,3941,2343,5246,5746,5684,3968,2628,10336,12270,11258,7909,4971
"24001",2011,1694,2203,1604,1151,1449,1620,2112,1807,1058,1767,3314,4315,3411,2209,3216
"24003",2011,17743,15781,19491,10635,7633,16853,18439,16526,9687,6389,34596,34220,36017,20322,14022
"24005",2011,24601,23931,25023,15613,12095,24110,24549,23348,15244,11919,48711,48480,48371,30857,24014
"24009",2011,2832,2507,3614,3201,1197,1775,2894,3039,2639,1348,4607,5401,6653,5840,2545
"24013",2011,4366,6148,5624,4001,2312,3959,5623,5636,4374,2527,8325,11771,11260,8375,4839
"24015",2011,2941,3772,3673,2126,1791,2746,3169,4132,2260,1354,5687,6941,7805,4386,3145
"24017",2011,4461,4898,6581,3770,2068,4301,4778,5703,3612,2279,8762,9676,12284,7382,4347
"24021",2011,7936,8339,8544,5956,3352,6834,9242,7308,4376,2426,14770,17581,15852,10332,5778
"24025",2011,7044,9130,8606,5489,2830,7061,7688,8948,5112,2706,14105,16818,17554,10601,5536
"24027",2011,8340,10926,10862,7083,4000,9088,9628,11814,6633,3200,17428,20554,22676,13716,7200
"24031",2011,33192,33664,32273,20495,11403,31550,31178,32854,19861,10105,64742,64842,65127,40356,21508
"24033",2011,31227,25897,30109,17939,16467,28013,26334,28042,17252,14125,59240,52231,58151,35191,30592
"24037",2011,3818,4049,3594,2659,2242,3526,3637,4008,2323,1400,7344,7686,7602,4982,3642
"24043",2011,4023,4872,4568,3653,1673,4393,4656,4054,3112,1424,8416,9528,8622,6765,3097
"24045",2011,2958,3562,2684,2258,1348,2946,2654,3284,1113,2659,5904,6216,5968,3371,4007
"24510",2011,21479,18100,17727,10526,9798,20935,15923,18615,10360,10747,42414,34023,36342,20886,20545
"25001",2011,3802,4374,5297,4132,2461,4104,5151,5516,3749,1969,7906,9525,10813,7881,4430
"25003",2011,3092,2686,4116,2636,2065,2913,3317,3592,2625,1993,6005,6003,7708,5261,4058
"25005",2011,15369,16725,18065,11596,7439,14712,15868,16658,11446,7485,30081,32593,34723,23042,14924
"25009",2011,22305,24458,24435,15840,10845,21106,23315,23493,15242,10212,43411,47773,47928,31082,21057
"25011",2011,1715,1534,2407,1420,790,1552,1451,2287,1556,640,3267,2985,4694,2976,1430
"25013",2011,13846,14143,16886,10651,7974,13380,14736,14747,10039,6777,27226,28879,31633,20690,14751
"25015",2011,3041,3806,3626,2721,4450,2637,2963,4469,2285,6413,5678,6769,8095,5006,10863
"25017",2011,43859,42604,47460,28952,21988,41847,43186,43918,27448,21716,85706,85790,91378,56400,43704
"25021",2011,18653,21036,22932,13828,9179,18215,20281,21892,13400,7804,36868,41317,44824,27228,16983
"25023",2011,14330,18846,16514,11510,7138,13079,16043,16898,10003,6539,27409,34889,33412,21513,13677
"25025",2011,20952,16651,17069,10189,14479,20176,16684,15984,10894,19554,41128,33335,33053,21083,34033
"25027",2011,23867,24421,28949,17740,12339,22440,24526,25855,17022,11365,46307,48947,54804,34762,23704
"26005",2011,3436,3867,4320,2849,1442,3663,4243,3999,2456,1271,7099,8110,8319,5305,2713
"26017",2011,3050,3124,3234,2099,1330,3188,2844,3465,2315,1416,6238,5968,6699,4414,2746
"26021",2011,4845,4981,5123,3415,2421,5139,4034,5659,3122,2242,9984,9015,10782,6537,4663
"26025",2011,4555,4140,4847,2976,2284,3889,4107,4631,2891,1910,8444,8247,9478,5867,4194
"26037",2011,2061,2815,2834,1673,1143,1878,2893,2404,1437,786,3939,5708,5238,3110,1929
"26045",2011,2914,2933,3948,2753,1509,3097,2474,3914,2321,1525,6011,5407,7862,5074,3034
"26049",2011,13578,14372,15586,9310,5947,13003,11782,16825,9273,5517,26581,26154,32411,18583,11464
"26055",2011,2432,2773,2293,1952,1208,2137,1755,3595,1525,1169,4569,4528,5888,3477,2377
"26065",2011,8010,8181,7918,4911,8179,7709,7362,7848,5008,9228,15719,15543,15766,9919,17407
"26073",2011,2072,1932,1585,1060,5228,1484,1568,1612,1079,4078,3556,3500,3197,2139,9306
"26075",2011,4961,4981,5306,3682,2416,4420,4054,5650,3234,2497,9381,9035,10956,6916,4913
"26077",2011,7855,8731,7309,5074,4940,7441,7546,7424,4457,4936,15296,16277,14733,9531,9876
"26081",2011,22628,23417,21028,13779,8912,21247,21870,21150,12668,8354,43875,45287,42178,26447,17266
"26087",2011,2107,3140,2954,2243,1205,2384,2626,3128,2148,994,4491,5766,6082,4391,2199
"26091",2011,2766,2715,3632,2506,1872,2631,3488,2118,2127,1246,5397,6203,5750,4633,3118
"26093",2011,4616,7005,6442,4521,2371,4818,5651,7012,4318,1852,9434,12656,13454,8839,4223
"26099",2011,24152,26228,29310,17675,10295,23304,26325,26090,17654,9374,47456,52553,55400,35329,19669
"26103",2011,2069,1308,2452,1170,1408,1583,1335,1635,1308,1658,3652,2643,4087,2478,3066
"26111",2011,2446,2356,3074,1886,1246,2563,2824,2458,1780,956,5009,5180,5532,3666,2202
"26115",2011,4625,4552,5672,3359,1927,4023,4050,5903,3358,1820,8648,8602,11575,6717,3747
"26121",2011,5891,5165,6637,3622,2006,5123,5521,6186,3691,2365,11014,10686,12823,7313,4371
"26125",2011,34572,39368,41435,26775,15322,33109,36556,41117,25346,13568,67681,75924,82552,52121,28890
"26139",2011,9109,9181,11011,6607,5151,7731,7966,10675,5902,5202,16840,17147,21686,12509,10353
"26145",2011,5865,6782,6495,4398,2927,5596,6620,5964,4153,3289,11461,13402,12459,8551,6216
"26147",2011,4408,5518,5801,3859,2358,4172,4900,5339,3497,1790,8580,10418,11140,7356,4148
"26155",2011,1808,2697,2396,1581,984,2041,2083,2447,1532,888,3849,4780,4843,3113,1872
"26159",2011,2507,2467,3081,1802,1006,2386,3377,1888,1674,839,4893,5844,4969,3476,1845
"26161",2011,9437,10257,9883,6440,10121,8948,9518,9743,5827,9935,18385,19775,19626,12267,20056
"26163",2011,59969,64447,62396,42266,26398,57178,56854,65027,40582,25359,117147,121301,127423,82848,51757
"27003",2011,11205,11601,12653,8254,4391,10720,10482,12888,7074,4620,21925,22083,25541,15328,9011
"27019",2011,3398,5148,3912,2409,1079,3069,4098,3760,2064,1090,6467,9246,7672,4473,2169
"27037",2011,13673,15127,14366,9305,5037,13780,14311,14301,8960,4401,27453,29438,28667,18265,9438
"27053",2011,39215,37822,35406,21487,14800,38268,38935,31326,21085,14412,77483,76757,66732,42572,29212
"27109",2011,5218,6049,4403,3022,1486,5316,6305,3735,2450,1571,10534,12354,8138,5472,3057
"27123",2011,18562,16701,16074,10033,8237,17527,16132,15032,9482,7990,36089,32833,31106,19515,16227
"27137",2011,5459,5584,5472,3433,4372,5323,5379,5014,3178,4386,10782,10963,10486,6611,8758
"27139",2011,5141,6172,5345,3460,1406,5443,5085,5833,2910,1472,10584,11257,11178,6370,2878
"27141",2011,2967,3511,3697,2200,1030,4058,3439,3224,1972,886,7025,6950,6921,4172,1916
"27145",2011,4994,4527,5376,3068,3654,4526,4363,4723,2823,4699,9520,8890,10099,5891,8353
"27163",2011,8145,7968,10267,5914,3392,6890,8822,8873,5778,2883,15035,16790,19140,11692,6275
"27171",2011,5663,4855,5267,3162,1625,5889,4188,5970,2586,1354,11552,9043,11237,5748,2979
"28033",2011,5760,6440,7698,3960,2095,5559,4966,7649,3719,2785,11319,11406,15347,7679,4880
"28035",2011,3214,1458,3353,1450,2206,2181,2259,2656,1253,2785,5395,3717,6009,2703,4991
"28047",2011,7212,7300,5981,3949,3315,6747,6145,5817,3538,2231,13959,13445,11798,7487,5546
"28049",2011,9310,8369,9480,5444,4342,8696,9048,8327,5575,4719,18006,17417,17807,11019,9061
"28059",2011,4669,4533,5770,3016,2184,4459,5061,4694,3003,2356,9128,9594,10464,6019,4540
"28067",2011,2313,1956,2356,970,862,2677,1405,2808,1305,1154,4990,3361,5164,2275,2016
"28075",2011,2796,3435,2019,1631,997,2730,2399,2866,1699,1687,5526,5834,4885,3330,2684
"28081",2011,2990,3275,2959,1417,768,2906,2594,4095,2599,1409,5896,5869,7054,4016,2177
"28089",2011,3367,3881,3446,2421,1363,3278,3941,3408,1843,1525,6645,7822,6854,4264,2888
"28121",2011,4327,5295,5237,2907,1683,5723,3766,5945,3034,2155,10050,9061,11182,5941,3838
"29019",2011,5226,5001,5321,2627,4138,4872,4117,4437,2804,5003,10098,9118,9758,5431,9141
"29021",2011,3192,3060,2446,1527,1097,3202,3412,1867,1606,1277,6394,6472,4313,3133,2374
"29031",2011,2361,2728,2202,1357,1316,1949,2840,2042,1118,2226,4310,5568,4244,2475,3542
"29037",2011,3148,3641,3811,2151,1067,3246,3442,4174,2365,1074,6394,7083,7985,4516,2141
"29043",2011,2843,2897,2829,1671,1036,2624,3839,2508,1562,763,5467,6736,5337,3233,1799
"29047",2011,7976,8562,8148,5456,2881,7697,7773,7211,4636,2489,15673,16335,15359,10092,5370
"29051",2011,2332,2952,2322,2060,979,2366,2374,2558,1280,1071,4698,5326,4880,3340,2050
"29071",2011,3194,3257,3998,2168,1280,2926,3002,3826,1960,1434,6120,6259,7824,4128,2714
"29077",2011,8322,9538,6969,4572,4494,8790,7332,8199,4431,5293,17112,16870,15168,9003,9787
"29095",2011,24330,23425,22944,13214,8456,23246,26595,18625,12822,7652,47576,50020,41569,26036,16108
"29097",2011,4153,4722,3853,2747,2087,3873,4396,3320,2373,1708,8026,9118,7173,5120,3795
"29099",2011,7690,8268,7249,4578,3423,6947,6891,7658,5020,2409,14637,15159,14907,9598,5832
"29165",2011,3302,3403,2814,1964,937,2530,3583,2567,1703,1031,5832,6986,5381,3667,1968
"29183",2011,11677,11682,15273,7992,5566,11628,13377,13133,7341,4488,23305,25059,28406,15333,10054
"29187",2011,1551,2143,2045,1192,797,1751,1970,1677,1039,824,3302,4113,3722,2231,1621
"29189",2011,29185,30980,34829,22039,13579,28418,30215,32923,21231,13359,57603,61195,67752,43270,26938
"29510",2011,11393,8876,8762,5712,4728,10471,8340,8476,5545,4335,21864,17216,17238,11257,9063
"30013",2011,3004,2566,2286,1608,644,2486,2924,2697,1756,863,5490,5490,4983,3364,1507
"30029",2011,2718,3487,2491,1876,1004,2531,2055,3310,2520,1222,5249,5542,5801,4396,2226
"30031",2011,2874,2204,2484,1476,2355,2964,2801,2219,1208,2082,5838,5005,4703,2684,4437
"30063",2011,2855,3799,2541,2134,1968,2796,2477,2928,1660,2132,5651,6276,5469,3794,4100
"30111",2011,5215,4326,5693,2836,1738,4588,4971,4617,3042,1926,9803,9297,10310,5878,3664
"31055",2011,20642,20201,18065,10669,7414,19760,19299,17747,10407,7159,40402,39500,35812,21076,14573
"31109",2011,10388,10099,8383,5239,6114,9551,9044,8756,4773,6444,19939,19143,17139,10012,12558
"31153",2011,6964,6802,6314,3976,1871,6349,6168,6248,3382,1635,13313,12970,12562,7358,3506
"32003",2011,70399,75034,63384,41429,24555,67881,69188,62541,39352,22633,138280,144222,125925,80781,47188
"32031",2011,14132,13801,14093,8391,5726,13660,13764,12638,8579,5578,27792,27565,26731,16970,11304
"33005",2011,1824,1693,2398,1506,1599,1836,2312,1780,1338,2057,3660,4005,4178,2844,3656
"33009",2011,1853,1829,2993,1518,2060,1856,2321,2264,1462,2026,3709,4150,5257,2980,4086
"33011",2011,11909,13500,13023,8446,5414,11204,14401,11158,8345,5324,23113,27901,24181,16791,10738
"33013",2011,4008,5155,4062,3042,2086,3600,3688,4789,2835,2148,7608,8843,8851,5877,4234
"33015",2011,7202,8315,10856,6615,3509,6799,8952,10256,6453,3102,14001,17267,21112,13068,6611
"33017",2011,3545,3328,4084,2147,2633,3219,2969,3378,2050,3573,6764,6297,7462,4197,6206
"34001",2011,8414,9129,8762,6160,3695,8053,7637,9261,5610,4017,16467,16766,18023,11770,7712
"34003",2011,25073,29127,29502,19823,11455,24417,28112,28502,17710,10460,49490,57239,58004,37533,21915
"34005",2011,12841,14080,15372,9394,5602,12397,13966,14653,9638,5000,25238,28046,30025,19032,10602
"34007",2011,17091,16438,18503,10979,6850,15969,16794,16672,10713,6038,33060,33232,35175,21692,12888
"34009",2011,1740,1641,3205,2135,1102,2562,2376,2709,1486,898,4302,4017,5914,3621,2000
"34011",2011,5409,5015,5325,2713,2265,5229,4782,5452,3539,1857,10638,9797,10777,6252,4122
"34013",2011,27523,26945,27387,16458,11380,26397,27285,25395,15976,10397,53920,54230,52782,32434,21777
"34015",2011,8016,9866,10920,6496,4331,9148,8336,10536,5999,3255,17164,18202,21456,12495,7586
"34017",2011,22360,17088,17351,11004,7935,21290,17447,15423,10141,6710,43650,34535,32774,21145,14645
"34019",2011,2898,5112,3864,3031,1619,2778,4597,4067,2741,1528,5676,9709,7931,5772,3147
"34021",2011,11062,11742,11755,7468,6044,10417,11215,11250,7130,6477,21479,22957,23005,14598,12521
"34023",2011,25091,25404,27363,16732,13326,24483,25969,23663,15685,11579,49574,51373,51026,32417,24905
"34025",2011,17203,18389,25148,14350,8114,16526,19383,22165,13888,7583,33729,37772,47313,28238,15697
"34027",2011,13267,16548,17909,11080,6470,13286,15563,17308,10555,5768,26553,32111,35217,21635,12238
"34029",2011,19668,18492,19681,11107,6108,18962,19200,17161,10942,5105,38630,37692,36842,22049,11213
"34031",2011,17729,16831,17885,10838,8082,16733,16258,16942,10380,7383,34462,33089,34827,21218,15465
"34033",2011,1983,2394,2212,1385,1123,1829,1905,2181,1401,662,3812,4299,4393,2786,1785
"34035",2011,9631,10678,12936,7795,4343,9175,12373,10074,6924,2940,18806,23051,23010,14719,7283
"34037",2011,4121,4470,5855,3824,2203,3337,4368,5171,3253,1694,7458,8838,11026,7077,3897
"34039",2011,18744,18412,18727,11399,7282,16985,17990,17477,10838,6561,35729,36402,36204,22237,13843
"34041",2011,2962,3907,3523,2533,1198,2745,2846,3840,2431,1330,5707,6753,7363,4964,2528
"35001",2011,23315,22350,23051,13594,9571,22347,19855,23219,12173,9414,45662,42205,46270,25767,18985
"35005",2011,2357,2415,2867,1509,2186,2183,1685,2824,1069,1001,4540,4100,5691,2578,3187
"35013",2011,8271,7984,7984,4518,4082,7676,8234,6815,4912,4205,15947,16218,14799,9430,8287
"35025",2011,2543,2443,2687,1237,817,3275,2521,2504,1462,927,5818,4964,5191,2699,1744
"35031",2011,3272,2996,3794,2068,1460,2806,3712,3309,1721,1270,6078,6708,7103,3789,2730
"35035",2011,3125,2469,1772,856,634,1637,2095,2435,1658,665,4762,4564,4207,2514,1299
"35043",2011,4365,5573,5373,3075,1989,4100,5035,4567,2812,1901,8465,10608,9940,5887,3890
"35045",2011,5913,5233,4852,3168,1320,4426,4361,5756,2499,1790,10339,9594,10608,5667,3110
"35049",2011,3972,2899,5619,3287,1684,3772,4162,3887,2061,1500,7744,7061,9506,5348,3184
"35061",2011,2832,2941,2606,1959,1402,2542,1666,3573,1761,1103,5374,4607,6179,3720,2505
"36001",2011,7671,7241,9531,5771,6002,7358,7740,8148,5541,7065,15029,14981,17679,11312,13067
"36005",2011,54417,51432,49666,32830,23577,51773,48866,47998,31294,21685,106190,100298,97664,64124,45262
"36007",2011,5500,6385,5599,3815,3912,4216,5224,5042,3574,3759,9716,11609,10641,7389,7671
"36009",2011,2379,2507,2673,1636,1160,2452,2772,2376,1630,1135,4831,5279,5049,3266,2295
"36011",2011,2138,1860,2775,1940,895,1858,2406,2355,1523,922,3996,4266,5130,3463,1817
"36013",2011,4213,4516,3674,2641,2515,3407,4193,3352,2526,2595,7620,8709,7026,5167,5110
"36015",2011,2327,1882,3208,1740,995,2606,1908,2826,1534,1143,4933,3790,6034,3274,2138
"36019",2011,2092,2105,2222,1543,1622,1818,2091,2160,1336,1660,3910,4196,4382,2879,3282
"36027",2011,7631,7988,10374,6602,5625,7439,7915,10195,6424,5719,15070,15903,20569,13026,11344
"36029",2011,25121,27745,27839,18879,14697,23711,26331,27548,17925,13203,48832,54076,55387,36804,27900
"36045",2011,4587,4421,3650,2159,1775,5274,4273,3259,2213,1278,9861,8694,6909,4372,3053
"36047",2011,93825,85499,75961,50040,31782,89202,74326,80433,48874,30257,183027,159825,156394,98914,62039
"36051",2011,1431,1793,1968,1156,1601,1382,1555,2060,1241,2055,2813,3348,4028,2397,3656
"36053",2011,1656,1905,2508,1503,1822,1805,2142,2057,1513,2329,3461,4047,4565,3016,4151
"36055",2011,21879,20162,26704,15832,13275,20981,22194,22924,14699,12375,42860,42356,49628,30531,25650
"36059",2011,37257,44128,44963,30749,18069,35963,39739,45098,28845,16835,73220,83867,90061,59594,34904
"36061",2011,41044,30159,30881,18655,16734,39082,28953,30268,18250,21627,80126,59112,61149,36905,38361
"36063",2011,6055,7049,6093,4850,2564,5343,5780,6541,3824,2995,11398,12829,12634,8674,5559
"36065",2011,7076,7099,7129,4891,3385,6070,6840,6658,4527,3874,13146,13939,13787,9418,7259
"36067",2011,14139,15305,14786,10062,7888,12978,14614,13961,9423,8973,27117,29919,28747,19485,16861
"36069",2011,2634,3868,3325,2447,1780,2770,3494,2918,2246,1385,5404,7362,6243,4693,3165
"36071",2011,13453,13013,15982,9025,6688,12541,13195,14387,8485,5191,25994,26208,30369,17510,11879
"36075",2011,3572,2992,4586,3122,2387,3280,4476,3109,2526,2642,6852,7468,7695,5648,5029
"36079",2011,1976,3687,3899,2444,1132,1994,3413,3521,2010,857,3970,7100,7420,4454,1989
"36081",2011,69917,63189,62674,41098,26847,66880,62101,58547,39162,24333,136797,125290,121221,80260,51180
"36083",2011,4534,4674,4479,3266,3522,4026,4974,4776,2677,2219,8560,9648,9255,5943,5741
"36085",2011,14454,14523,16337,10037,5966,13806,14867,14454,9397,5733,28260,29390,30791,19434,11699
"36087",2011,11828,12757,12349,7801,5030,12046,10875,12776,7167,4001,23874,23632,25125,14968,9031
"36089",2011,3135,4008,2608,2032,2849,2871,2919,3397,2101,2710,6006,6927,6005,4133,5559
"36091",2011,6369,6892,7403,4712,3085,5460,6017,7373,4549,2506,11829,12909,14776,9261,5591
"36093",2011,4002,4746,6001,3822,2827,4071,4719,4153,3123,2639,8073,9465,10154,6945,5466
"36101",2011,2710,3032,3628,2143,1281,2630,2833,3468,2114,1034,5340,5865,7096,4257,2315
"36103",2011,43272,48978,53987,34010,21210,41305,48597,49348,32288,18424,84577,97575,103335,66298,39634
"36105",2011,2028,2190,2946,1727,1251,2081,2129,2150,1803,1596,4109,4319,5096,3530,2847
"36109",2011,2369,2055,2164,1657,5424,1917,1976,2045,1547,5618,4286,4031,4209,3204,11042
"36111",2011,4012,5190,4909,3703,2870,4697,5264,4848,3314,2845,8709,10454,9757,7017,5715
"36113",2011,1583,1569,2138,1485,899,1455,1775,1811,1294,798,3038,3344,3949,2779,1697
"36117",2011,2802,2793,2936,2060,1351,3108,2713,3140,2164,879,5910,5506,6076,4224,2230
"36119",2011,29030,32082,33294,21290,13037,27598,30169,32230,19982,12628,56628,62251,65524,41272,25665
"37001",2011,5055,5446,4782,2769,2255,4431,5034,4803,3251,2590,9486,10480,9585,6020,4845
"37019",2011,3064,2163,3948,885,1552,2405,2935,2630,2044,549,5469,5098,6578,2929,2101
"37021",2011,5826,6550,7211,4554,2850,7184,6718,6780,3769,2399,13010,13268,13991,8323,5249
"37023",2011,2462,3032,2985,2277,1853,2445,2938,2161,1767,1326,4907,5970,5146,4044,3179
"37025",2011,6888,7797,7318,3788,2374,6968,5250,7914,4019,1615,13856,13047,15232,7807,3989
"37027",2011,1916,1975,3491,1837,926,2079,2556,2496,1405,1192,3995,4531,5987,3242,2118
"37031",2011,1133,1556,2398,1015,594,2844,1270,1859,1581,676,3977,2826,4257,2596,1270
"37035",2011,5120,5321,4755,3510,2292,4755,4781,4874,3035,2342,9875,10102,9629,6545,4634
"37045",2011,2562,3160,3333,1060,1342,3048,3499,2693,3109,1489,5610,6659,6026,4169,2831
"37049",2011,4374,2229,3532,1779,2379,3892,3164,2736,2296,790,8266,5393,6268,4075,3169
"37051",2011,13383,12126,11883,6317,5459,13037,11400,11232,6633,4879,26420,23526,23115,12950,10338
"37057",2011,4721,4962,6395,3932,1823,4296,5752,4689,3293,1848,9017,10714,11084,7225,3671
"37063",2011,11034,8541,7766,4541,4262,9891,8447,7631,4013,4756,20925,16988,15397,8554,9018
"37067",2011,12200,12443,12360,6934,4962,11574,10389,13184,6866,6336,23774,22832,25544,13800,11298
"37071",2011,6558,7202,6884,4116,2710,6524,6468,7335,3843,2340,13082,13670,14219,7959,5050
"37081",2011,15625,16495,16173,9901,7776,15269,15001,16709,9738,9819,30894,31496,32882,19639,17595
"37085",2011,4486,4384,5259,2332,1940,4999,3656,4999,2491,1560,9485,8040,10258,4823,3500
"37089",2011,3751,2427,3332,2308,795,3456,2850,3467,990,1571,7207,5277,6799,3298,2366
"37097",2011,4698,5066,8222,3374,2003,4719,4764,6774,3744,1878,9417,9830,14996,7118,3881
"37101",2011,5792,7878,6109,3574,2641,7172,6073,7778,3289,2792,12964,13951,13887,6863,5433
"37109",2011,2181,3640,1374,1587,707,2946,2489,2622,1490,983,5127,6129,3996,3077,1690
"37119",2011,35624,31125,36010,18744,12673,34062,34817,30891,17714,12225,69686,65942,66901,36458,24898
"37125",2011,2617,2721,2564,1735,2306,2713,2422,2628,1814,706,5330,5143,5192,3549,3012
"37127",2011,3124,3605,2615,1621,1496,3361,2069,3847,2610,1575,6485,5674,6462,4231,3071
"37129",2011,5942,5159,6428,3604,2989,5449,5450,5792,2919,4711,11391,10609,12220,6523,7700
"37133",2011,9136,5697,4533,2896,4845,8245,6592,5478,2599,2421,17381,12289,10011,5495,7266
"37135",2011,3022,4465,4105,2162,4988,3488,3803,4197,2537,5381,6510,8268,8302,4699,10369
"37147",2011,5335,4144,6799,2786,3736,5644,4721,5306,3345,5168,10979,8865,12105,6131,8904
"37151",2011,4606,4986,5287,3217,1849,4257,4189,5537,2646,1581,8863,9175,10824,5863,3430
"37155",2011,5059,6076,4187,2953,2648,5358,4741,5012,2968,2213,10417,10817,9199,5921,4861
"37157",2011,2350,2683,3977,1769,705,1904,2325,3432,1820,1034,4254,5008,7409,3589,1739
"37159",2011,4663,4731,4949,2621,1966,3642,5564,3443,2645,1879,8305,10295,8392,5266,3845
"37161",2011,1855,1859,2524,1182,839,2211,1574,2488,1166,787,4066,3433,5012,2348,1626
"37171",2011,2506,2822,1821,1741,1063,2139,2091,2633,1210,467,4645,4913,4454,2951,1530
"37179",2011,7730,9202,9356,4407,2768,7186,8301,10117,4969,2920,14916,17503,19473,9376,5688
"37183",2011,33422,34391,34707,19112,13599,31925,33661,34381,18395,12927,65347,68052,69088,37507,26526
"37191",2011,4449,3747,5137,2685,1669,4076,3922,4071,2410,1620,8525,7669,9208,5095,3289
"37193",2011,2150,2242,2055,1245,840,1853,1924,2314,1422,602,4003,4166,4369,2667,1442
"37195",2011,2040,3005,2723,1447,1709,3373,2845,2521,1920,1394,5413,5850,5244,3367,3103
"38015",2011,2806,2927,2486,1372,1217,2974,3335,1518,1435,1176,5780,6262,4004,2807,2393
"38017",2011,5162,3985,4956,2333,3044,5210,5456,3165,2460,3081,10372,9441,8121,4793,6125
"38035",2011,2015,1738,1428,988,2022,2626,1477,1785,1002,1932,4641,3215,3213,1990,3954
"39003",2011,3799,3523,3486,2233,2209,3071,4386,2580,2135,1423,6870,7909,6066,4368,3632
"39007",2011,3276,3663,3093,2164,1184,2767,2915,3454,2087,1046,6043,6578,6547,4251,2230
"39013",2011,1698,2161,1787,1334,958,1764,1478,2399,1187,627,3462,3639,4186,2521,1585
"39017",2011,12569,12083,15092,7836,6465,11920,12171,13461,7209,6342,24489,24254,28553,15045,12807
"39023",2011,4530,4747,4231,2907,1644,4044,4172,5138,2481,2041,8574,8919,9369,5388,3685
"39025",2011,6622,7528,7320,4758,2515,6219,6490,7263,4096,2070,12841,14018,14583,8854,4585
"39029",2011,2936,2634,3990,2303,1213,3048,2524,3723,2134,1261,5984,5158,7713,4437,2474
"39035",2011,37467,37550,42004,26736,17745,36452,36974,40076,25909,17059,73919,74524,82080,52645,34804
"39041",2011,6704,8239,7740,3842,2449,5583,7506,7480,3569,2183,12287,15745,15220,7411,4632
"39043",2011,1931,2793,2098,1603,743,1927,2474,2530,1470,392,3858,5267,4628,3073,1135
"39045",2011,5215,4192,6295,3807,2583,4391,5287,5045,3315,1655,9606,9479,11340,7122,4238
"39049",2011,43030,43121,34440,22315,17767,41529,40329,34030,21957,17313,84559,83450,68470,44272,35080
"39055",2011,2490,3341,3405,2467,1186,2463,3075,3579,2365,1048,4953,6416,6984,4832,2234
"39057",2011,4848,4734,5383,2894,3641,4165,4356,4918,3476,4330,9013,9090,10301,6370,7971
"39061",2011,27256,26772,24987,16381,11958,26591,25185,24876,15486,11522,53847,51957,49863,31867,23480
"39063",2011,2257,2264,2459,1746,1033,2505,2650,2159,1426,1912,4762,4914,4618,3172,2945
"39081",2011,1575,2585,1397,1436,946,1610,1635,1856,1357,1247,3185,4220,3253,2793,2193
"39085",2011,6164,7344,8060,4640,2962,5535,7007,6828,4445,2899,11699,14351,14888,9085,5861
"39089",2011,5123,5829,6428,3712,2443,4808,5635,5903,3402,2188,9931,11464,12331,7114,4631
"39093",2011,9042,9985,10557,6308,4245,8356,8174,11390,6758,3584,17398,18159,21947,13066,7829
"39095",2011,14886,15020,14042,9067,7133,14551,15943,12006,8801,6501,29437,30963,26048,17868,13634
"39099",2011,6710,5533,8639,4793,3105,5903,7246,6604,4649,2692,12613,12779,15243,9442,5797
"39101",2011,1861,2521,1509,1526,818,1788,2213,1782,1209,325,3649,4734,3291,2735,1143
"39103",2011,5227,6030,6785,3953,2131,4626,6302,6229,3710,2010,9853,12332,13014,7663,4141
"39109",2011,3352,3681,3186,2148,1183,2845,2364,4898,1972,1046,6197,6045,8084,4120,2229
"39113",2011,16676,16389,17879,10484,7683,16585,16197,17257,10279,7122,33261,32586,35136,20763,14805
"39119",2011,2807,2748,2852,1825,1129,2423,3067,2869,1970,1316,5230,5815,5721,3795,2445
"39133",2011,4435,5021,4436,3038,3301,3835,4771,4479,2756,4476,8270,9792,8915,5794,7777
"39139",2011,3729,3010,4710,2409,1881,3514,3953,3679,2321,1268,7243,6963,8389,4730,3149
"39141",2011,2257,2097,2985,1431,891,2272,1875,2962,1557,775,4529,3972,5947,2988,1666
"39145",2011,2263,3016,2425,1532,1037,2243,2411,2511,1396,1375,4506,5427,4936,2928,2412
"39151",2011,11020,11538,13275,8267,5180,10201,11408,11703,6991,4957,21221,22946,24978,15258,10137
"39153",2011,15555,17023,17293,11061,7601,15706,16253,16868,11442,7106,31261,33276,34161,22503,14707
"39155",2011,5845,6225,6756,4125,2437,5490,6008,6682,4205,2627,11335,12233,13438,8330,5064
"39157",2011,2762,2654,3627,1923,1175,2876,3715,2149,1897,989,5638,6369,5776,3820,2164
"39165",2011,7298,8868,8933,4955,2360,6097,8773,8132,4863,2044,13395,17641,17065,9818,4404
"39169",2011,4170,4452,3618,2483,1778,3835,4414,3346,2373,2782,8005,8866,6964,4856,4560
"39173",2011,3551,3651,3845,2623,3100,3307,3824,3490,2564,3912,6858,7475,7335,5187,7012
"40017",2011,4368,5189,4326,2802,1516,4186,3916,4680,2432,1288,8554,9105,9006,5234,2804
"40027",2011,8471,8290,8843,4387,5347,7826,8240,8230,4569,5158,16297,16530,17073,8956,10505
"40031",2011,4813,4555,3943,2243,3255,4873,4949,3948,2221,1254,9686,9504,7891,4464,4509
"40037",2011,2076,2904,2265,1718,1058,2049,2739,1906,1356,880,4125,5643,4171,3074,1938
"40101",2011,2591,2043,2805,1325,919,2546,2788,2042,1443,1182,5137,4831,4847,2768,2101
"40109",2011,29258,26946,24990,14426,10024,27933,26458,22997,13216,8626,57191,53404,47987,27642,18650
"40119",2011,2157,1998,1848,1130,3386,2083,1922,1817,1462,2995,4240,3920,3665,2592,6381
"40125",2011,2350,2707,2274,1585,1263,2293,2047,2729,1385,1446,4643,4754,5003,2970,2709
"40131",2011,2599,2774,3666,2075,1126,2881,2713,3462,2082,1086,5480,5487,7128,4157,2212
"40143",2011,23133,23071,21115,12358,8192,22456,20184,21240,11985,7651,45589,43255,42355,24343,15843
"40145",2011,2145,2935,2777,1896,1041,2347,2847,2870,1325,1416,4492,5782,5647,3221,2457
"41003",2011,2193,1947,2361,1434,3081,1536,2487,1439,1196,2748,3729,4434,3800,2630,5829
"41005",2011,12173,10825,14942,9137,4817,9043,12294,12238,7437,4154,21216,23119,27180,16574,8971
"41017",2011,4677,4847,5449,3552,1797,5130,5673,4152,2631,1588,9807,10520,9601,6183,3385
"41019",2011,2990,2641,3225,2412,1605,2329,2839,3151,1982,982,5319,5480,6376,4394,2587
"41029",2011,5718,6192,6215,3530,3338,5741,5576,7094,4072,2534,11459,11768,13309,7602,5872
"41033",2011,1917,2161,2407,2292,855,2451,1785,2640,759,814,4368,3946,5047,3051,1669
"41035",2011,1966,2015,1917,1376,1252,1918,2117,1934,1242,831,3884,4132,3851,2618,2083
"41039",2011,9764,8940,10481,5613,7118,8468,9063,9772,6268,6672,18232,18003,20253,11881,13790
"41043",2011,3498,3710,5233,1968,1673,3690,3556,3945,2104,1514,7188,7266,9178,4072,3187
"41047",2011,12265,11055,12750,7121,4326,12004,10651,11441,6667,4348,24269,21706,24191,13788,8674
"41051",2011,24407,23828,17400,11665,8184,23422,22882,17672,11078,8288,47829,46710,35072,22743,16472
"41053",2011,2167,2786,2415,1232,1134,2393,1290,3916,1759,1550,4560,4076,6331,2991,2684
"41059",2011,3266,2238,3465,1954,916,2562,2624,2679,1592,650,5828,4862,6144,3546,1566
"41067",2011,19578,19091,20039,11060,6507,18581,16634,20617,11179,5657,38159,35725,40656,22239,12164
"41071",2011,3338,3597,3758,2107,2247,2771,2977,3373,2535,1127,6109,6574,7131,4642,3374
"42001",2011,2729,3202,3199,2271,1464,2551,2790,3357,1988,1518,5280,5992,6556,4259,2982
"42003",2011,32557,33006,34196,22467,17451,31205,35420,29097,21233,17136,63762,68426,63293,43700,34587
"42005",2011,1705,1810,2250,1464,839,1673,1514,2145,1268,678,3378,3324,4395,2732,1517
"42007",2011,4542,4925,4880,3360,2451,4237,4352,4932,3284,2168,8779,9277,9812,6644,4619
"42011",2011,12805,13797,13765,9298,6777,12373,12531,14100,8220,7366,25178,26328,27865,17518,14143
"42013",2011,3744,4099,3258,2270,1875,3547,3206,4024,2346,1630,7291,7305,7282,4616,3505
"42017",2011,16763,18146,23407,14076,8423,16519,19139,20042,13082,7179,33282,37285,43449,27158,15602
"42019",2011,5112,5649,5926,4245,2881,5213,4945,6128,3412,2847,10325,10594,12054,7657,5728
"42021",2011,3783,3844,4356,2701,2100,3374,3841,3489,2487,2326,7157,7685,7845,5188,4426
"42025",2011,1681,1728,2161,1267,975,1652,1654,2102,1119,892,3333,3382,4263,2386,1867
"42027",2011,3283,3977,3001,2115,5428,2913,3347,2816,2209,6305,6196,7324,5817,4324,11733
"42029",2011,15684,17853,18010,11267,7354,14906,15569,18989,10773,8136,30590,33422,36999,22040,15490
"42033",2011,1949,1645,2881,1560,872,1810,2391,1834,1543,843,3759,4036,4715,3103,1715
"42037",2011,1693,1604,1986,1216,1799,1354,1684,1435,1291,2587,3047,3288,3421,2507,4386
"42039",2011,2442,2774,2841,1811,1592,2253,2494,2940,1702,1764,4695,5268,5781,3513,3356
"42041",2011,6404,6250,8313,4256,4454,5812,7430,5524,4175,5075,12216,13680,13837,8431,9529
"42043",2011,8624,7863,9234,5729,3286,8132,7549,9038,5556,3182,16756,15412,18272,11285,6468
"42045",2011,16992,16686,19171,12812,10979,16472,16770,17997,11392,10012,33464,33456,37168,24204,20991
"42049",2011,8406,10321,7819,5879,5503,8078,7492,9362,5584,5744,16484,17813,17181,11463,11247
"42051",2011,3325,3866,3793,2529,1507,3389,4425,3622,2350,1202,6714,8291,7415,4879,2709
"42055",2011,4554,4647,5390,3662,1826,5155,4873,4272,3106,1513,9709,9520,9662,6768,3339
"42063",2011,2196,2257,2551,1482,2655,2042,1957,2333,1600,3130,4238,4214,4884,3082,5785
"42069",2011,5792,6041,5825,4621,3150,5795,5262,6322,4005,3079,11587,11303,12147,8626,6229
"42071",2011,17920,19742,16579,11283,6907,17410,16347,18259,10952,7469,35330,36089,34838,22235,14376
"42073",2011,2552,2601,2834,1774,1174,2518,3548,1869,1539,1353,5070,6149,4703,3313,2527
"42075",2011,4089,4489,4549,2393,1819,4071,3548,4803,2632,2030,8160,8037,9352,5025,3849
"42077",2011,11403,11548,12008,7673,4941,10014,10000,12508,7032,4883,21417,21548,24516,14705,9824
"42079",2011,8402,7891,10361,6295,4612,7705,8245,9317,5756,4008,16107,16136,19678,12051,8620
"42081",2011,3206,3098,4077,2658,2009,2686,2749,3395,1889,1510,5892,5847,7472,4547,3519
"42085",2011,2857,3894,3211,2836,2016,2811,3164,3657,2175,1635,5668,7058,6868,5011,3651
"42089",2011,4220,5292,6328,4058,3348,3868,5868,5755,3904,3219,8088,11160,12083,7962,6567
"42091",2011,23845,25967,25884,16885,9748,22622,24286,26178,16039,9799,46467,50253,52062,32924,19547
"42095",2011,7895,10251,8655,6746,5288,7371,7593,10043,5438,5149,15266,17844,18698,12184,10437
"42097",2011,2531,2552,2799,1823,1014,2485,3006,2049,1605,858,5016,5558,4848,3428,1872
"42101",2011,53435,47513,45282,29350,25463,51633,47135,42333,29291,26659,105068,94648,87615,58641,52122
"42107",2011,4038,4749,3422,2946,1716,3324,3554,4055,2865,1311,7362,8303,7477,5811,3027
"42111",2011,1754,2250,2047,1484,811,1827,1935,2164,1326,711,3581,4185,4211,2810,1522
"42125",2011,5282,5399,6355,4240,2728,5352,5572,6117,4101,2910,10634,10971,12472,8341,5638
"42129",2011,8790,9100,11432,7165,4669,8176,9296,10622,6452,4494,16966,18396,22054,13617,9163
"42133",2011,13307,12580,16502,9424,5966,12860,13759,13657,8788,5146,26167,26339,30159,18212,11112
"44003",2011,4371,5420,4780,3105,1935,3524,4998,4036,3131,1419,7895,10418,8816,6236,3354
"44005",2011,1676,2344,2331,1670,1008,1841,2231,2216,1160,1795,3517,4575,4547,2830,2803
"44007",2011,18727,18288,19933,12296,10917,18077,16941,19287,12264,11497,36804,35229,39220,24560,22414
"44009",2011,2522,3668,3562,2527,3155,2667,3597,3526,2334,3827,5189,7265,7088,4861,6982
"45003",2011,4319,4824,5498,3442,2433,3913,5716,4613,3279,2782,8232,10540,10111,6721,5215
"45007",2011,5911,5766,7506,3808,2321,6011,5871,5856,3708,2164,11922,11637,13362,7516,4485
"45013",2011,4998,5101,3482,2857,2567,5738,6180,4032,2100,2271,10736,11281,7514,4957,4838
"45015",2011,6322,5807,6338,3440,2343,7129,6574,6268,4174,2160,13451,12381,12606,7614,4503
"45019",2011,11937,12670,7396,5381,5321,11372,10320,9531,5342,5282,23309,22990,16927,10723,10603
"45031",2011,2393,2273,2221,1683,2171,2016,2630,2004,1254,1004,4409,4903,4225,2937,3175
"45035",2011,5059,4717,5592,3485,2584,4885,5078,5971,2786,2329,9944,9795,11563,6271,4913
"45041",2011,4544,3967,5464,2696,1684,4968,5441,3798,2768,2159,9512,9408,9262,5464,3843
"45045",2011,16384,15206,16264,9472,6092,16297,13518,16076,8512,5995,32681,28724,32340,17984,12087
"45047",2011,2977,1711,2918,1578,1360,1775,2503,1827,1181,1088,4752,4214,4745,2759,2448
"45051",2011,7248,6862,8504,4815,2735,8202,5896,9231,3992,3993,15450,12758,17735,8807,6728
"45057",2011,2677,2613,2448,1479,2052,1942,1796,3517,1275,831,4619,4409,5965,2754,2883
"45059",2011,2147,2446,2174,1438,1143,1836,2285,2070,874,1138,3983,4731,4244,2312,2281
"45063",2011,9338,10774,8258,5153,3855,8326,8955,8482,5233,2794,17664,19729,16740,10386,6649
"45073",2011,3337,2345,1729,1228,1237,2379,1737,2511,1063,730,5716,4082,4240,2291,1967
"45075",2011,3223,2666,3114,1881,1841,2892,2770,2676,1736,2149,6115,5436,5790,3617,3990
"45077",2011,3852,3272,3570,2177,3635,2782,2876,3885,1891,3479,6634,6148,7455,4068,7114
"45079",2011,12636,12371,12785,7545,9527,11497,11865,12488,7015,8418,24133,24236,25273,14560,17945
"45083",2011,9693,9022,10663,6068,4240,9313,11087,7416,6098,5516,19006,20109,18079,12166,9756
"45085",2011,3734,3601,3830,2290,1703,4026,4819,2802,2082,1899,7760,8420,6632,4372,3602
"45091",2011,8209,9514,7055,4978,3593,8359,8148,7414,5131,3097,16568,17662,14469,10109,6690
"46099",2011,6470,5919,5772,3434,2390,6395,5868,5413,3471,1922,12865,11787,11185,6905,4312
"46103",2011,3483,3038,4243,1814,1362,4132,3278,3029,1800,1682,7615,6316,7272,3614,3044
"47001",2011,1695,1987,2221,1641,882,2017,2249,2304,1425,864,3712,4236,4525,3066,1746
"47009",2011,3006,4228,4156,2478,849,3475,2816,4874,2239,1251,6481,7044,9030,4717,2100
"47011",2011,3778,4403,2726,1817,1649,2587,2205,3438,1784,2707,6365,6608,6164,3601,4356
"47037",2011,23095,19818,17536,10304,9048,22099,19980,16328,9306,8378,45194,39798,33864,19610,17426
"47059",2011,1673,2665,2050,1468,848,1639,1993,2407,816,676,3312,4658,4457,2284,1524
"47065",2011,10699,10271,10153,6158,4216,10044,9537,10577,5710,5039,20743,19808,20730,11868,9255
"47093",2011,12565,14055,13716,8152,6940,13308,11279,13934,7073,7013,25873,25334,27650,15225,13953
"47113",2011,3387,3294,3445,2110,2247,3146,3719,2639,1862,2174,6533,7013,6084,3972,4421
"47119",2011,2886,3280,2807,1863,739,2378,2851,2137,1657,1282,5264,6131,4944,3520,2021
"47125",2011,7329,8125,5394,3817,2887,7458,8200,5026,3527,1882,14787,16325,10420,7344,4769
"47141",2011,2403,1784,2166,1444,2994,2119,1893,2267,1434,1846,4522,3677,4433,2878,4840
"47147",2011,1609,2767,1870,1328,615,3246,3013,1799,1564,583,4855,5780,3669,2892,1198
"47149",2011,10718,8492,10849,5749,4256,8440,11426,8316,5311,4827,19158,19918,19165,11060,9083
"47155",2011,3113,3073,2532,1786,996,3344,1407,3930,2318,798,6457,4480,6462,4104,1794
"47157",2011,34467,31409,35856,21315,14315,33013,30437,35184,21586,13772,67480,61846,71040,42901,28087
"47163",2011,3931,4011,5015,3024,1779,3746,3782,5252,2795,1610,7677,7793,10267,5819,3389
"47165",2011,5471,4585,7138,3364,1776,4327,5522,6540,3824,1547,9798,10107,13678,7188,3323
"47179",2011,3285,3960,3263,2114,1911,2778,2783,4319,2081,1964,6063,6743,7582,4195,3875
"47187",2011,5855,7949,10069,4665,2057,5620,7711,7918,4427,2101,11475,15660,17987,9092,4158
"47189",2011,3461,2817,5673,2783,1629,3635,4408,3528,2332,1187,7096,7225,9201,5115,2816
"48005",2011,2928,3821,3389,2318,1335,2901,3291,3011,1482,1622,5829,7112,6400,3800,2957
"48021",2011,2708,2064,3086,2320,1946,1086,2271,3123,1470,372,3794,4335,6209,3790,2318
"48027",2011,14688,13883,10262,6947,4915,13690,14214,8954,6494,4315,28378,28097,19216,13441,9230
"48029",2011,67776,65512,68207,38771,29581,64662,63651,65777,38340,26050,132438,129163,133984,77111,55631
"48037",2011,2799,3451,2798,2246,1624,3100,2364,3845,1837,1632,5899,5815,6643,4083,3256
"48039",2011,12100,13388,12238,6918,4468,12818,13233,10337,6632,3368,24918,26621,22575,13550,7836
"48041",2011,6746,6007,4996,2885,8742,5711,4632,6279,2523,7294,12457,10639,11275,5408,16036
"48061",2011,18594,19678,19785,11228,7402,17966,19781,17756,10821,6492,36560,39459,37541,22049,13894
"48085",2011,30150,35073,33200,19147,10857,28708,34525,31408,17728,8037,58858,69598,64608,36875,18894
"48091",2011,3347,4080,3863,2799,1595,3068,3484,3811,1758,1470,6415,7564,7674,4557,3065
"48099",2011,3106,3985,2460,828,1422,3072,2684,3217,1704,1407,6178,6669,5677,2532,2829
"48113",2011,101379,99673,86271,53902,33769,96408,93864,84915,50746,31680,197787,193537,171186,104648,65449
"48121",2011,25734,27986,26796,15652,8914,24559,25736,26830,13862,10116,50293,53722,53626,29514,19030
"48135",2011,6220,5690,6012,3288,2085,6063,5043,6072,2631,2052,12283,10733,12084,5919,4137
"48139",2011,5634,6566,6101,3946,2565,5292,7525,4668,3816,2023,10926,14091,10769,7762,4588
"48141",2011,33458,31920,37073,22002,14667,32483,32055,34698,20174,12926,65941,63975,71771,42176,27593
"48157",2011,22361,26895,25650,15614,8257,21529,22495,26828,14882,7535,43890,49390,52478,30496,15792
"48167",2011,11080,11059,9960,6834,4420,9355,10016,10868,5723,3502,20435,21075,20828,12557,7922
"48181",2011,3705,5078,3396,2366,1864,3522,3723,4868,2287,1388,7227,8801,8264,4653,3252
"48183",2011,4664,4427,4419,3251,1889,4495,5547,2850,1967,1633,9159,9974,7269,5218,3522
"48187",2011,4865,6563,4097,3232,1508,4223,3843,6684,3362,1821,9088,10406,10781,6594,3329
"48201",2011,175676,169770,156291,93532,60432,168976,167284,145371,88858,54774,344652,337054,301662,182390,115206
"48203",2011,2753,3030,1818,1465,1177,1958,2480,2534,1202,891,4711,5510,4352,2667,2068
"48209",2011,5333,6269,5354,3716,4827,5693,5997,4436,3250,3291,11026,12266,9790,6966,8118
"48213",2011,2492,2972,2228,1500,1204,2209,3290,1535,1504,947,4701,6262,3763,3004,2151
"48215",2011,39039,41791,36792,22327,14443,38325,37755,37509,21128,12727,77364,79546,74301,43455,27170
"48231",2011,3058,3293,2970,2108,1237,2576,3384,2829,1465,1123,5634,6677,5799,3573,2360
"48245",2011,8882,7007,9663,5425,3324,8554,6963,9272,4947,3169,17436,13970,18935,10372,6493
"48251",2011,5876,5699,5974,3185,2344,5181,6460,4984,3664,1555,11057,12159,10958,6849,3899
"48257",2011,4175,3956,4922,3327,1548,3653,3207,4831,2038,1056,7828,7163,9753,5365,2604
"48291",2011,2873,2839,2270,1531,993,2652,2667,2976,1621,659,5525,5506,5246,3152,1652
"48303",2011,10129,8302,10849,5476,6914,10085,10458,8269,5042,7355,20214,18760,19118,10518,14269
"48309",2011,8731,8610,8164,5284,5674,8212,8404,7829,4749,5916,16943,17014,15993,10033,11590
"48329",2011,5817,5495,5160,3174,1862,5382,4830,5218,2805,2508,11199,10325,10378,5979,4370
"48339",2011,16956,20103,17455,10393,6461,17142,17825,18512,10845,5309,34098,37928,35967,21238,11770
"48347",2011,2586,1602,2639,1210,1604,2135,2162,2042,900,3039,4721,3764,4681,2110,4643
"48355",2011,12046,13353,11608,7578,5476,11734,13057,11838,6976,4872,23780,26410,23446,14554,10348
"48361",2011,2616,3406,3203,1474,1084,2266,2503,3411,1545,1201,4882,5909,6614,3019,2285
"48367",2011,3691,3930,4513,2755,1608,3348,3757,4482,2982,1364,7039,7687,8995,5737,2972
"48375",2011,5660,5429,4040,2363,1955,4764,4850,4397,2677,1712,10424,10279,8437,5040,3667
"48381",2011,4281,4136,4766,2434,2245,3670,4464,3930,2398,2315,7951,8600,8696,4832,4560
"48397",2011,2973,2629,4324,2364,958,3045,2402,3820,2114,1261,6018,5031,8144,4478,2219
"48409",2011,2194,2060,3164,2095,1539,2403,2288,2390,1470,759,4597,4348,5554,3565,2298
"48423",2011,7713,7608,7809,4838,3125,7451,6460,8297,4228,2913,15164,14068,16106,9066,6038
"48439",2011,72967,74733,73508,41850,25220,71095,66542,74379,40065,24023,144062,141275,147887,81915,49243
"48441",2011,5108,4617,3425,2710,1404,4780,4978,4260,2440,3036,9888,9595,7685,5150,4440
"48451",2011,4160,4320,3245,2067,2839,3549,4694,2210,2016,2302,7709,9014,5455,4083,5141
"48453",2011,40128,37822,33122,18734,15282,38611,35673,32101,17919,14246,78739,73495,65223,36653,29528
"48469",2011,4023,2864,3499,1859,1581,2924,3899,2396,1660,1083,6947,6763,5895,3519,2664
"48471",2011,708,1103,1300,720,1675,2057,1687,894,1126,3359,2765,2790,2194,1846,5034
"48479",2011,13637,12736,12195,7570,4594,12353,13050,10636,7174,4487,25990,25786,22831,14744,9081
"48485",2011,4860,3703,4213,2423,3497,4282,3549,5012,2046,2102,9142,7252,9225,4469,5599
"48491",2011,16605,20293,17962,9702,4975,16196,18258,17486,9047,4817,32801,38551,35448,18749,9792
"49005",2011,5797,5355,4659,2508,2279,5374,5260,4414,2359,3186,11171,10615,9073,4867,5465
"49011",2011,15941,17891,12485,7869,4153,14918,16203,12814,7379,3824,30859,34094,25299,15248,7977
"49035",2011,46596,47395,38168,23395,14025,43933,40242,42536,21650,12907,90529,87637,80704,45045,26932
"49049",2011,30297,27290,24447,13029,11408,28125,23791,25753,11786,14413,58422,51081,50200,24815,25821
"49053",2011,6112,7605,5611,3529,2176,7026,4144,5898,2862,2353,13138,11749,11509,6391,4529
"49057",2011,10247,9152,11187,5267,3330,10004,9084,9800,5101,3181,20251,18236,20987,10368,6511
"50007",2011,3991,4310,4337,2807,4032,3867,3615,4787,2892,4330,7858,7925,9124,5699,8362
"51003",2011,3207,2752,3480,1943,2586,2676,2901,2772,1713,2188,5883,5653,6252,3656,4774
"51013",2011,5690,5271,3419,2303,1898,6703,6036,3009,1933,1494,12393,11307,6428,4236,3392
"51015",2011,1804,2458,2000,1706,863,1949,1643,2584,1544,858,3753,4101,4584,3250,1721
"51019",2011,2091,2349,2211,1592,968,1708,2430,2431,1575,456,3799,4779,4642,3167,1424
"51041",2011,9755,11298,12829,7523,4621,9866,10521,11900,7949,3900,19621,21819,24729,15472,8521
"51059",2011,37769,35445,39885,22932,13423,36285,37100,34735,21156,12238,74054,72545,74620,44088,25661
"51061",2011,2529,2089,2446,1512,647,1754,2687,1105,1425,1023,4283,4776,3551,2937,1670
"51069",2011,3217,3324,2131,1898,1293,1896,2945,2314,1641,744,5113,6269,4445,3539,2037
"51085",2011,2533,2472,4513,2708,1362,2786,3497,3441,2285,1287,5319,5969,7954,4993,2649
"51087",2011,9933,9362,11684,6456,3096,10167,11258,9038,6075,3390,20100,20620,20722,12531,6486
"51095",2011,1274,1468,3288,1175,1194,2083,2265,1153,1836,636,3357,3733,4441,3011,1830
"51107",2011,13909,15586,12833,7555,3467,13409,12416,15529,6973,3847,27318,28002,28362,14528,7314
"51121",2011,2127,2182,2307,1379,4512,1906,1689,2221,1162,3971,4033,3871,4528,2541,8483
"51153",2011,17175,18152,16194,9796,5559,16590,19017,13603,8771,5253,33765,37169,29797,18567,10812
"51161",2011,2631,2213,3318,1985,1221,2128,2489,3122,1856,899,4759,4702,6440,3841,2120
"51165",2011,1971,2428,2310,1871,1482,2151,2069,3468,1626,952,4122,4497,5778,3497,2434
"51177",2011,4436,3556,5351,3693,1401,3560,5782,4604,2329,1225,7996,9338,9955,6022,2626
"51179",2011,3741,4757,6147,3872,1558,4862,5592,4763,3492,1960,8603,10349,10910,7364,3518
"51199",2011,2058,2528,3513,1704,1087,2074,1739,2757,1235,586,4132,4267,6270,2939,1673
"51510",2011,5240,3284,2510,1939,705,5382,3666,1881,1327,766,10622,6950,4391,3266,1471
"51550",2011,7638,8066,8139,5261,3708,6786,8872,7245,5024,2711,14424,16938,15384,10285,6419
"51650",2011,4485,3933,5007,2922,2220,4047,4006,3911,2800,2815,8532,7939,8918,5722,5035
"51680",2011,1903,2019,1776,1771,2320,2113,1147,2002,583,3488,4016,3166,3778,2354,5808
"51700",2011,6888,5748,5455,3568,3150,6532,6272,5678,3483,2986,13420,12020,11133,7051,6136
"51710",2011,8715,6664,6753,3269,5588,8269,6990,6574,3579,4860,16984,13654,13327,6848,10448
"51740",2011,3558,2988,3248,1994,798,3460,3116,2693,1826,1038,7018,6104,5941,3820,1836
"51760",2011,7211,5192,5033,2750,4062,6280,5063,4711,2770,4576,13491,10255,9744,5520,8638
"51770",2011,3632,2542,2758,1858,995,3496,2730,2741,1189,1261,7128,5272,5499,3047,2256
"51800",2011,2973,3399,2822,1743,914,2628,2891,3233,1695,852,5601,6290,6055,3438,1766
"51810",2011,15179,14373,14930,9135,5525,14360,13688,14085,8766,5347,29539,28061,29015,17901,10872
"53005",2011,7472,4934,8957,4100,2557,5763,6780,6092,3962,2663,13235,11714,15049,8062,5220
"53007",2011,3624,1608,2988,1722,1134,1290,1670,3238,2253,1296,4914,3278,6226,3975,2430
"53009",2011,1605,2211,1522,1068,533,1449,1627,2028,1351,819,3054,3838,3550,2419,1352
"53011",2011,15014,18245,14721,9577,5175,14037,14504,16541,10122,5131,29051,32749,31262,19699,10306
"53015",2011,3063,4587,2929,2183,1126,3202,2639,3744,2273,914,6265,7226,6673,4456,2040
"53021",2011,4397,4832,3485,1623,2273,4264,4527,2988,2339,777,8661,9359,6473,3962,3050
"53025",2011,4110,3851,3865,2198,1459,4070,4177,3419,2130,1015,8180,8028,7284,4328,2474
"53027",2011,2311,2128,2038,1252,790,1927,1857,2555,1309,1101,4238,3985,4593,2561,1891
"53029",2011,1813,2016,2502,1477,756,1892,1946,2448,1292,641,3705,3962,4950,2769,1397
"53033",2011,62818,58204,57789,35155,23631,59912,54006,57042,32115,21509,122730,112210,114831,67270,45140
"53035",2011,7308,8166,7653,5096,3912,7303,7903,7459,4555,3223,14611,16069,15112,9651,7135
"53041",2011,2326,1806,3157,1757,1069,2010,2002,2681,1619,841,4336,3808,5838,3376,1910
"53053",2011,28389,27497,28004,16558,11473,27308,25169,27575,16109,9923,55697,52666,55579,32667,21396
"53057",2011,4091,2988,4521,2852,1483,3607,4553,3022,2068,1691,7698,7541,7543,4920,3174
"53061",2011,24013,23936,24689,15698,8511,23108,25156,21897,14586,8661,47121,49092,46586,30284,17172
"53063",2011,15115,14979,16154,8993,7414,14833,13071,16033,9319,7407,29948,28050,32187,18312,14821
"53067",2011,7776,7470,8941,4908,3410,7718,6419,9404,5432,3086,15494,13889,18345,10340,6496
"53073",2011,5453,5990,6741,4279,3364,4959,5277,5626,3360,4443,10412,11267,12367,7639,7807
"53077",2011,11474,11853,9347,6062,4054,10421,9552,10583,5533,3854,21895,21405,19930,11595,7908
"54003",2011,4089,2960,3853,2073,1056,3255,4213,3802,1813,1001,7344,7173,7655,3886,2057
"54011",2011,2913,2401,2840,1531,2052,2787,2896,2572,1543,2355,5700,5297,5412,3074,4407
"54033",2011,2043,2233,2208,1364,687,1970,2397,1513,1263,666,4013,4630,3721,2627,1353
"54039",2011,5482,5510,5664,3409,2391,5293,5542,5073,3117,1791,10775,11052,10737,6526,4182
"54061",2011,2589,1881,2423,1614,3779,2027,1532,2541,1251,4185,4616,3413,4964,2865,7964
"54081",2011,2503,2126,2397,1235,851,2270,2315,2059,1369,730,4773,4441,4456,2604,1581
"54107",2011,2480,2758,2690,1990,1042,2368,2565,2537,1617,866,4848,5323,5227,3607,1908
"55009",2011,8483,8707,9139,5446,3311,8470,7789,9469,4539,3933,16953,16496,18608,9985,7244
"55025",2011,15360,16220,14261,8157,8700,14585,13765,14941,8550,9885,29945,29985,29202,16707,18585
"55027",2011,2418,2891,2755,1898,996,2414,3186,2632,1807,780,4832,6077,5387,3705,1776
"55035",2011,2635,2145,3094,2023,2712,2706,2863,2554,1951,2613,5341,5008,5648,3974,5325
"55039",2011,3011,2851,3928,2266,1375,2883,3041,2907,2051,1259,5894,5892,6835,4317,2634
"55055",2011,2480,2481,3614,1613,1480,2522,1997,3314,1677,1896,5002,4478,6928,3290,3376
"55059",2011,4881,5238,7948,4658,2547,4957,5395,6790,2897,2242,9838,10633,14738,7555,4789
"55063",2011,3407,3585,3096,2543,2389,2961,3414,3133,2191,3118,6368,6999,6229,4734,5507
"55071",2011,2069,2533,2330,1715,867,2195,2395,2630,2007,848,4264,4928,4960,3722,1715
"55073",2011,4537,4765,4314,3128,1733,3944,3972,4675,2811,1282,8481,8737,8989,5939,3015
"55079",2011,36060,31949,33357,19480,14944,34719,31008,31727,18998,14263,70779,62957,65084,38478,29207
"55087",2011,5912,6487,6893,3927,2506,5445,5164,6454,3806,2264,11357,11651,13347,7733,4770
"55089",2011,2123,2940,3019,2183,1182,1930,2737,3185,1731,1332,4053,5677,6204,3914,2514
"55097",2011,2390,1785,1980,1542,1782,1698,1729,2011,1156,2138,4088,3514,3991,2698,3920
"55101",2011,7120,6667,6975,4149,2783,5328,6783,6557,4070,2518,12448,13450,13532,8219,5301
"55105",2011,5280,6346,5011,3333,2345,4946,4351,6550,3457,1771,10226,10697,11561,6790,4116
"55109",2011,2875,3343,3459,1767,946,2749,3330,3541,1802,931,5624,6673,7000,3569,1877
"55117",2011,4093,4444,3748,2223,1308,3059,3727,3552,2178,1281,7152,8171,7300,4401,2589
"55127",2011,2949,2507,4570,1964,2117,2860,3205,3282,2249,2086,5809,5712,7852,4213,4203
"55131",2011,4007,3701,5615,2857,1666,4133,5699,3612,2571,1353,8140,9400,9227,5428,3019
"55133",2011,10006,13328,13822,9053,5062,10587,13063,13399,8569,4502,20593,26391,27221,17622,9564
"55139",2011,4393,5299,4650,2961,2698,4636,4782,6097,3046,2943,9029,10081,10747,6007,5641
"55141",2011,2137,2265,2348,1488,837,2006,2754,2069,1376,810,4143,5019,4417,2864,1647
"56021",2011,3063,2444,3593,1681,1121,3201,2832,3040,1904,886,6264,5276,6633,3585,2007
"56025",2011,2405,2044,2634,1443,931,2643,1992,3010,1320,1318,5048,4036,5644,2763,2249
"72013",2011,2617,2376,3886,2152,1517,2529,2712,3110,2044,1431,5146,5088,6996,4196,2948
"72021",2011,5831,5917,7217,4504,3104,5459,6164,6212,4040,2897,11290,12081,13429,8544,6001
"72025",2011,4266,4223,5549,3182,2152,4055,4610,4674,3124,2057,8321,8833,10223,6306,4209
"72031",2011,4937,4649,6577,3944,2581,4770,5193,5524,3764,2640,9707,9842,12101,7708,5221
"72061",2011,2536,2981,2839,2075,1317,2326,3363,2251,1898,1325,4862,6344,5090,3973,2642
"72097",2011,2358,1648,3280,1862,1542,2111,2416,2370,1694,1546,4469,4064,5650,3556,3088
"72113",2011,5226,4990,6185,3692,2525,4953,4868,5652,3663,2559,10179,9858,11837,7355,5084
"72127",2011,10945,11604,11833,7671,5279,10761,11298,11409,7494,5389,21706,22902,23242,15165,10668
"72135",2011,2298,1981,3930,1943,1164,2294,2731,2910,1893,1225,4592,4712,6840,3836,2389
"72137",2011,2670,2801,3384,1932,1312,2569,2954,2958,1935,1242,5239,5755,6342,3867,2554
"72139",2011,2357,2327,3076,1720,1161,2214,2414,2506,1618,1019,4571,4741,5582,3338,2180
"01003",2012,5221,5803,6797,3983,1660,5550,6385,5017,3759,2172,10771,12188,11814,7742,3832
"01015",2012,3663,4449,3103,2382,1900,3463,3727,3453,2075,1522,7126,8176,6556,4457,3422
"01043",2012,2553,2361,2971,1587,1075,2158,2596,2317,1420,789,4711,4957,5288,3007,1864
"01049",2012,2110,1978,3461,1538,878,1377,3142,2958,1469,778,3487,5120,6419,3007,1656
"01051",2012,2672,2659,2848,1192,1270,2345,2400,2714,1753,617,5017,5059,5562,2945,1887
"01055",2012,3066,3947,2788,2278,1146,2919,2413,4156,1851,1493,5985,6360,6944,4129,2639
"01069",2012,3655,3572,3382,2036,1081,3387,3543,3453,2029,1137,7042,7115,6835,4065,2218
"01073",2012,23383,21105,21599,12278,8314,22142,21461,20706,12168,8440,45525,42566,42305,24446,16754
"01077",2012,2681,3254,2421,1677,1141,2709,2014,3121,2013,1149,5390,5268,5542,3690,2290
"01081",2012,4342,4922,4590,2547,3581,4453,6015,2834,2426,4277,8795,10937,7424,4973,7858
"01083",2012,2730,2934,3464,1801,747,2594,2996,3004,1650,794,5324,5930,6468,3451,1541
"01089",2012,10810,13164,9544,7357,5304,9653,11904,9990,6731,3985,20463,25068,19534,14088,9289
"01095",2012,3072,3536,2944,2141,1996,3571,3242,3574,1783,1218,6643,6778,6518,3924,3214
"01097",2012,14131,13976,14214,9411,5839,13838,12244,15597,8316,5310,27969,26220,29811,17727,11149
"01101",2012,8426,7131,8431,4635,4232,7806,7299,8174,4582,3562,16232,14430,16605,9217,7794
"01103",2012,3914,4337,3633,2180,1152,3598,3871,4412,2447,1360,7512,8208,8045,4627,2512
"01115",2012,2560,3075,3455,1663,563,2485,2471,2611,1823,630,5045,5546,6066,3486,1193
"01117",2012,6407,6933,7723,4587,2901,6244,6780,7326,4132,2416,12651,13713,15049,8719,5317
"01121",2012,2419,1929,3418,1740,1100,2427,2474,2860,1555,943,4846,4403,6278,3295,2043
"01125",2012,6206,6396,5884,3432,7572,5767,5596,5545,3509,8477,11973,11992,11429,6941,16049
"01127",2012,1762,1737,2347,1504,652,2033,1866,2088,1399,686,3795,3603,4435,2903,1338
"02020",2012,11241,10806,9680,6288,4586,10818,10243,9913,5817,3551,22059,21049,19593,12105,8137
"02090",2012,3724,4248,3361,1714,2382,3826,3704,2355,1826,792,7550,7952,5716,3540,3174
"02170",2012,3402,3508,4379,2399,1585,3131,3386,3700,2333,1124,6533,6894,8079,4732,2709
"04001",2012,2929,2878,3139,2179,1199,3090,3242,3215,1884,1528,6019,6120,6354,4063,2727
"04003",2012,4016,4067,4462,2900,2797,3850,3630,4235,2350,2265,7866,7697,8697,5250,5062
"04005",2012,4495,4385,4268,2476,3347,3860,3430,5085,2529,4800,8355,7815,9353,5005,8147
"04013",2012,140047,147764,143594,85826,53903,134112,136440,142721,81275,50191,274159,284204,286315,167101,104094
"04015",2012,4785,6493,5045,3249,1507,5360,4387,6467,3778,1576,10145,10880,11512,7027,3083
"04017",2012,4551,4158,4697,2734,1462,3710,3895,4781,2263,1316,8261,8053,9478,4997,2778
"04019",2012,31110,33009,30262,19617,14769,29641,31815,28980,17968,14497,60751,64824,59242,37585,29266
"04021",2012,13068,15299,14167,7751,5453,13244,13802,14054,7047,4254,26312,29101,28221,14798,9707
"04025",2012,4674,4713,6348,3619,2567,4926,4856,5516,3420,1671,9600,9569,11864,7039,4238
"04027",2012,7777,7097,8021,4625,3727,7225,7616,7397,4663,2798,15002,14713,15418,9288,6525
"05007",2012,8412,10105,9019,4986,2835,8643,9819,8324,4541,2624,17055,19924,17343,9527,5459
"05031",2012,4023,4165,2823,1778,1458,3473,3890,2417,1929,1548,7496,8055,5240,3707,3006
"05045",2012,4068,4069,4767,2424,2012,4220,3534,3351,2108,2502,8288,7603,8118,4532,4514
"05051",2012,2242,2911,3199,1834,1308,2217,3033,2720,1798,1271,4459,5944,5919,3632,2579
"05069",2012,2193,2594,2648,1554,1198,2316,2441,2198,1842,1249,4509,5035,4846,3396,2447
"05085",2012,2708,3189,2546,1541,533,2197,3041,2141,1536,650,4905,6230,4687,3077,1183
"05119",2012,14262,14544,11345,7415,5111,12825,13794,11403,7017,4068,27087,28338,22748,14432,9179
"05125",2012,3475,5072,3118,2439,1038,3419,4000,3365,2131,1001,6894,9072,6483,4570,2039
"05131",2012,4775,5156,4218,2546,1666,4080,4778,4200,2089,1479,8855,9934,8418,4635,3145
"05143",2012,7943,8704,7188,3835,4278,7505,8024,6323,4328,4706,15448,16728,13511,8163,8984
"05145",2012,2790,2598,2740,1657,1213,2096,1726,3463,1623,1303,4886,4324,6203,3280,2516
"06001",2012,50532,49052,47225,28948,20405,48046,45235,46893,27313,19706,98578,94287,94118,56261,40111
"06007",2012,6294,5269,7881,4616,4061,5523,5663,6158,4114,4024,11817,10932,14039,8730,8085
"06013",2012,33861,37559,37866,24020,14015,32304,37524,34378,22325,12912,66165,75083,72244,46345,26927
"06017",2012,4211,5904,6104,4189,2383,3860,5523,5526,3864,1781,8071,11427,11630,8053,4164
"06019",2012,40422,39576,38700,23239,15213,39007,40083,34359,22545,13996,79429,79659,73059,45784,29209
"06023",2012,4077,4088,3585,2026,2315,3220,3796,3415,2414,2104,7297,7884,7000,4440,4419
"06025",2012,7144,7267,6935,4861,3022,7157,8008,5085,3973,2618,14301,15275,12020,8834,5640
"06029",2012,37901,36370,34629,21075,14930,36034,34745,33947,21046,11720,73935,71115,68576,42121,26650
"06031",2012,6171,6785,4693,3198,2033,5941,5880,5478,3445,1922,12112,12665,10171,6643,3955
"06033",2012,1902,1743,2048,1787,418,1539,1455,1959,526,700,3441,3198,4007,2313,1118
"06037",2012,331619,322032,334436,218007,148000,318858,304635,322404,208263,142966,650477,626667,656840,426270,290966
"06039",2012,6045,6426,6292,3624,2331,6019,6432,5060,3428,1871,12064,12858,11352,7052,4202
"06041",2012,6955,7927,7539,3894,2816,6681,6836,8025,4693,3129,13636,14763,15564,8587,5945
"06045",2012,2456,2290,3189,1692,1204,2574,2956,2438,1534,1257,5030,5246,5627,3226,2461
"06047",2012,11366,11046,12363,7123,5183,10411,10950,10857,6765,4707,21777,21996,23220,13888,9890
"06053",2012,17382,16913,15335,9330,6900,16465,16388,13502,8673,7015,33847,33301,28837,18003,13915
"06055",2012,3852,4295,4782,2838,1888,4087,4556,4152,2945,1769,7939,8851,8934,5783,3657
"06057",2012,2427,2159,2726,2169,1046,1870,1831,2644,1832,1464,4297,3990,5370,4001,2510
"06059",2012,99014,104310,104212,67788,44782,95520,95028,103911,64847,42340,194534,199338,208123,132635,87122
"06061",2012,10635,12028,13501,7827,4714,9498,10556,13366,7882,3931,20133,22584,26867,15709,8645
"06065",2012,82880,84588,92026,56631,37113,79898,84713,85802,54502,34927,162778,169301,177828,111133,72040
"06067",2012,51157,54049,48002,31674,19485,48790,46871,50641,30431,17715,99947,100920,98643,62105,37200
"06071",2012,81133,79750,85224,53544,34703,77265,79520,78107,51902,32541,158398,159270,163331,105446,67244
"06073",2012,106934,102749,98688,63671,50885,101787,96283,96065,60093,43332,208721,199032,194753,123764,94217
"06075",2012,19208,14729,13812,8429,7314,17835,15496,12540,8884,8738,37043,30225,26352,17313,16052
"06077",2012,27445,28565,29554,17680,11118,26746,27897,27074,16789,10150,54191,56462,56628,34469,21268
"06079",2012,6595,8172,6504,4625,6491,6467,5897,8837,4226,6052,13062,14069,15341,8851,12543
"06081",2012,23848,24845,21195,13033,7977,22016,22818,21049,12537,7293,45864,47663,42244,25570,15270
"06083",2012,14167,14246,12939,8735,10449,13937,12810,12926,7849,10581,28104,27056,25865,16584,21030
"06085",2012,63309,65831,58051,35345,23775,60326,61886,55958,33619,21890,123635,127717,114009,68964,45665
"06087",2012,7847,6719,9120,4797,6326,7225,7408,7574,4640,6814,15072,14127,16694,9437,13140
"06089",2012,5391,5108,5985,4900,1870,4476,4635,5244,3517,2045,9867,9743,11229,8417,3915
"06095",2012,13540,11934,15908,8898,5957,12895,14363,12947,8587,5097,26435,26297,28855,17485,11054
"06097",2012,14071,15327,14798,9197,5372,13578,14255,14645,9091,7170,27649,29582,29443,18288,12542
"06099",2012,19740,18127,23580,12986,8359,19676,19421,20018,12318,7404,39416,37548,43598,25304,15763
"06101",2012,3359,3561,3900,2098,2132,3485,4698,2257,2181,2104,6844,8259,6157,4279,4236
"06107",2012,21123,21366,20033,12193,8157,19826,20311,18915,11412,6809,40949,41677,38948,23605,14966
"06111",2012,27990,29163,29786,19564,11862,26953,30157,26885,17866,11621,54943,59320,56671,37430,23483
"06113",2012,5711,6524,5797,4075,4799,5876,5306,6659,3833,5513,11587,11830,12456,7908,10312
"06115",2012,2829,3771,1950,1542,558,3383,2931,2749,1567,624,6212,6702,4699,3109,1182
"08001",2012,19028,21259,16331,9759,5329,18148,19348,16586,9343,5204,37176,40607,32917,19102,10533
"08005",2012,20517,22156,20313,12943,7476,19625,21294,19732,11996,6925,40142,43450,40045,24939,14401
"08013",2012,8590,8939,9521,5293,6919,7334,7942,9802,4904,7008,15924,16881,19323,10197,13927
"08031",2012,23871,21600,15828,8790,6923,22923,18778,17374,8694,7304,46794,40378,33202,17484,14227
"08035",2012,10499,14574,12551,7373,3525,9329,11587,14074,6977,3189,19828,26161,26625,14350,6714
"08041",2012,23149,24829,21830,13937,10995,21994,22743,21713,13257,8605,45143,47572,43543,27194,19600
"08059",2012,14754,17271,17377,10800,6881,14030,16176,16110,10351,5792,28784,33447,33487,21151,12673
"08069",2012,8671,10632,8262,5429,5333,8063,8313,9532,4974,6368,16734,18945,17794,10403,11701
"08077",2012,4776,5249,4231,3331,2619,4512,4014,5136,2371,2172,9288,9263,9367,5702,4791
"08101",2012,5092,5257,5644,3368,2401,5136,4555,6024,3096,2255,10228,9812,11668,6464,4656
"08123",2012,10627,10922,9556,5551,4145,9675,11062,9042,5381,4257,20302,21984,18598,10932,8402
"09001",2012,28249,32781,33316,20758,13447,26812,31715,31456,19858,12865,55061,64496,64772,40616,26312
"09003",2012,24829,28927,29181,18052,12550,24525,25574,29279,18401,11907,49354,54501,58460,36453,24457
"09005",2012,5197,5501,5729,4153,2313,3413,4476,6248,3793,1949,8610,9977,11977,7946,4262
"09007",2012,4041,4393,4618,3244,2685,3627,3503,6238,3750,2028,7668,7896,10856,6994,4713
"09009",2012,23973,23699,29786,18087,13369,22674,24586,27010,16703,13641,46647,48285,56796,34790,27010
"09011",2012,7265,7864,8348,5584,4620,6752,8453,7293,5341,3440,14017,16317,15641,10925,8060
"09013",2012,2638,4413,4297,2932,4959,3178,3786,4391,2851,4928,5816,8199,8688,5783,9887
"09015",2012,3354,3877,4022,2566,2019,2543,2654,4189,2020,2488,5897,6531,8211,4586,4507
"10001",2012,5447,6087,6162,3257,2880,5770,5827,4550,3185,2802,11217,11914,10712,6442,5682
"10003",2012,17060,16780,18161,11023,8582,16299,16983,16957,10478,8739,33359,33763,35118,21501,17321
"10005",2012,5939,5757,5640,3317,2068,5670,5609,5646,3316,2753,11609,11366,11286,6633,4821
"11001",2012,19889,15317,11832,7946,10100,19113,15075,12042,8238,13531,39002,30392,23874,16184,23631
"12001",2012,7379,5292,6626,3759,6839,6273,6795,5036,3366,8568,13652,12087,11662,7125,15407
"12005",2012,5416,3955,6505,2989,2002,4919,5837,5057,2468,2178,10335,9792,11562,5457,4180
"12009",2012,13128,14863,15328,10069,7729,12656,12742,16034,9423,5632,25784,27605,31362,19492,13361
"12011",2012,53137,53251,58102,36158,22224,51085,50181,56368,33943,21006,104222,103432,114470,70101,43230
"12015",2012,2504,2597,3972,2054,1239,2657,3421,2662,2040,1379,5161,6018,6634,4094,2618
"12017",2012,2312,3224,2597,2057,1252,2450,3272,2646,3711,910,4762,6496,5243,5768,2162
"12019",2012,6146,5460,8831,4867,2673,4868,6159,7409,4568,2124,11014,11619,16240,9435,4797
"12021",2012,8731,10611,7646,5325,3814,8143,9560,7710,5493,3164,16874,20171,15356,10818,6978
"12023",2012,2207,1767,2852,964,1203,1732,1828,2437,1066,1102,3939,3595,5289,2030,2305
"12031",2012,30718,30779,25871,16396,11449,29305,31086,23167,15975,11284,60023,61865,49038,32371,22733
"12033",2012,9328,8751,8852,5181,7543,9139,7860,9302,4990,5382,18467,16611,18154,10171,12925
"12035",2012,1869,3519,2034,1460,1160,2024,2444,3196,2100,1275,3893,5963,5230,3560,2435
"12053",2012,4506,5474,3851,3202,2247,3433,5215,4237,3265,1862,7939,10689,8088,6467,4109
"12055",2012,1937,2695,2108,1558,1413,2864,3126,2399,1043,405,4801,5821,4507,2601,1818
"12057",2012,42113,43339,41704,25867,17609,39930,37155,43394,24547,17305,82043,80494,85098,50414,34914
"12061",2012,2988,3716,4098,2324,1535,4027,3353,3354,1929,1697,7015,7069,7452,4253,3232
"12069",2012,8048,8716,9036,5035,3329,7682,9452,7413,5809,3780,15730,18168,16449,10844,7109
"12071",2012,17331,18620,16830,10629,7051,15752,16445,17572,10243,6862,33083,35065,34402,20872,13913
"12073",2012,7703,7993,6390,4786,7829,7038,6587,7734,4392,10313,14741,14580,14124,9178,18142
"12081",2012,9128,9387,10425,5657,3128,8797,8771,9385,5538,3457,17925,18158,19810,11195,6585
"12083",2012,8752,9996,7953,6045,3588,8082,8494,8960,5193,4358,16834,18490,16913,11238,7946
"12085",2012,3142,4159,3302,1960,1564,2989,3926,4125,2109,1312,6131,8085,7427,4069,2876
"12086",2012,78192,77688,74745,47897,33725,74679,76055,69637,46529,32341,152871,153743,144382,94426,66066
"12087",2012,1760,942,1721,1384,1123,1442,1289,1508,1110,735,3202,2231,3229,2494,1858
"12089",2012,2120,2245,2253,1672,866,1667,2323,1970,1532,867,3787,4568,4223,3204,1733
"12091",2012,5958,5776,5423,4203,2779,6757,5412,5674,3015,1556,12715,11188,11097,7218,4335
"12095",2012,38770,42697,35936,24456,18299,36973,36320,39852,22760,18435,75743,79017,75788,47216,36734
"12097",2012,9787,10624,11309,7244,4138,8413,10224,9907,6079,4122,18200,20848,21216,13323,8260
"12099",2012,35826,37719,39614,25717,16038,34537,36623,37602,25048,15087,70363,74342,77216,50765,31125
"12101",2012,12802,14133,14796,8723,5303,11744,13111,13408,8319,4821,24546,27244,28204,17042,10124
"12103",2012,21415,22339,22824,14739,8980,20695,21206,22109,14477,8638,42110,43545,44933,29216,17618
"12105",2012,19270,21765,19399,11984,8415,18580,19353,19987,11488,7752,37850,41118,39386,23472,16167
"12107",2012,2903,2839,1826,1028,589,1605,2184,2256,1644,1042,4508,5023,4082,2672,1631
"12109",2012,4643,5019,8422,4058,2797,5229,6571,7088,3957,2154,9872,11590,15510,8015,4951
"12111",2012,8164,7800,9890,5121,3664,8170,7734,8645,5321,1839,16334,15534,18535,10442,5503
"12113",2012,4968,5372,4829,3050,2366,4396,4040,6313,3311,1525,9364,9412,11142,6361,3891
"12115",2012,7052,8212,8636,5324,2933,7621,7796,8665,5956,3005,14673,16008,17301,11280,5938
"12117",2012,11286,11532,15794,9373,5711,11208,13410,13081,9044,4722,22494,24942,28875,18417,10433
"12119",2012,1146,1453,929,990,513,1016,910,1321,577,696,2162,2363,2250,1567,1209
"12127",2012,12080,11740,14306,8235,7747,11557,12035,13108,8121,5707,23637,23775,27414,16356,13454
"13013",2012,3018,3486,2876,1167,1092,2225,2677,2720,1117,517,5243,6163,5596,2284,1609
"13015",2012,3411,4621,4229,1850,1072,3242,3058,3782,1923,964,6653,7679,8011,3773,2036
"13021",2012,5545,6793,4408,3445,2086,5981,5976,4716,2990,3067,11526,12769,9124,6435,5153
"13031",2012,1617,1768,2297,1261,4092,2156,2430,1685,1043,3286,3773,4198,3982,2304,7378
"13045",2012,4414,4101,3828,1947,1982,3951,4273,3338,2102,1223,8365,8374,7166,4049,3205
"13047",2012,1734,2059,2931,1855,721,1624,1258,3143,1385,787,3358,3317,6074,3240,1508
"13051",2012,9839,8026,8734,4653,4635,9616,8472,7588,4736,5205,19455,16498,16322,9389,9840
"13057",2012,7791,10414,7932,5092,2858,6724,8604,8276,4368,2722,14515,19018,16208,9460,5580
"13059",2012,2947,3122,2325,1397,3965,4178,3042,3077,1173,7227,7125,6164,5402,2570,11192
"13063",2012,10718,10821,10677,6055,4372,10887,10390,10511,5762,4860,21605,21211,21188,11817,9232
"13067",2012,24242,25869,24841,15178,9653,23343,23394,25781,14355,9433,47585,49263,50622,29533,19086
"13073",2012,4702,4729,5182,3007,1553,4386,5931,3815,2907,1066,9088,10660,8997,5914,2619
"13077",2012,4592,4823,5152,3206,1340,4247,4775,4582,3110,1258,8839,9598,9734,6316,2598
"13089",2012,26928,25470,21363,13073,9080,25339,22883,21735,12411,9587,52267,48353,43098,25484,18667
"13095",2012,3756,3543,3326,1866,1767,3395,3547,3135,1874,1801,7151,7090,6461,3740,3568
"13097",2012,4905,4958,5983,2985,1564,4466,5870,4828,3184,1154,9371,10828,10811,6169,2718
"13113",2012,2291,3134,4937,2782,1285,2255,3404,4129,3168,1611,4546,6538,9066,5950,2896
"13115",2012,3348,2929,3741,1557,1381,2942,2500,4099,1996,1688,6290,5429,7840,3553,3069
"13117",2012,6618,9877,7674,4170,2841,6134,9158,7167,4381,2019,12752,19035,14841,8551,4860
"13121",2012,33118,30260,33834,19026,16046,31627,27573,34949,17758,14959,64745,57833,68783,36784,31005
"13127",2012,2666,2791,2931,2194,953,2572,2214,2724,1211,1333,5238,5005,5655,3405,2286
"13135",2012,31530,36586,32811,20577,11731,30119,30194,36646,19615,10429,61649,66780,69457,40192,22160
"13139",2012,7387,8076,6894,4589,3091,6256,7521,6427,3649,2073,13643,15597,13321,8238,5164
"13151",2012,6527,9267,8518,5403,3513,6617,6295,10153,5048,3353,13144,15562,18671,10451,6866
"13153",2012,4982,5010,6214,3103,2312,4853,4950,6113,2776,1766,9835,9960,12327,5879,4078
"13179",2012,3336,2042,2922,1159,1458,3600,3315,2049,735,1149,6936,5357,4971,1894,2607
"13185",2012,4189,4257,3389,2054,2630,3849,3597,3565,2005,3284,8038,7854,6954,4059,5914
"13215",2012,7867,6662,7139,4687,4965,7097,6234,6543,4077,2769,14964,12896,13682,8764,7734
"13217",2012,3458,4365,4373,2601,2791,3378,3679,3827,2534,1750,6836,8044,8200,5135,4541
"13223",2012,5478,6643,6156,3416,2905,5152,5796,6333,3342,1810,10630,12439,12489,6758,4715
"13245",2012,7501,6453,6904,3921,4029,7655,6813,6481,3600,2592,15156,13266,13385,7521,6621
"13247",2012,2236,2899,3699,1756,1668,3093,3239,2913,2381,944,5329,6138,6612,4137,2612
"13285",2012,3043,2801,2392,1553,466,1883,2752,2040,1446,941,4926,5553,4432,2999,1407
"13295",2012,2012,2847,1509,1446,766,1857,2064,2421,1520,536,3869,4911,3930,2966,1302
"13297",2012,2438,3271,3106,1664,423,2396,3789,3321,2468,790,4834,7060,6427,4132,1213
"13313",2012,4252,3525,4870,2671,1289,3698,3533,4432,1915,1656,7950,7058,9302,4586,2945
"15001",2012,6000,6562,5611,3589,2327,5908,5477,5506,3395,2472,11908,12039,11117,6984,4799
"15003",2012,31915,30297,28622,16675,13357,30779,26339,29637,16058,11075,62694,56636,58259,32733,24432
"15007",2012,2672,1845,2417,1124,823,1711,1802,1910,1517,732,4383,3647,4327,2641,1555
"15009",2012,5166,5452,4465,2918,1960,4862,5700,4039,2911,1279,10028,11152,8504,5829,3239
"16001",2012,13289,14949,16686,8846,5274,13058,15597,14500,8146,4293,26347,30546,31186,16992,9567
"16005",2012,3331,2822,3969,1782,1489,3057,2538,3140,1652,1457,6388,5360,7109,3434,2946
"16019",2012,5113,4870,4733,2355,1572,4733,4467,4545,2588,1075,9846,9337,9278,4943,2647
"16027",2012,8316,9010,8983,4410,2511,7703,7463,8775,4875,3116,16019,16473,17758,9285,5627
"16055",2012,4507,4708,5367,3262,2045,4403,3960,4795,2917,1426,8910,8668,10162,6179,3471
"16083",2012,3109,3159,2697,1853,1378,2727,3446,2838,1456,1073,5836,6605,5535,3309,2451
"17001",2012,1928,2572,2124,1246,890,1864,2582,1791,1214,884,3792,5154,3915,2460,1774
"17019",2012,5461,5792,5080,3473,7750,5935,5988,4629,2850,7297,11396,11780,9709,6323,15047
"17031",2012,174757,166611,170964,105618,70677,169236,164950,161748,101581,67579,343993,331561,332712,207199,138256
"17037",2012,2779,2947,3551,1498,3162,3319,3241,3733,1926,2857,6098,6188,7284,3424,6019
"17043",2012,28184,30406,33624,21023,13041,27023,30571,31233,20309,11757,55207,60977,64857,41332,24798
"17089",2012,19517,21860,21397,12707,7404,18514,20892,20327,12214,6558,38031,42752,41724,24921,13962
"17091",2012,3475,4000,4163,2086,1788,3676,3633,3953,2579,1680,7151,7633,8116,4665,3468
"17093",2012,4844,4272,5846,4163,1465,4211,5675,4661,2028,1389,9055,9947,10507,6191,2854
"17097",2012,22689,25809,28637,17527,12635,21811,23723,28032,16547,10002,44500,49532,56669,34074,22637
"17099",2012,3345,3787,3309,2423,1131,2817,3959,3695,2038,1262,6162,7746,7004,4461,2393
"17111",2012,9149,11103,12793,7948,4288,8609,10872,12068,8028,4146,17758,21975,24861,15976,8434
"17113",2012,5029,6025,4951,3299,3907,5239,5362,5358,2733,4351,10268,11387,10309,6032,8258
"17115",2012,4001,3063,4047,2058,1447,2981,3229,3338,2016,1580,6982,6292,7385,4074,3027
"17119",2012,8084,9061,9276,4757,3439,7660,8336,7549,5134,3014,15744,17397,16825,9891,6453
"17143",2012,5958,7227,5616,3573,2778,6589,5612,6444,3766,2482,12547,12839,12060,7339,5260
"17161",2012,4728,4379,5129,2647,1877,4621,4707,4122,2748,2018,9349,9086,9251,5395,3895
"17163",2012,9176,10173,8706,5873,3508,9052,8801,9146,5575,3186,18228,18974,17852,11448,6694
"17167",2012,6530,6511,7283,3972,2241,5475,6138,6534,3777,2066,12005,12649,13817,7749,4307
"17179",2012,4076,5179,4195,2930,1318,4029,3913,4620,2544,1259,8105,9092,8815,5474,2577
"17183",2012,2571,2423,3278,1647,853,2737,2229,2971,1790,1046,5308,4652,6249,3437,1899
"17197",2012,23026,26438,30604,17473,10173,22162,26423,27454,16732,8997,45188,52861,58058,34205,19170
"17199",2012,2028,2094,2175,1267,779,1848,2225,1632,1172,583,3876,4319,3807,2439,1362
"17201",2012,9655,11052,9141,6609,3705,9281,9377,10370,5710,3015,18936,20429,19511,12319,6720
"18003",2012,13242,14302,12858,8075,4611,13027,12251,14549,7564,4871,26269,26553,27407,15639,9482
"18005",2012,2510,2584,2277,1846,833,2707,3297,2614,1592,995,5217,5881,4891,3438,1828
"18019",2012,3595,3151,3971,2051,1255,3433,4196,3933,2040,1286,7028,7347,7904,4091,2541
"18035",2012,2927,2646,3511,2296,3125,3452,3205,2857,2143,5418,6379,5851,6368,4439,8543
"18039",2012,8208,8302,7762,4340,2566,7255,7806,7711,4484,2565,15463,16108,15473,8824,5131
"18043",2012,2160,3068,2169,1375,940,2252,2403,2441,1603,833,4412,5471,4610,2978,1773
"18053",2012,2209,1720,2655,1472,596,1705,1884,1743,1481,1628,3914,3604,4398,2953,2224
"18057",2012,10329,12588,11884,7609,2888,10563,12441,12584,6481,2923,20892,25029,24468,14090,5811
"18059",2012,2305,3325,2014,1731,753,2090,2685,2276,1520,1070,4395,6010,4290,3251,1823
"18063",2012,4728,4456,6945,3957,2635,4482,5553,5564,3411,1741,9210,10009,12509,7368,4376
"18067",2012,2355,2759,2789,1765,984,2644,2455,2622,1831,1042,4999,5214,5411,3596,2026
"18081",2012,5454,4840,5598,3278,1874,4652,4802,5326,3000,1540,10106,9642,10924,6278,3414
"18085",2012,2685,2857,2559,1774,1454,2413,2402,2678,1647,1280,5098,5259,5237,3421,2734
"18089",2012,16533,17586,18149,11001,6615,15736,17174,16820,11003,6124,32269,34760,34969,22004,12739
"18091",2012,3699,3502,3510,2123,1258,2958,3557,3576,1893,1056,6657,7059,7086,4016,2314
"18095",2012,4306,4581,3997,2787,1700,3438,3988,4303,2222,1684,7744,8569,8300,5009,3384
"18097",2012,36073,31766,32497,17672,11479,34365,30678,30853,17272,11389,70438,62444,63350,34944,22868
"18105",2012,3318,3233,3314,1618,6076,3670,3452,2473,1780,5759,6988,6685,5787,3398,11835
"18109",2012,2028,2941,2497,1476,834,1858,2015,2849,1550,749,3886,4956,5346,3026,1583
"18127",2012,4753,5127,6278,3684,2652,4518,5174,5805,3462,1928,9271,10301,12083,7146,4580
"18141",2012,8679,8676,10171,5516,4511,8299,8744,9031,5332,4683,16978,17420,19202,10848,9194
"18157",2012,5101,5642,5388,2816,5797,5447,5268,4016,2820,5247,10548,10910,9404,5636,11044
"18163",2012,5446,5420,5992,3138,2243,5681,5577,4520,2847,3097,11127,10997,10512,5985,5340
"18167",2012,3066,3766,2702,1917,2753,3253,2690,3359,2048,2250,6319,6456,6061,3965,5003
"18177",2012,2206,1997,2605,1290,976,2019,2227,1884,1426,1124,4225,4224,4489,2716,2100
"19013",2012,3826,4354,3724,2340,2208,4056,3889,3670,2153,2527,7882,8243,7394,4493,4735
"19049",2012,3264,3019,3320,1391,815,3040,2897,2390,1706,506,6304,5916,5710,3097,1321
"19061",2012,2985,2808,3370,1798,1592,2924,3243,2853,2202,1460,5909,6051,6223,4000,3052
"19103",2012,4305,2811,4665,2098,3329,3632,4315,2920,2015,3991,7937,7126,7585,4113,7320
"19113",2012,7025,6367,8598,4163,2722,6996,7458,7410,3946,2854,14021,13825,16008,8109,5576
"19153",2012,16632,16634,15717,9137,5503,15925,16114,14563,8111,5466,32557,32748,30280,17248,10969
"19155",2012,2888,3125,3028,1794,1254,3164,3293,3026,1779,1095,6052,6418,6054,3573,2349
"19163",2012,5772,5614,6252,3622,1903,5350,5993,5135,3301,2307,11122,11607,11387,6923,4210
"19169",2012,2808,2163,2285,1217,3913,1874,2489,1794,1113,4567,4682,4652,4079,2330,8480
"19193",2012,4242,3882,4229,2426,1351,3702,3815,2655,1969,1415,7944,7697,6884,4395,2766
"20015",2012,1802,2035,2917,1592,1386,2189,1947,2688,1599,936,3991,3982,5605,3191,2322
"20045",2012,2983,2116,3232,1473,3310,3157,3240,3149,1639,3872,6140,5356,6381,3112,7182
"20091",2012,19639,21136,20850,11995,6371,18756,19773,20193,11770,5904,38395,40909,41043,23765,12275
"20103",2012,2447,1860,3037,1415,1063,2171,2814,2980,1494,849,4618,4674,6017,2909,1912
"20161",2012,2793,2479,1335,930,3278,2370,2058,1139,605,3939,5163,4537,2474,1535,7217
"20173",2012,19846,20776,17038,10898,7550,19428,17811,18848,10517,6060,39274,38587,35886,21415,13610
"20177",2012,6250,5719,6803,3430,3279,5687,5752,6297,3995,2621,11937,11471,13100,7425,5900
"20209",2012,6862,7293,5582,3196,2035,6696,6787,5429,3291,1971,13558,14080,11011,6487,4006
"21015",2012,4746,5155,5114,2946,1346,3935,4213,5776,2470,1607,8681,9368,10890,5416,2953
"21029",2012,2147,2863,2724,1621,905,2255,2506,2815,1592,909,4402,5369,5539,3213,1814
"21037",2012,2737,2951,2868,1773,1329,2716,2561,2974,1618,1317,5453,5512,5842,3391,2646
"21047",2012,3700,3617,2555,1100,793,3493,2977,2022,1287,757,7193,6594,4577,2387,1550
"21059",2012,3815,3943,3064,1907,1150,2974,2682,3710,1709,977,6789,6625,6774,3616,2127
"21067",2012,10035,8870,9198,4794,5270,9349,8638,8788,4678,5705,19384,17508,17986,9472,10975
"21093",2012,3570,3241,4394,2262,1271,4123,3178,4003,2242,1473,7693,6419,8397,4504,2744
"21111",2012,25550,22379,26009,14530,9136,23715,23115,23342,13648,8445,49265,45494,49351,28178,17581
"21117",2012,5637,5676,5506,3273,2106,6024,6247,4831,2864,1766,11661,11923,10337,6137,3872
"21145",2012,1653,1892,2646,1166,837,1876,1729,2094,1301,606,3529,3621,4740,2467,1443
"21151",2012,2276,2478,2451,2338,2114,2120,2859,2586,907,2420,4396,5337,5037,3245,4534
"21195",2012,1959,1828,2129,1205,676,1770,1931,2069,1119,615,3729,3759,4198,2324,1291
"21227",2012,3137,2904,4788,2125,2877,4052,3593,3647,2090,3879,7189,6497,8435,4215,6756
"22005",2012,4322,4076,5910,2906,1279,3903,3892,4863,2085,2698,8225,7968,10773,4991,3977
"22015",2012,4593,4309,4384,2498,1242,4757,3624,4443,2342,1643,9350,7933,8827,4840,2885
"22017",2012,9301,8239,9591,5441,3116,8924,8145,8700,4871,3091,18225,16384,18291,10312,6207
"22019",2012,6758,6669,7440,4212,2422,6781,5969,6935,3921,2806,13539,12638,14375,8133,5228
"22033",2012,14854,13722,14503,8489,8855,14268,12107,15238,8601,8549,29122,25829,29741,17090,17404
"22045",2012,2653,3041,2578,1719,1105,2735,2977,2593,1526,1185,5388,6018,5171,3245,2290
"22051",2012,13863,14635,11915,8059,4783,13952,12034,13879,7888,4635,27815,26669,25794,15947,9418
"22055",2012,8407,7111,8064,5101,2969,7848,7766,7156,3503,2894,16255,14877,15220,8604,5863
"22057",2012,3661,3707,2612,1599,1019,2978,3559,3378,1781,1049,6639,7266,5990,3380,2068
"22063",2012,4299,5550,5686,2743,1487,4427,5112,4570,3100,1761,8726,10662,10256,5843,3248
"22071",2012,12484,10987,10743,5884,5603,12002,10443,10832,5793,6341,24486,21430,21575,11677,11944
"22073",2012,5690,4999,6755,3339,2199,5347,5823,5196,3387,2229,11037,10822,11951,6726,4428
"22079",2012,4532,4127,5761,3436,1822,4636,3798,5800,2621,1458,9168,7925,11561,6057,3280
"22097",2012,3587,3159,3254,1539,1101,3250,3121,2978,2110,981,6837,6280,6232,3649,2082
"22103",2012,6561,9215,8756,5216,2849,7611,7554,9235,5458,2634,14172,16769,17991,10674,5483
"22105",2012,4278,4398,4384,2775,1612,4064,3695,4906,2461,2145,8342,8093,9290,5236,3757
"22109",2012,3730,4449,3561,2240,1546,4448,4853,3393,2036,2032,8178,9302,6954,4276,3578
"23001",2012,3745,2956,3704,1984,1528,3173,2575,3636,1894,1386,6918,5531,7340,3878,2914
"23003",2012,1759,1682,2195,1257,933,1621,2176,1620,1512,988,3380,3858,3815,2769,1921
"23005",2012,6912,9466,7885,5589,4076,6865,7082,8411,4957,4095,13777,16548,16296,10546,8171
"23011",2012,2902,3457,3591,2181,1546,3061,2977,4258,2085,1681,5963,6434,7849,4266,3227
"23019",2012,3689,4383,3961,2842,3191,3918,3788,4098,2615,2848,7607,8171,8059,5457,6039
"23031",2012,5188,6564,5703,3968,2283,4739,6617,4865,3453,2471,9927,13181,10568,7421,4754
"24001",2012,1656,1778,1935,1483,1422,1712,1248,2253,1042,1379,3368,3026,4188,2525,2801
"24003",2012,17712,19557,15830,10321,7327,17039,17616,16971,10327,5386,34751,37173,32801,20648,12713
"24005",2012,24936,25346,24543,15474,11960,24190,23891,23766,15191,11980,49126,49237,48309,30665,23940
"24009",2012,2980,2695,4114,2535,1399,1924,2909,2878,2125,1331,4904,5604,6992,4660,2730
"24013",2012,4701,4673,6743,3866,2470,3852,4944,6477,3744,2317,8553,9617,13220,7610,4787
"24015",2012,3013,3701,3475,2461,1943,2799,3253,3611,2116,1026,5812,6954,7086,4577,2969
"24017",2012,4458,5419,5499,3733,2031,4341,4779,6068,3972,2011,8799,10198,11567,7705,4042
"24021",2012,7266,8679,8662,5666,3723,6762,8788,7494,4863,2927,14028,17467,16156,10529,6650
"24025",2012,6919,8935,8265,5200,3213,7221,9344,6988,5430,2861,14140,18279,15253,10630,6074
"24027",2012,8450,10660,11304,7182,4068,9163,9296,11322,6978,3749,17613,19956,22626,14160,7817
"24031",2012,33222,32983,33672,20675,11924,31940,31220,32947,19640,11000,65162,64203,66619,40315,22924
"24033",2012,30255,29838,26122,17319,15015,28809,27650,26498,16620,14155,59064,57488,52620,33939,29170
"24037",2012,3560,4221,4059,1966,1126,3729,3568,3968,2604,1323,7289,7789,8027,4570,2449
"24043",2012,4683,4591,5087,2838,1925,4158,4973,4222,2846,1268,8841,9564,9309,5684,3193
"24045",2012,3321,3258,3041,1840,2350,2879,2501,3827,1513,2298,6200,5759,6868,3353,4648
"24510",2012,21494,19459,16651,10276,9715,20727,18480,16664,9926,9602,42221,37939,33315,20202,19317
"25001",2012,4251,4213,6019,3859,2544,4013,4593,5508,3219,1813,8264,8806,11527,7078,4357
"25003",2012,2876,3112,3893,2602,2441,2618,2845,3575,2748,2587,5494,5957,7468,5350,5028
"25005",2012,14977,16257,18127,11767,7867,15033,15637,17461,10108,8036,30010,31894,35588,21875,15903
"25009",2012,22543,22090,26819,15619,11056,20874,22619,24049,15378,10898,43417,44709,50868,30997,21954
"25011",2012,1703,1958,1930,1347,792,1682,1361,2264,1253,883,3385,3319,4194,2600,1675
"25013",2012,13952,14941,16020,10161,8265,13207,12570,16823,9676,7377,27159,27511,32843,19837,15642
"25015",2012,2901,3254,4277,2577,6937,2804,2936,3840,2463,9829,5705,6190,8117,5040,16766
"25017",2012,44208,44470,45807,28861,23314,42288,42297,44892,27953,22657,86496,86767,90699,56814,45971
"25021",2012,18974,22326,21230,13329,8178,17743,20872,21292,13629,9190,36717,43198,42522,26958,17368
"25023",2012,13997,16881,17553,10879,6562,13017,16433,16232,10526,6469,27014,33314,33785,21405,13031
"25025",2012,21814,18059,16648,10589,14607,20855,18711,14764,10420,17269,42669,36770,31412,21009,31876
"25027",2012,23981,25026,27668,17112,13116,22347,23489,26694,16651,12437,46328,48515,54362,33763,25553
"26005",2012,3420,4337,4036,2823,1253,3602,3570,4214,2683,1174,7022,7907,8250,5506,2427
"26017",2012,2903,2806,3522,2327,1107,3064,3106,3454,1962,929,5967,5912,6976,4289,2036
"26021",2012,4276,5082,5628,3437,1697,4557,5195,4438,3264,1967,8833,10277,10066,6701,3664
"26025",2012,3979,4358,4904,3010,1828,4326,3842,5015,2568,1453,8305,8200,9919,5578,3281
"26037",2012,2012,2255,3376,1945,1151,1764,2492,2831,1558,990,3776,4747,6207,3503,2141
"26045",2012,2923,3004,3553,2264,1813,3370,3666,2693,2666,1282,6293,6670,6246,4930,3095
"26049",2012,13458,14694,14386,9029,6192,12123,14663,13901,8939,5135,25581,29357,28287,17968,11327
"26055",2012,2730,2900,2443,1594,1015,2205,3007,2445,1592,1004,4935,5907,4888,3186,2019
"26065",2012,7918,8012,8005,4856,9739,7858,7868,7645,5083,9450,15776,15880,15650,9939,19189
"26073",2012,1494,1724,1706,964,2652,1815,2041,1454,1264,3475,3309,3765,3160,2228,6127
"26075",2012,4883,5625,5158,3713,2311,4237,5319,4577,2952,2254,9120,10944,9735,6665,4565
"26077",2012,7828,7386,8757,5000,5011,7250,6915,8471,4512,4941,15078,14301,17228,9512,9952
"26081",2012,22564,20714,24175,13362,8856,21264,19900,23488,12593,8108,43828,40614,47663,25955,16964
"26087",2012,2233,3240,2903,2256,1166,2092,3022,2608,2063,956,4325,6262,5511,4319,2122
"26091",2012,2676,3346,3406,2244,1777,2767,2690,3121,1817,1411,5443,6036,6527,4061,3188
"26093",2012,4563,5799,7576,4629,2710,4427,5856,6762,4309,2158,8990,11655,14338,8938,4868
"26099",2012,23519,27197,28286,18350,10232,22931,23536,28732,16862,9153,46450,50733,57018,35212,19385
"26103",2012,1897,1707,1840,1084,1249,1760,1673,1455,1044,1596,3657,3380,3295,2128,2845
"26111",2012,2185,3031,2275,1813,1464,2108,2509,3073,1747,968,4293,5540,5348,3560,2432
"26115",2012,3955,5572,4643,3159,1729,4228,4281,5805,3573,1721,8183,9853,10448,6732,3450
"26121",2012,5418,5455,6408,4047,2067,5343,4822,6169,3833,1866,10761,10277,12577,7880,3933
"26125",2012,34244,38187,42369,26869,14900,32724,37107,39797,25062,13724,66968,75294,82166,51931,28624
"26139",2012,8742,9160,11100,6005,4707,8172,10757,8528,5834,6362,16914,19917,19628,11839,11069
"26145",2012,5814,7071,5982,4261,3030,5522,6064,6315,3828,3155,11336,13135,12297,8089,6185
"26147",2012,4345,5623,5202,3698,1998,4038,5448,4774,3239,2333,8383,11071,9976,6937,4331
"26155",2012,1797,2056,2739,1689,1108,1585,2023,2454,1557,829,3382,4079,5193,3246,1937
"26159",2012,2342,2118,3028,1765,864,2511,2548,2655,1723,829,4853,4666,5683,3488,1693
"26161",2012,9553,8423,11926,6354,9467,8746,8837,10194,5945,8809,18299,17260,22120,12299,18276
"26163",2012,59370,61044,63507,40061,25185,56406,58635,61272,38812,23966,115776,119679,124779,78873,49151
"27003",2012,11082,11493,12945,7425,4007,10187,12953,11040,7105,3826,21269,24446,23985,14530,7833
"27013",2012,1829,1836,2131,1036,1820,1626,1492,1554,1036,2270,3455,3328,3685,2072,4090
"27019",2012,3414,3678,4245,2419,1272,3988,3861,3527,2155,1100,7402,7539,7772,4574,2372
"27037",2012,13849,14954,14481,9355,5068,13086,14847,13726,8735,4271,26935,29801,28207,18090,9339
"27053",2012,39622,39610,34860,21765,15075,38161,36856,34919,20671,14631,77783,76466,69779,42436,29706
"27109",2012,5114,5238,4907,3002,1558,5549,5441,4568,2862,1781,10663,10679,9475,5864,3339
"27123",2012,18461,16846,16698,10182,8111,17876,16420,15135,9601,8482,36337,33266,31833,19783,16593
"27137",2012,5309,5429,5463,3393,3830,5221,4464,6112,3324,3698,10530,9893,11575,6717,7528
"27139",2012,5256,6151,6155,3087,1695,4794,5946,5490,2696,1500,10050,12097,11645,5783,3195
"27141",2012,3617,3693,3915,2031,1105,3073,4037,2832,2310,937,6690,7730,6747,4341,2042
"27145",2012,4363,5610,4338,2988,3444,4799,4586,4614,3070,3574,9162,10196,8952,6058,7018
"27163",2012,7595,9190,9421,6079,3198,7407,8509,9589,4948,3077,15002,17699,19010,11027,6275
"27171",2012,5086,6473,4597,2783,1542,4774,6173,4426,2889,1656,9860,12646,9023,5672,3198
"28033",2012,5799,7096,6601,3973,1984,5319,6377,6566,4049,1940,11118,13473,13167,8022,3924
"28035",2012,1673,1722,3361,1413,1720,3647,2500,2085,1470,2386,5320,4222,5446,2883,4106
"28047",2012,7060,6572,6368,4011,3247,7090,7122,5670,3367,2322,14150,13694,12038,7378,5569
"28049",2012,8703,8546,9029,5500,4152,8808,8886,8453,5434,4411,17511,17432,17482,10934,8563
"28059",2012,4778,4829,4706,2856,1918,5358,3996,5777,2853,1794,10136,8825,10483,5709,3712
"28067",2012,2663,2592,2411,1550,879,2390,2564,2204,1255,1074,5053,5156,4615,2805,1953
"28075",2012,2672,3314,2313,1660,1314,2726,3180,2147,1646,1375,5398,6494,4460,3306,2689
"28081",2012,2977,3120,3542,1957,1183,3004,3149,2954,1662,1078,5981,6269,6496,3619,2261
"28089",2012,3280,4170,4001,2250,1237,3004,2869,4668,2596,1121,6284,7039,8669,4846,2358
"28121",2012,4130,5706,5064,3034,1942,5206,5477,4579,2916,1143,9336,11183,9643,5950,3085
"29019",2012,5234,5330,4716,2814,4821,5665,4502,4027,2474,4745,10899,9832,8743,5288,9566
"29021",2012,3206,3146,2851,1822,1293,2870,2029,3179,1418,1290,6076,5175,6030,3240,2583
"29031",2012,1993,2851,2106,1242,1548,2302,1861,2932,1198,1724,4295,4712,5038,2440,3272
"29037",2012,3533,3871,4294,2198,1202,2663,4112,3058,1891,1134,6196,7983,7352,4089,2336
"29043",2012,2756,4584,1702,1699,1049,2887,2398,3615,1870,764,5643,6982,5317,3569,1813
"29047",2012,7711,9406,8318,4105,2384,7770,7456,7809,4675,2915,15481,16862,16127,8780,5299
"29051",2012,2301,2483,2606,1700,1184,2273,1897,2613,1735,1171,4574,4380,5219,3435,2355
"29071",2012,3761,3578,3680,2198,1153,2960,2989,3320,1879,1041,6721,6567,7000,4077,2194
"29077",2012,9096,7771,8779,5014,4274,8029,8434,7327,4417,4986,17125,16205,16106,9431,9260
"29095",2012,24153,21211,25133,13451,8159,23063,23549,21344,12489,8011,47216,44760,46477,25940,16170
"29097",2012,4466,4316,4360,2186,1469,3732,4154,3655,2328,1224,8198,8470,8015,4514,2693
"29099",2012,7044,8352,7137,5005,2493,7106,6900,7871,4327,2414,14150,15252,15008,9332,4907
"29165",2012,2552,2980,4022,1965,1089,2629,3006,2885,1746,1319,5181,5986,6907,3711,2408
"29183",2012,12052,12839,13848,7600,5148,11364,13623,12419,7937,4072,23416,26462,26267,15537,9220
"29187",2012,1824,2197,2117,1156,884,1793,2418,1790,1183,566,3617,4615,3907,2339,1450
"29189",2012,29022,31923,33401,21448,13883,28198,29084,33869,20272,13384,57220,61007,67270,41720,27267
"29510",2012,11175,9351,8437,5271,4535,10836,9851,7390,5486,5262,22011,19202,15827,10757,9797
"30013",2012,3054,2747,2242,1400,1123,2559,2523,2245,1535,1192,5613,5270,4487,2935,2315
"30029",2012,2753,3017,3024,1843,1388,2438,2568,3088,1638,993,5191,5585,6112,3481,2381
"30031",2012,2766,3304,1860,1594,1866,2651,2552,2508,1404,1737,5417,5856,4368,2998,3603
"30063",2012,2862,3217,2740,1830,1537,2928,2972,2659,1575,1873,5790,6189,5399,3405,3410
"30111",2012,4708,5651,4595,2686,2096,5001,5235,5101,2658,1711,9709,10886,9696,5344,3807
"31055",2012,21165,21191,17496,11024,7087,20296,18837,18914,10220,7159,41461,40028,36410,21244,14246
"31109",2012,10319,11234,7993,5070,5774,10123,9002,9113,4714,6173,20442,20236,17106,9784,11947
"31153",2012,6673,7183,6784,3437,2014,6450,6292,6719,3283,1883,13123,13475,13503,6720,3897
"32003",2012,69678,71782,67459,41504,24658,66637,66017,67339,40128,22305,136315,137799,134798,81632,46963
"32031",2012,13722,13976,14512,8761,5901,13655,13274,13068,7874,5308,27377,27250,27580,16635,11209
"33005",2012,1763,1758,2544,1319,1499,1756,1778,2615,1310,3050,3519,3536,5159,2629,4549
"33009",2012,1822,2253,2002,1427,1926,1983,2202,2378,1424,2103,3805,4455,4380,2851,4029
"33011",2012,11233,12797,13170,8965,5222,11390,11691,13164,8109,5421,22623,24488,26334,17074,10643
"33013",2012,3648,3746,4536,3024,2158,3679,3601,4975,2918,2129,7327,7347,9511,5942,4287
"33015",2012,6656,8666,10586,6347,3423,6762,9311,9403,6412,3442,13418,17977,19989,12759,6865
"33017",2012,3804,3611,3297,2330,3097,2840,3968,2773,2133,3511,6644,7579,6070,4463,6608
"34001",2012,8617,8521,9536,6144,3518,8145,7835,8837,5275,3406,16762,16356,18373,11419,6924
"34003",2012,24669,28709,30025,19381,11066,23839,26192,30336,18131,10740,48508,54901,60361,37512,21806
"34005",2012,12532,13431,15688,9491,6124,12022,14026,14443,9068,5019,24554,27457,30131,18559,11143
"34007",2012,16845,18273,16507,10824,6538,15718,15648,17574,10256,5749,32563,33921,34081,21080,12287
"34009",2012,2126,2344,2678,1848,1408,2250,2560,2055,1633,1061,4376,4904,4733,3481,2469
"34011",2012,5427,5301,5316,3166,1652,5236,5336,4640,2978,1912,10663,10637,9956,6144,3564
"34013",2012,27062,25742,28792,16155,11175,26163,25067,27659,16096,10079,53225,50809,56451,32251,21254
"34015",2012,8378,9604,10763,6486,3499,8078,10055,8671,6244,4481,16456,19659,19434,12730,7980
"34017",2012,22559,17700,17288,10699,7934,21565,17934,15456,10069,6553,44124,35634,32744,20768,14487
"34019",2012,2698,3313,5022,2889,1610,2389,3857,4871,3072,1264,5087,7170,9893,5961,2874
"34021",2012,10923,10439,13056,7396,5465,10351,11095,11173,7149,6967,21274,21534,24229,14545,12432
"34023",2012,25044,26369,26079,16596,12930,24322,25067,25024,15510,11918,49366,51436,51103,32106,24848
"34025",2012,16543,18805,23902,14298,8246,15926,18687,22399,13625,7920,32469,37492,46301,27923,16166
"34027",2012,13038,15673,18234,11041,6747,12762,16052,16968,10446,6982,25800,31725,35202,21487,13729
"34029",2012,19193,19120,19252,11104,6144,19137,20140,16316,10610,6162,38330,39260,35568,21714,12306
"34031",2012,17506,16342,18473,10330,7373,16502,17758,15206,10626,7661,34008,34100,33679,20956,15034
"34033",2012,1890,2056,1845,1443,911,1747,2367,2378,1325,967,3637,4423,4223,2768,1878
"34035",2012,9263,11546,11991,7397,4302,9065,10429,11699,7208,3300,18328,21975,23690,14605,7602
"34037",2012,3391,4849,5056,3355,1903,3437,4301,5438,3182,1709,6828,9150,10494,6537,3612
"34039",2012,17854,18593,18821,11414,7055,17213,17094,18676,10770,6660,35067,35687,37497,22184,13715
"34041",2012,2404,4701,2992,2126,1287,2758,3035,4049,2145,1516,5162,7736,7041,4271,2803
"35001",2012,22657,23929,21369,13209,9132,21944,21867,21372,12153,8567,44601,45796,42741,25362,17699
"35005",2012,2374,2550,3125,1707,1262,2817,2250,2047,1455,1379,5191,4800,5172,3162,2641
"35013",2012,8911,8025,7244,4828,4461,7948,7635,7704,4310,4662,16859,15660,14948,9138,9123
"35025",2012,3272,2869,2869,1117,1056,2761,2363,2791,1617,1382,6033,5232,5660,2734,2438
"35031",2012,3685,3122,3046,1728,1674,3058,3140,3068,2140,1398,6743,6262,6114,3868,3072
"35035",2012,2661,3100,1425,996,1211,2407,3049,1713,930,1413,5068,6149,3138,1926,2624
"35043",2012,4662,4752,5142,3230,1889,3933,4674,5141,3120,1517,8595,9426,10283,6350,3406
"35045",2012,5266,5440,4745,3221,1583,4832,4938,5363,2494,2368,10098,10378,10108,5715,3951
"35049",2012,3748,5502,3264,2127,2024,3815,4117,4228,2850,1946,7563,9619,7492,4977,3970
"35061",2012,2633,2902,2888,1867,1143,2561,3595,1637,1624,949,5194,6497,4525,3491,2092
"36001",2012,7706,7234,8602,5666,6279,7162,8470,8066,5430,7012,14868,15704,16668,11096,13291
"36005",2012,54908,49708,51662,31772,22659,52499,45559,51612,30703,22544,107407,95267,103274,62475,45203
"36007",2012,5124,5723,5109,3560,4020,4414,6042,4899,3846,3315,9538,11765,10008,7406,7335
"36009",2012,2203,2672,2643,1727,1132,2369,2495,2472,1622,1199,4572,5167,5115,3349,2331
"36011",2012,2213,2291,2554,1631,1019,2161,2077,2331,1535,923,4374,4368,4885,3166,1942
"36013",2012,3838,3719,4194,2950,2720,3533,2996,4794,2397,2679,7371,6715,8988,5347,5399
"36015",2012,2613,2630,3553,1769,1004,2127,2556,2838,1770,1523,4740,5186,6391,3539,2527
"36019",2012,2020,1679,2602,1539,1551,1799,2320,1688,1333,1635,3819,3999,4290,2872,3186
"36027",2012,7508,8405,9146,6726,5458,7152,9048,8957,6036,5491,14660,17453,18103,12762,10949
"36029",2012,24855,24085,31474,18419,13911,23804,24657,28228,17447,13197,48659,48742,59702,35866,27108
"36045",2012,5250,4640,2875,2197,1699,4670,4167,4139,1873,1166,9920,8807,7014,4070,2865
"36047",2012,96282,84247,77977,49094,30397,91480,79377,76427,48091,28992,187762,163624,154404,97185,59389
"36051",2012,1484,1685,1860,1117,1753,1369,1576,1837,1150,1779,2853,3261,3697,2267,3532
"36053",2012,1853,1955,2528,1630,1640,1839,1709,2545,1495,2231,3692,3664,5073,3125,3871
"36055",2012,21763,21310,25392,15052,12829,20652,19309,25277,14464,12472,42415,40619,50669,29516,25301
"36059",2012,37155,39720,48220,30349,18992,35624,40084,43603,28611,17635,72779,79804,91823,58960,36627
"36061",2012,42363,31473,30281,18207,16621,40549,32278,27828,17939,22003,82912,63751,58109,36146,38624
"36063",2012,5670,5451,7598,4129,3291,5548,4963,7255,3762,2755,11218,10414,14853,7891,6046
"36065",2012,6731,7008,7284,4759,3373,6373,6635,6767,4329,3231,13104,13643,14051,9088,6604
"36067",2012,14181,13855,15643,9990,8940,12794,14378,13836,9017,8056,26975,28233,29479,19007,16996
"36069",2012,3148,3796,2877,2141,1663,2683,2575,3991,2146,1466,5831,6371,6868,4287,3129
"36071",2012,12478,15230,13832,8418,6728,12406,14477,12457,8855,5662,24884,29707,26289,17273,12390
"36075",2012,3461,3919,3992,2481,2586,3281,3231,3978,2789,2643,6742,7150,7970,5270,5229
"36079",2012,1986,2645,4101,2382,1514,2220,3335,3286,2069,1109,4206,5980,7387,4451,2623
"36081",2012,70767,64155,63264,40025,25858,67605,60694,61444,38463,24131,138372,124849,124708,78488,49989
"36083",2012,4127,5198,4054,3258,3429,4607,4548,4249,3003,2707,8734,9746,8303,6261,6136
"36085",2012,14321,14084,16445,9641,5964,13595,14950,14071,9518,6074,27916,29034,30516,19159,12038
"36087",2012,12309,12640,12371,7902,4678,11599,12068,11838,7049,5165,23908,24708,24209,14951,9843
"36089",2012,3264,3090,3529,2257,2827,2863,3102,3263,1934,2974,6127,6192,6792,4191,5801
"36091",2012,5745,6279,8091,3977,2723,6076,7206,6316,4188,2630,11821,13485,14407,8165,5353
"36093",2012,3825,4619,5681,3252,2923,4616,3828,5710,3033,2752,8441,8447,11391,6285,5675
"36101",2012,2924,3454,2780,1965,1167,3075,2179,3936,2168,1007,5999,5633,6716,4133,2174
"36103",2012,42493,49750,51532,33537,21459,40773,44590,51284,31945,19160,83266,94340,102816,65482,40619
"36105",2012,2315,2265,2424,1448,987,1995,2264,2604,1412,641,4310,4529,5028,2860,1628
"36109",2012,2439,2370,1961,1400,4542,2152,2592,1796,1493,4945,4591,4962,3757,2893,9487
"36111",2012,4416,4925,5352,3365,2874,4047,5130,4689,3073,2919,8463,10055,10041,6438,5793
"36113",2012,1545,1761,1922,1301,683,1487,1724,2008,1207,651,3032,3485,3930,2508,1334
"36117",2012,2659,2470,3276,1941,1069,2784,3211,2732,1986,1363,5443,5681,6008,3927,2432
"36119",2012,28726,31497,34208,21043,13083,27414,30701,31658,19984,13523,56140,62198,65866,41027,26606
"37001",2012,4631,5973,4294,2906,2413,4328,4998,4874,3095,3312,8959,10971,9168,6001,5725
"37019",2012,3184,3237,2503,1451,1123,2403,3298,2665,1349,873,5587,6535,5168,2800,1996
"37021",2012,7200,7227,6797,5367,3391,5989,6173,6909,3700,2813,13189,13400,13706,9067,6204
"37023",2012,2373,2909,2963,1767,1615,2453,1916,3274,1806,809,4826,4825,6237,3573,2424
"37025",2012,6637,7040,7799,3808,2636,5878,7429,6448,4523,2009,12515,14469,14247,8331,4645
"37027",2012,2112,2067,3490,1400,1181,1748,1828,3342,1523,1048,3860,3895,6832,2923,2229
"37031",2012,1512,1723,2014,991,471,1492,1559,1995,1420,1079,3004,3282,4009,2411,1550
"37035",2012,4789,4967,5024,3103,2147,4243,5131,5469,2868,2011,9032,10098,10493,5971,4158
"37037",2012,1915,2304,1592,1214,725,1589,2603,1748,947,248,3504,4907,3340,2161,973
"37045",2012,2939,3008,3360,1732,1247,2618,3448,3081,2146,1169,5557,6456,6441,3878,2416
"37049",2012,3760,3055,3325,1390,1417,3668,3946,3008,1644,1264,7428,7001,6333,3034,2681
"37051",2012,13886,12072,10945,6397,4708,13245,11110,11431,6099,4651,27131,23182,22376,12496,9359
"37057",2012,5079,4811,6401,2849,1851,4795,5145,5502,3524,1807,9874,9956,11903,6373,3658
"37063",2012,10544,8926,8301,4918,4685,10067,8409,7950,4138,4958,20611,17335,16251,9056,9643
"37067",2012,12045,12100,12955,7127,5563,11583,11511,11846,6730,5750,23628,23611,24801,13857,11313
"37071",2012,6033,7780,6664,4509,2367,6217,5706,7246,4418,1723,12250,13486,13910,8927,4090
"37081",2012,16083,15129,17959,10118,8588,14918,17451,14322,9556,8980,31001,32580,32281,19674,17568
"37085",2012,4683,5140,4664,2436,1455,4719,4840,4377,2485,2009,9402,9980,9041,4921,3464
"37089",2012,3180,3272,2946,2009,929,2682,3534,3213,888,1011,5862,6806,6159,2897,1940
"37097",2012,4562,5976,6024,4127,1836,4834,4760,6452,3209,1889,9396,10736,12476,7336,3725
"37101",2012,6086,6997,7692,4405,2672,6233,7278,5990,3341,2033,12319,14275,13682,7746,4705
"37109",2012,1855,2455,2685,2094,683,2423,2178,2808,1616,1046,4278,4633,5493,3710,1729
"37119",2012,35766,36362,32458,18403,12252,34636,33372,33100,18389,13021,70402,69734,65558,36792,25273
"37125",2012,1872,4077,1875,2017,767,2522,3671,2007,1104,827,4394,7748,3882,3121,1594
"37127",2012,2706,2300,4526,1978,2037,2564,2675,3822,1807,1252,5270,4975,8348,3785,3289
"37129",2012,5673,6901,4947,3549,3625,5688,6240,4662,3266,3739,11361,13141,9609,6815,7364
"37133",2012,8697,6413,4906,2613,5053,8663,5025,6153,3243,2097,17360,11438,11059,5856,7150
"37135",2012,3025,3695,4670,2638,3498,3305,4649,3847,2119,4981,6330,8344,8517,4757,8479
"37147",2012,5609,5783,4701,3454,4332,5377,5375,4518,2997,4719,10986,11158,9219,6451,9051
"37151",2012,3899,5183,4816,2724,1694,4869,6144,4040,2593,1495,8768,11327,8856,5317,3189
"37155",2012,5238,5352,4937,2925,2269,4989,5068,4886,2801,2253,10227,10420,9823,5726,4522
"37157",2012,2102,2620,3243,1755,947,2330,2819,3325,1651,694,4432,5439,6568,3406,1641
"37159",2012,4295,3929,5353,2837,1764,3977,4503,4357,2506,1751,8272,8432,9710,5343,3515
"37161",2012,1627,2135,2298,1472,893,1801,1956,2238,1112,708,3428,4091,4536,2584,1601
"37171",2012,2271,1994,2834,1399,929,1835,2766,2415,1258,698,4106,4760,5249,2657,1627
"37179",2012,7350,9441,9529,5472,2933,6385,8275,9650,5330,3155,13735,17716,19179,10802,6088
"37183",2012,33231,37089,33513,19419,14272,31737,34449,34439,18863,13269,64968,71538,67952,38282,27541
"37191",2012,3848,5756,3653,2602,2118,3855,4331,4083,2179,1590,7703,10087,7736,4781,3708
"37193",2012,1671,2223,2367,1362,740,1920,1922,1898,1486,567,3591,4145,4265,2848,1307
"37195",2012,2738,2579,3046,1187,1228,2676,2978,2727,1838,1393,5414,5557,5773,3025,2621
"38015",2012,2631,3322,1891,1598,1366,2972,3114,2278,1436,1220,5603,6436,4169,3034,2586
"38017",2012,5385,6502,2942,2610,2944,4758,4976,4113,2238,3056,10143,11478,7055,4848,6000
"38035",2012,2203,1702,1688,1138,3411,2153,1777,1533,891,1865,4356,3479,3221,2029,5276
"39003",2012,3265,3444,4029,1961,1521,2889,3195,3778,2172,1059,6154,6639,7807,4133,2580
"39007",2012,3066,3080,3083,2043,1310,2705,3686,3242,2029,1014,5771,6766,6325,4072,2324
"39013",2012,1715,2156,1933,1268,846,1573,1324,2078,1249,670,3288,3480,4011,2517,1516
"39017",2012,12497,11824,14762,8268,6169,11120,11341,13892,7685,6493,23617,23165,28654,15953,12662
"39023",2012,4366,4658,4744,2722,1935,3776,4001,4747,2763,1947,8142,8659,9491,5485,3882
"39025",2012,6469,7097,7370,4025,2908,6555,6014,7676,4109,2051,13024,13111,15046,8134,4959
"39029",2012,2765,2757,4074,2161,1145,2786,2369,3824,1903,995,5551,5126,7898,4064,2140
"39035",2012,36715,40596,38191,25868,17376,35729,37025,39359,24813,16202,72444,77621,77550,50681,33578
"39041",2012,6145,8739,7395,4581,2254,5472,7293,7447,3852,1979,11617,16032,14842,8433,4233
"39043",2012,1906,2536,1853,1405,975,2152,2781,2226,1428,1057,4058,5317,4079,2833,2032
"39045",2012,4360,5799,5645,3603,2062,4107,5182,5171,3140,1709,8467,10981,10816,6743,3771
"39049",2012,43608,41161,38209,22543,17577,41615,37534,38624,21541,16961,85223,78695,76833,44084,34538
"39055",2012,2539,3258,3658,2575,1425,2210,2365,4159,2268,1095,4749,5623,7817,4843,2520
"39057",2012,4950,4266,4983,3384,3034,4121,4212,5527,2660,4396,9071,8478,10510,6044,7430
"39061",2012,26889,26889,25484,15812,12132,26015,24513,26438,15093,11488,52904,51402,51922,30905,23620
"39063",2012,2389,2553,2311,1525,1137,2525,2124,2445,1318,630,4914,4677,4756,2843,1767
"39081",2012,1722,1731,2093,1138,906,1624,1792,1894,1499,1009,3346,3523,3987,2637,1915
"39085",2012,5938,7176,7560,4511,2913,5513,6195,7768,4537,2259,11451,13371,15328,9048,5172
"39089",2012,5372,5388,6098,3545,2351,4646,5331,6209,3206,2227,10018,10719,12307,6751,4578
"39093",2012,8820,10782,10043,6145,4158,8412,9948,9049,6486,3853,17232,20730,19092,12631,8011
"39095",2012,14296,14909,14321,8924,6531,13850,15238,12340,8454,6446,28146,30147,26661,17378,12977
"39099",2012,6364,7406,6921,4907,2834,5612,6538,6989,4402,2572,11976,13944,13910,9309,5406
"39101",2012,1953,2085,1666,1236,825,1723,1732,1825,1159,597,3676,3817,3491,2395,1422
"39103",2012,4961,4959,7685,4046,2375,4576,5827,6251,3817,2038,9537,10786,13936,7863,4413
"39109",2012,3163,2763,4392,2081,1312,3118,3088,3785,2056,1290,6281,5851,8177,4137,2602
"39113",2012,16579,17477,17114,10441,7257,15888,17627,15668,9937,6791,32467,35104,32782,20378,14048
"39119",2012,2557,2206,3297,2483,1238,2259,2573,2906,1820,987,4816,4779,6203,4303,2225
"39133",2012,3575,4109,5194,3061,3737,3703,3694,5547,3113,4508,7278,7803,10741,6174,8245
"39139",2012,3869,3464,3905,2315,1717,3576,3039,4708,2376,1348,7445,6503,8613,4691,3065
"39141",2012,2070,2299,2894,1577,812,2049,2350,2480,1389,1071,4119,4649,5374,2966,1883
"39145",2012,2266,2193,2845,1520,1082,2082,2165,2813,1468,992,4348,4358,5658,2988,2074
"39151",2012,10621,12206,12296,7928,4685,10217,9225,14013,7226,4981,20838,21431,26309,15154,9666
"39153",2012,15404,15106,19079,11079,7748,15208,16490,16481,10632,6804,30612,31596,35560,21711,14552
"39155",2012,5517,6271,6518,4391,2477,5405,5549,6445,4172,1947,10922,11820,12963,8563,4424
"39157",2012,2969,4040,2459,1954,1045,2540,3355,2570,1713,890,5509,7395,5029,3667,1935
"39165",2012,6897,8323,8748,5463,2370,6394,7798,8568,5145,2075,13291,16121,17316,10608,4445
"39169",2012,3914,4415,3652,2580,2016,3307,4236,3450,2182,1894,7221,8651,7102,4762,3910
"39173",2012,3354,3513,3965,2878,3887,3044,3131,3853,2366,4652,6398,6644,7818,5244,8539
"40017",2012,4598,4870,4681,2807,1545,4308,5520,3270,2415,1661,8906,10390,7951,5222,3206
"40027",2012,8028,8675,8971,4742,4933,8103,8552,8018,4684,6236,16131,17227,16989,9426,11169
"40031",2012,4968,4431,4013,2141,3187,4705,5015,3183,2691,1589,9673,9446,7196,4832,4776
"40037",2012,2264,2262,2729,1431,756,2151,2254,2632,1523,857,4415,4516,5361,2954,1613
"40101",2012,2617,2754,2060,1528,854,2339,2333,2519,1373,1135,4956,5087,4579,2901,1989
"40109",2012,29497,29228,23672,13899,9331,27914,25127,25368,13736,9342,57411,54355,49040,27635,18673
"40119",2012,2128,1564,2904,1065,2978,2148,2086,1767,954,3093,4276,3650,4671,2019,6071
"40125",2012,2600,2331,2615,1520,947,2502,2103,2492,1323,1301,5102,4434,5107,2843,2248
"40131",2012,2566,2668,3870,2166,1326,2498,2635,3542,1904,1148,5064,5303,7412,4070,2474
"40143",2012,23043,22237,22285,12339,7999,22463,20456,21366,11916,7445,45506,42693,43651,24255,15444
"40145",2012,2344,2864,2860,1862,964,2367,2483,2760,1456,822,4711,5347,5620,3318,1786
"41003",2012,2457,1939,1771,1271,2847,2223,1748,2147,1313,2694,4680,3687,3918,2584,5541
"41005",2012,10644,13478,12588,9251,4700,9952,12501,11529,7516,4309,20596,25979,24117,16767,9009
"41017",2012,4362,5982,5632,2978,1620,4367,4464,5298,2894,1488,8729,10446,10930,5872,3108
"41019",2012,3182,2868,3090,2053,1497,2475,2843,3032,1661,863,5657,5711,6122,3714,2360
"41029",2012,5545,7048,5266,4153,2350,6984,5273,6668,3542,2352,12529,12321,11934,7695,4702
"41033",2012,2153,2393,1628,2240,1196,2280,2214,1913,1524,379,4433,4607,3541,3764,1575
"41035",2012,1862,2077,2010,1223,907,1877,2027,1884,1091,619,3739,4104,3894,2314,1526
"41039",2012,9007,9688,10041,5732,6027,8501,8092,10829,6428,5646,17508,17780,20870,12160,11673
"41043",2012,4305,4373,4455,2406,1340,3294,3755,3297,2024,1223,7599,8128,7752,4430,2563
"41047",2012,11371,12857,11887,7164,4694,10806,11187,11394,6651,4080,22177,24044,23281,13815,8774
"41051",2012,23753,23204,19960,11853,8303,22851,20414,20425,11281,8501,46604,43618,40385,23134,16804
"41053",2012,1586,2439,3198,1609,1454,2433,1889,2945,1961,1471,4019,4328,6143,3570,2925
"41059",2012,2666,3015,2735,991,1144,2620,2880,3792,1787,810,5286,5895,6527,2778,1954
"41067",2012,19537,20532,19027,11466,7613,17732,19324,18243,10829,5799,37269,39856,37270,22295,13412
"41071",2012,3706,2486,4569,2045,1480,2876,3253,3182,2293,2187,6582,5739,7751,4338,3667
"42001",2012,2678,3247,3049,2098,1645,2635,2552,3232,2080,1836,5313,5799,6281,4178,3481
"42003",2012,32822,31478,35113,21348,17162,31355,32315,31597,21144,17076,64177,63793,66710,42492,34238
"42005",2012,1713,1905,1949,1294,759,1751,2070,1625,1235,642,3464,3975,3574,2529,1401
"42007",2012,4527,4498,5105,3132,2036,4169,4603,5026,2890,1760,8696,9101,10131,6022,3796
"42011",2012,12252,14233,13734,9240,6748,12410,12302,14103,7976,7257,24662,26535,27837,17216,14005
"42013",2012,3780,3867,3742,2343,1634,3375,4169,2904,2158,1522,7155,8036,6646,4501,3156
"42017",2012,16679,18556,22005,13662,7570,15862,17791,20874,13100,7192,32541,36347,42879,26762,14762
"42019",2012,4753,6011,5701,4591,2934,4559,4221,6585,3543,3134,9312,10232,12286,8134,6068
"42021",2012,3549,4475,3438,2469,2028,3363,3473,4187,2332,2258,6912,7948,7625,4801,4286
"42025",2012,1437,1697,2127,1353,590,1523,1723,1690,1092,620,2960,3420,3817,2445,1210
"42027",2012,3325,3852,2806,2176,5297,3191,4011,2596,2265,6464,6516,7863,5402,4441,11761
"42029",2012,15335,19071,16656,11135,7482,14593,17200,17269,10628,8143,29928,36271,33925,21763,15625
"42033",2012,2031,2476,2429,1579,882,1832,1692,2450,1564,896,3863,4168,4879,3143,1778
"42037",2012,1530,1435,1974,1090,1630,1524,1393,2099,1122,2043,3054,2828,4073,2212,3673
"42039",2012,2242,2649,2991,1851,1599,2350,2269,2864,1665,1902,4592,4918,5855,3516,3501
"42041",2012,6417,6699,7845,4685,3922,5760,5372,7386,4207,4421,12177,12071,15231,8892,8343
"42043",2012,8472,8377,8792,5745,3513,8140,8366,8251,5144,2638,16612,16743,17043,10889,6151
"42045",2012,17026,18257,17855,12482,9659,16682,17170,17624,10989,9417,33708,35427,35479,23471,19076
"42049",2012,8276,7718,10345,5446,5291,8144,9143,7704,5604,5168,16420,16861,18049,11050,10459
"42051",2012,3421,3161,4300,2793,1350,3339,2799,4599,2359,1571,6760,5960,8899,5152,2921
"42055",2012,4872,6260,3580,3143,2409,4891,5291,4277,3070,1810,9763,11551,7857,6213,4219
"42063",2012,2312,2805,1836,1491,1968,2072,2375,2113,1402,2937,4384,5180,3949,2893,4905
"42069",2012,6492,5417,6360,3778,3324,5091,5909,6301,3864,3437,11583,11326,12661,7642,6761
"42071",2012,18275,17460,18782,10895,8029,17017,17899,16932,10807,7496,35292,35359,35714,21702,15525
"42073",2012,2254,2319,3036,2040,1137,2210,2131,2865,1651,1128,4464,4450,5901,3691,2265
"42075",2012,4221,4040,4525,2677,1506,4266,4235,4113,2690,1845,8487,8275,8638,5367,3351
"42077",2012,10857,12467,11439,7228,4932,10566,11492,10887,7072,5325,21423,23959,22326,14300,10257
"42079",2012,8187,8263,10253,6304,5106,7597,8738,8584,5555,4113,15784,17001,18837,11859,9219
"42081",2012,3294,3389,3390,1958,1860,3509,3543,2903,2074,1348,6803,6932,6293,4032,3208
"42085",2012,3072,3072,3859,2771,1926,2754,3287,3263,2152,1530,5826,6359,7122,4923,3456
"42089",2012,3766,4176,6729,3880,3172,4488,4157,6159,4076,2860,8254,8333,12888,7956,6032
"42091",2012,23672,24533,27034,16643,9496,22493,24962,24931,16077,10548,46165,49495,51965,32720,20044
"42095",2012,8130,9334,9143,6250,5498,7177,8561,9076,5361,5158,15307,17895,18219,11611,10656
"42097",2012,2553,2276,2881,1942,999,2295,2688,2221,1679,859,4848,4964,5102,3621,1858
"42101",2012,54761,46755,47395,28441,24427,52633,45346,45139,28069,25939,107394,92101,92534,56510,50366
"42107",2012,3622,4639,3635,2695,1507,3629,3708,4294,2559,1285,7251,8347,7929,5254,2792
"42111",2012,1739,1933,2169,1336,849,1678,2209,1682,1312,648,3417,4142,3851,2648,1497
"42125",2012,5612,6095,5665,4076,2814,4691,5875,6099,3877,2800,10303,11970,11764,7953,5614
"42129",2012,8206,9609,10755,6907,4593,8586,9156,10144,6657,4360,16792,18765,20899,13564,8953
"42133",2012,13289,14617,14520,8617,5595,12504,13796,13464,9030,5357,25793,28413,27984,17647,10952
"44003",2012,4352,3884,5097,3113,1617,4187,4366,4751,2826,1538,8539,8250,9848,5939,3155
"44005",2012,1727,2272,2091,1376,1224,2438,1637,2438,1465,1690,4165,3909,4529,2841,2914
"44007",2012,19086,18017,20220,12079,10799,17403,16251,20388,11461,11063,36489,34268,40608,23540,21862
"44009",2012,2532,3036,3909,2616,3231,2374,3078,3885,2610,3473,4906,6114,7794,5226,6704
"45003",2012,4480,5845,4911,2802,2335,4494,5215,5448,2927,2243,8974,11060,10359,5729,4578
"45007",2012,6032,6820,6128,4130,2394,5886,5700,6383,3522,2385,11918,12520,12511,7652,4779
"45013",2012,5376,5393,4020,2056,4629,5220,5425,4994,1717,2251,10596,10818,9014,3773,6880
"45015",2012,6741,7278,5605,3568,3615,6718,7156,5945,3642,2119,13459,14434,11550,7210,5734
"45019",2012,12199,12497,8097,5553,5000,11214,11016,9409,5048,5044,23413,23513,17506,10601,10044
"45031",2012,2322,1859,2741,938,1256,2006,2238,2470,1767,1223,4328,4097,5211,2705,2479
"45035",2012,4708,5950,4947,3235,2004,4955,4283,6146,3063,1666,9663,10233,11093,6298,3670
"45041",2012,4547,4841,5213,2692,1695,4573,5091,4017,2573,1626,9120,9932,9230,5265,3321
"45045",2012,16138,15960,15505,9359,6116,15644,16118,14393,8617,6066,31782,32078,29898,17976,12182
"45047",2012,3953,3127,2047,1114,1532,1310,1735,2274,1544,1824,5263,4862,4321,2658,3356
"45051",2012,7740,6956,9110,4565,3746,7730,7760,7566,4638,3344,15470,14716,16676,9203,7090
"45057",2012,2229,2335,2719,1672,778,2487,2614,2477,1283,1016,4716,4949,5196,2955,1794
"45059",2012,2204,2667,1652,1094,764,2156,2231,1920,1216,824,4360,4898,3572,2310,1588
"45063",2012,8805,9309,9213,5614,3331,8244,8780,8971,5759,2380,17049,18089,18184,11373,5711
"45073",2012,1914,1511,3136,1153,659,1983,1976,2151,1583,875,3897,3487,5287,2736,1534
"45075",2012,3110,2517,3610,1666,1622,2864,3394,2176,1667,1663,5974,5911,5786,3333,3285
"45077",2012,2736,3078,4449,1986,3873,2756,2906,3825,2016,5080,5492,5984,8274,4002,8953
"45079",2012,12458,14365,10627,7875,9664,11737,12355,12368,6796,8131,24195,26720,22995,14671,17795
"45083",2012,9550,10830,9164,6201,4222,9367,9633,9276,5582,4050,18917,20463,18440,11783,8272
"45085",2012,3460,3608,3679,2165,2002,3752,4841,2488,2239,1564,7212,8449,6167,4404,3566
"45091",2012,8034,8328,8897,4889,3933,7415,6671,9974,4576,3423,15449,14999,18871,9465,7356
"46099",2012,6545,6516,5471,3524,2281,6673,6922,4602,3119,2486,13218,13438,10073,6643,4767
"46103",2012,3798,4353,2970,1839,1204,3544,4272,3260,1542,1586,7342,8625,6230,3381,2790
"47001",2012,2456,2765,2321,1492,733,1899,2550,2141,1202,862,4355,5315,4462,2694,1595
"47009",2012,3307,3675,4561,2165,1626,2914,2928,4852,2649,1469,6221,6603,9413,4814,3095
"47011",2012,2793,3107,3655,2064,1194,3328,2081,4097,1716,2257,6121,5188,7752,3780,3451
"47037",2012,23151,21184,17338,10201,8880,22484,22123,15018,9951,8873,45635,43307,32356,20152,17753
"47059",2012,1945,1157,2831,1270,424,1595,1971,1727,1149,624,3540,3128,4558,2419,1048
"47065",2012,10828,13074,7876,6298,4446,10198,8689,11194,5891,4839,21026,21763,19070,12189,9285
"47093",2012,13123,14239,12958,7923,6672,12693,12755,13071,7723,6746,25816,26994,26029,15646,13418
"47113",2012,3395,2942,3541,1922,1615,3474,3883,2291,1896,2401,6869,6825,5832,3818,4016
"47119",2012,3033,2844,2329,1724,1116,2585,3221,2458,1691,898,5618,6065,4787,3415,2014
"47125",2012,8005,7539,6164,3167,2355,7721,6735,6567,4128,2507,15726,14274,12731,7295,4862
"47141",2012,2191,2180,2350,1190,1934,1961,2225,2208,1242,1017,4152,4405,4558,2432,2951
"47147",2012,2287,2193,3023,1676,628,2157,2192,2097,1424,705,4444,4385,5120,3100,1333
"47149",2012,9821,9873,10588,6084,4531,9100,10533,9152,5226,4039,18921,20406,19740,11310,8570
"47155",2012,2968,2761,3106,1755,1162,2107,2484,2657,1704,975,5075,5245,5763,3459,2137
"47157",2012,34740,32096,35064,21258,13664,33524,30525,34988,20518,13443,68264,62621,70052,41776,27107
"47163",2012,4030,4019,5139,2893,1746,3850,4380,4882,2700,1871,7880,8399,10021,5593,3617
"47165",2012,4464,6275,5929,4207,1712,5220,6617,4729,3374,1986,9684,12892,10658,7581,3698
"47179",2012,2920,3804,3485,2138,1605,2920,2651,4755,2309,2327,5840,6455,8240,4447,3932
"47187",2012,6965,6070,10597,4730,2547,5744,8466,7735,4260,2447,12709,14536,18332,8990,4994
"47189",2012,3216,4515,4072,2678,1576,3751,3511,4520,2608,1165,6967,8026,8592,5286,2741
"48005",2012,3391,3339,3276,1629,895,2879,2774,3922,2009,996,6270,6113,7198,3638,1891
"48021",2012,2610,4120,2172,1385,1157,1451,3132,2637,1745,917,4061,7252,4809,3130,2074
"48027",2012,14385,12563,12765,6387,5341,13355,12052,11518,6465,3532,27740,24615,24283,12852,8873
"48029",2012,67092,70602,64093,39392,29068,64108,64461,66020,37410,25940,131200,135063,130113,76802,55008
"48037",2012,3087,2519,3801,2027,1318,2902,2624,3354,1915,1218,5989,5143,7155,3942,2536
"48039",2012,12236,11104,14079,6478,4230,12133,11990,12509,7333,3319,24369,23094,26588,13811,7549
"48041",2012,6446,6428,4927,3453,6987,6439,5697,5180,2739,6518,12885,12125,10107,6192,13505
"48061",2012,18463,19980,19104,11072,7046,17764,17520,19546,10864,6558,36227,37500,38650,21936,13604
"48085",2012,29760,30851,38392,19661,10352,27918,34479,31959,18752,9332,57678,65330,70351,38413,19684
"48091",2012,2905,3333,4319,2504,1498,3269,3534,3769,2380,1137,6174,6867,8088,4884,2635
"48099",2012,3074,3630,2359,1350,521,3083,3484,2654,964,839,6157,7114,5013,2314,1360
"48113",2012,100158,97722,91073,52850,33933,95861,93300,88759,50695,31765,196019,191022,179832,103545,65698
"48121",2012,25528,27414,28911,15774,10188,24068,26299,27690,14806,10327,49596,53713,56601,30580,20515
"48135",2012,6106,5629,6437,3847,1681,6005,5157,5689,2494,2244,12111,10786,12126,6341,3925
"48139",2012,5385,6920,5931,4105,2465,5033,6348,5750,3632,1914,10418,13268,11681,7737,4379
"48141",2012,33826,32779,35602,20782,14646,33174,35010,30813,20393,12727,67000,67789,66415,41175,27373
"48157",2012,22272,26587,26343,15866,8908,21353,23769,26505,15273,8131,43625,50356,52848,31139,17039
"48167",2012,10314,12047,9821,6560,4077,9782,9012,11366,5980,3723,20096,21059,21187,12540,7800
"48181",2012,3680,3634,4903,2250,2023,3795,3939,4224,2265,2065,7475,7573,9127,4515,4088
"48183",2012,4601,5173,3608,2251,1459,4575,3703,4735,2468,2003,9176,8876,8343,4719,3462
"48187",2012,4860,5103,6306,3608,2456,4054,4814,5139,3362,2023,8914,9917,11445,6970,4479
"48201",2012,173372,165660,166222,93801,60627,166777,161302,155372,89923,55042,340149,326962,321594,183724,115669
"48203",2012,2464,2949,2346,1547,681,2149,1771,2652,1332,1347,4613,4720,4998,2879,2028
"48209",2012,5527,6691,5843,3301,3462,5474,5669,5500,2962,6488,11001,12360,11343,6263,9950
"48213",2012,1945,2950,2538,1208,1452,2859,1777,3156,1282,1570,4804,4727,5694,2490,3022
"48215",2012,39237,38381,39906,22467,13554,37983,38270,37197,21800,13205,77220,76651,77103,44267,26759
"48231",2012,3127,2491,3403,2130,1276,2441,3279,2403,1861,1663,5568,5770,5806,3991,2939
"48245",2012,8628,9252,7386,5412,3965,8482,7896,7999,4905,3406,17110,17148,15385,10317,7371
"48251",2012,5155,5097,6888,3531,2300,5084,5793,5893,3465,2044,10239,10890,12781,6996,4344
"48257",2012,3830,4757,4667,2551,1487,3644,4200,3993,2580,1024,7474,8957,8660,5131,2511
"48291",2012,3048,3789,2166,1874,680,1757,3309,2062,1413,606,4805,7098,4228,3287,1286
"48303",2012,10173,9893,9778,5280,6646,9714,10669,7900,5340,6159,19887,20562,17678,10620,12805
"48309",2012,8453,8016,8949,5255,4558,8238,7954,7711,4745,5079,16691,15970,16660,10000,9637
"48329",2012,6189,5742,5422,2997,1735,6005,4469,6100,3187,2188,12194,10211,11522,6184,3923
"48339",2012,16962,17652,20773,11534,6291,16991,14486,22282,10562,5166,33953,32138,43055,22096,11457
"48347",2012,2251,2039,1742,1193,1419,2337,2287,2472,1388,2891,4588,4326,4214,2581,4310
"48355",2012,11534,12485,13365,7444,4773,11598,12827,11494,7172,4843,23132,25312,24859,14616,9616
"48361",2012,2845,2778,3181,1877,1231,2641,2706,2480,2194,1238,5486,5484,5661,4071,2469
"48367",2012,3254,4693,4621,2736,1872,3026,3494,4754,2444,1692,6280,8187,9375,5180,3564
"48375",2012,5330,4277,5326,2356,1541,4960,5277,4101,2410,1221,10290,9554,9427,4766,2762
"48381",2012,4500,4640,4167,2879,2232,3664,4363,3839,2407,2058,8164,9003,8006,5286,4290
"48397",2012,2366,3680,3602,1959,760,2647,4711,3045,1711,1373,5013,8391,6647,3670,2133
"48409",2012,2556,2818,2246,1464,1654,2126,2022,2829,1711,716,4682,4840,5075,3175,2370
"48423",2012,7779,6532,9183,4837,3192,7382,7582,7342,3965,3487,15161,14114,16525,8802,6679
"48439",2012,72161,70778,79053,42213,25346,69806,70413,72171,40633,24574,141967,141191,151224,82846,49920
"48441",2012,5365,5566,3564,2464,2477,4480,4165,4503,2624,2101,9845,9731,8067,5088,4578
"48451",2012,3686,3780,3548,1924,2346,3596,3711,2991,2318,2476,7282,7491,6539,4242,4822
"48453",2012,40647,39850,33354,18734,15600,38577,39623,30472,18851,14500,79224,79473,63826,37585,30100
"48469",2012,3258,2464,3876,2632,1140,3021,2774,3877,1731,1541,6279,5238,7753,4363,2681
"48471",2012,2322,1300,2116,1312,1429,659,736,1537,1055,2333,2981,2036,3653,2367,3762
"48479",2012,13154,13110,11987,7374,4727,12689,10623,13514,7337,4577,25843,23733,25501,14711,9304
"48485",2012,5221,4639,3792,2196,3395,3329,5295,3431,1999,2148,8550,9934,7223,4195,5543
"48491",2012,16953,20112,17511,10588,5229,16418,17524,18234,9580,5201,33371,37636,35745,20168,10430
"49005",2012,5367,5206,4829,2761,2273,5514,4994,4776,2235,2997,10881,10200,9605,4996,5270
"49011",2012,15892,15651,15448,7937,5042,14366,15689,13761,7989,3959,30258,31340,29209,15926,9001
"49035",2012,46071,45686,41615,23444,14214,43628,42072,41357,22846,13027,89699,87758,82972,46290,27241
"49049",2012,29528,25688,28306,13437,10627,27218,26848,24171,12875,12280,56746,52536,52477,26312,22907
"49053",2012,6242,6606,5305,3747,2356,5867,5622,6217,3008,2407,12109,12228,11522,6755,4763
"49057",2012,10562,9251,10621,5537,3276,10109,9116,9811,5321,2909,20671,18367,20432,10858,6185
"50007",2012,3970,4114,4827,2588,3952,3434,3689,4293,3068,4637,7404,7803,9120,5656,8589
"51003",2012,3497,3506,3021,2242,3071,1998,2496,3059,1807,3942,5495,6002,6080,4049,7013
"51013",2012,6399,4482,4907,2288,1620,6569,5984,3344,1906,1737,12968,10466,8251,4194,3357
"51015",2012,1601,1882,2457,1393,867,1694,1755,2499,1442,411,3295,3637,4956,2835,1278
"51019",2012,1673,2017,2211,1499,671,1772,2423,1788,1297,623,3445,4440,3999,2796,1294
"51041",2012,9741,11597,12511,7287,5403,9375,11383,11036,7833,5317,19116,22980,23547,15120,10720
"51059",2012,37931,37139,38684,22694,14242,36491,36112,36154,21402,12985,74422,73251,74838,44096,27227
"51061",2012,2195,2559,2376,1508,763,1621,2431,2040,1466,548,3816,4990,4416,2974,1311
"51069",2012,2467,2819,2716,2136,746,1987,2548,2988,1875,731,4454,5367,5704,4011,1477
"51085",2012,2536,3340,4047,2291,1660,2497,3124,3744,2273,1504,5033,6464,7791,4564,3164
"51087",2012,10052,10564,10648,6022,3784,10040,9838,10716,6118,3404,20092,20402,21364,12140,7188
"51095",2012,1607,2036,2430,1633,528,1401,2165,2371,1010,428,3008,4201,4801,2643,956
"51107",2012,13936,15399,13973,7525,4132,13399,14561,14079,7357,2915,27335,29960,28052,14882,7047
"51121",2012,2348,1594,2653,1161,5770,1837,2638,1188,1223,4653,4185,4232,3841,2384,10423
"51153",2012,17225,18254,16420,10129,5555,16798,15518,17854,8817,5201,34023,33772,34274,18946,10756
"51161",2012,2153,2944,2448,2703,770,1830,2561,2727,2143,1017,3983,5505,5175,4846,1787
"51165",2012,2265,2738,2460,1403,1340,1992,2205,2785,1566,1170,4257,4943,5245,2969,2510
"51177",2012,3886,4714,4976,3134,1680,4136,4941,4484,2870,1980,8022,9655,9460,6004,3660
"51179",2012,4120,4882,5735,3817,2154,4826,4494,5842,3358,2198,8946,9376,11577,7175,4352
"51199",2012,1627,2647,2346,1705,1280,1846,2091,2420,1610,1036,3473,4738,4766,3315,2316
"51510",2012,5550,3419,2290,1599,1007,5382,3312,2583,1762,634,10932,6731,4873,3361,1641
"51550",2012,6966,8265,7941,5050,3348,7311,8126,7791,5209,2804,14277,16391,15732,10259,6152
"51650",2012,4204,4117,4525,2336,2255,4250,4240,3785,2975,2808,8454,8357,8310,5311,5063
"51680",2012,2905,2208,1679,959,2937,2093,1944,1856,1168,3041,4998,4152,3535,2127,5978
"51700",2012,6775,6194,5577,3668,3861,6328,5659,5544,3153,2685,13103,11853,11121,6821,6546
"51710",2012,8647,7385,6509,3319,6686,8219,7492,5872,3409,4720,16866,14877,12381,6728,11406
"51740",2012,3854,3288,2608,1586,1272,3666,2773,3417,1686,1029,7520,6061,6025,3272,2301
"51760",2012,6779,6496,4561,2355,4263,7435,5639,4802,2744,5311,14214,12135,9363,5099,9574
"51770",2012,3150,3363,2427,1945,1250,3572,3661,2180,1067,1468,6722,7024,4607,3012,2718
"51800",2012,2912,3794,2292,1893,1511,2932,3084,2949,1662,1135,5844,6878,5241,3555,2646
"51810",2012,15105,13983,15089,8432,6352,14349,13355,14287,8997,5466,29454,27338,29376,17429,11818
"53005",2012,6414,5090,9153,4252,2510,6200,6721,6767,3953,2197,12614,11811,15920,8205,4707
"53007",2012,2295,3154,2033,1431,1257,2776,2400,2409,1508,1048,5071,5554,4442,2939,2305
"53009",2012,1607,1883,1615,979,573,1738,1468,1966,1190,478,3345,3351,3581,2169,1051
"53011",2012,15111,16390,16988,9994,4909,13713,14680,16448,9644,4333,28824,31070,33436,19638,9242
"53015",2012,3217,3511,3223,2157,1063,2948,2622,3632,2243,1104,6165,6133,6855,4400,2167
"53021",2012,4965,4342,3924,2271,1556,4228,3895,3793,1860,1156,9193,8237,7717,4131,2712
"53025",2012,3937,4339,3857,2842,1271,4009,3756,3802,1611,1153,7946,8095,7659,4453,2424
"53027",2012,1822,2274,2058,1548,1100,2234,1932,2069,1236,563,4056,4206,4127,2784,1663
"53029",2012,2185,2200,2407,1551,1413,2026,1673,2243,1368,660,4211,3873,4650,2919,2073
"53033",2012,63703,57936,60166,34888,23488,60564,56727,56022,33208,22640,124267,114663,116188,68096,46128
"53035",2012,7779,7238,7800,4617,3358,6626,7309,7877,5189,2656,14405,14547,15677,9806,6014
"53041",2012,2469,2238,2219,1925,752,2101,2141,2133,1707,964,4570,4379,4352,3632,1716
"53053",2012,28605,27949,27659,16321,10569,27744,25664,27196,16237,10072,56349,53613,54855,32558,20641
"53057",2012,3651,3493,4359,2451,1621,4020,2902,4288,2222,1535,7671,6395,8647,4673,3156
"53061",2012,24202,24878,24260,15208,9430,22678,21345,25602,14462,7809,46880,46223,49862,29670,17239
"53063",2012,15621,16361,15074,9194,7621,14462,13749,15327,8724,7039,30083,30110,30401,17918,14660
"53067",2012,8053,7950,9062,4933,3518,7139,7483,8412,4680,4006,15192,15433,17474,9613,7524
"53073",2012,5354,6388,5962,3605,4057,5413,5383,5619,3765,4311,10767,11771,11581,7370,8368
"53077",2012,10932,10085,10815,6159,3978,10840,10654,9469,5606,3510,21772,20739,20284,11765,7488
"54003",2012,3512,3498,3110,2193,1206,4866,2441,4062,2582,1011,8378,5939,7172,4775,2217
"54011",2012,3037,2207,3378,1371,1671,2978,2704,2495,1315,1925,6015,4911,5873,2686,3596
"54033",2012,2242,1874,2269,1230,698,1828,2620,1524,1311,658,4070,4494,3793,2541,1356
"54039",2012,5668,5844,5237,3392,2052,5371,4372,6252,3137,2329,11039,10216,11489,6529,4381
"54061",2012,2504,2287,2320,1230,3164,2291,2426,2163,1107,3232,4795,4713,4483,2337,6396
"54081",2012,2199,2065,2386,1502,734,2729,1866,2485,1127,696,4928,3931,4871,2629,1430
"54107",2012,2625,2868,2577,1666,902,2346,2833,2188,1554,849,4971,5701,4765,3220,1751
"55009",2012,9110,8366,9792,4954,3888,8147,8535,7937,5243,4372,17257,16901,17729,10197,8260
"55025",2012,15646,15572,15032,9215,8452,14677,15895,13053,7674,8923,30323,31467,28085,16889,17375
"55027",2012,2332,2771,2823,1942,938,2255,2434,2706,1772,1142,4587,5205,5529,3714,2080
"55035",2012,3030,3657,2712,2094,2099,2516,3126,1958,1579,2475,5546,6783,4670,3673,4574
"55039",2012,3349,2916,3278,2225,1280,3340,2405,3464,1713,1483,6689,5321,6742,3938,2763
"55055",2012,2617,2399,3025,1705,1536,2472,3125,2377,1714,1548,5089,5524,5402,3419,3084
"55059",2012,5955,5230,6796,4001,2912,5003,5227,6384,3303,3114,10958,10457,13180,7304,6026
"55063",2012,3245,3500,3632,2058,2060,3596,3297,2931,2013,3399,6841,6797,6563,4071,5459
"55071",2012,2329,1845,2977,1543,1215,2142,2373,2413,1775,864,4471,4218,5390,3318,2079
"55073",2012,4651,4205,4900,2966,1599,3989,4751,3819,2922,1699,8640,8956,8719,5888,3298
"55079",2012,36475,34901,30855,19012,14449,34730,32735,30844,18571,13784,71205,67636,61699,37583,28233
"55087",2012,5840,5942,6633,4091,2415,5695,6038,6319,3154,2189,11535,11980,12952,7245,4604
"55089",2012,2112,2686,2902,2165,1317,2152,3182,2453,1790,595,4264,5868,5355,3955,1912
"55097",2012,1906,1875,2320,1265,1530,1781,1605,2000,1548,1737,3687,3480,4320,2813,3267
"55101",2012,6385,6371,7289,4141,2859,6424,6469,6675,3950,2053,12809,12840,13964,8091,4912
"55105",2012,5542,5744,5625,3298,2423,4483,5750,5632,2947,2221,10025,11494,11257,6245,4644
"55109",2012,2782,4116,2796,2102,1149,2663,3245,3400,1843,876,5445,7361,6196,3945,2025
"55117",2012,3094,4016,4205,2338,1773,3367,2959,4364,2373,1421,6461,6975,8569,4711,3194
"55127",2012,2845,2938,3871,2055,1998,2912,3821,2955,1782,1772,5757,6759,6826,3837,3770
"55131",2012,3389,4159,5196,2721,1548,3769,4416,4888,2905,1759,7158,8575,10084,5626,3307
"55133",2012,10010,12986,13820,8854,5071,10241,12873,13609,7804,4619,20251,25859,27429,16658,9690
"55139",2012,5243,5661,4270,3147,2529,4904,5370,4835,2624,3210,10147,11031,9105,5771,5739
"55141",2012,2317,2427,2466,1481,850,2187,2266,2293,1263,760,4504,4693,4759,2744,1610
"56021",2012,2843,3270,3316,1615,1852,3182,3518,2742,1606,1415,6025,6788,6058,3221,3267
"56025",2012,2966,3126,2257,1616,1104,2829,2320,2439,1324,909,5795,5446,4696,2940,2013
"72013",2012,2597,2543,3513,2100,1456,2457,3154,2491,1965,1362,5054,5697,6004,4065,2818
"72021",2012,5672,6232,6454,4370,3003,5257,5606,6218,3937,2833,10929,11838,12672,8307,5836
"72025",2012,4120,4701,4856,3130,2135,3906,4120,4908,2981,2090,8026,8821,9764,6111,4225
"72031",2012,4731,4687,6188,3805,2601,4596,4872,5538,3595,2555,9327,9559,11726,7400,5156
"72061",2012,2417,2486,3159,1962,1345,2298,3161,2229,1801,1327,4715,5647,5388,3763,2672
"72097",2012,2184,2214,2691,1928,1290,2078,2429,2262,1730,1044,4262,4643,4953,3658,2334
"72113",2012,4937,5972,4798,3573,2451,4717,3800,6323,3440,2442,9654,9772,11121,7013,4893
"72127",2012,10359,12644,10056,7532,5166,10242,10289,11723,7397,5149,20601,22933,21779,14929,10315
"72135",2012,2286,3078,2696,1907,1228,2204,3002,2477,1858,1275,4490,6080,5173,3765,2503
"72137",2012,2604,2736,3277,1841,1280,2439,2840,2887,1890,1233,5043,5576,6164,3731,2513
"72139",2012,2227,2684,2607,1681,1149,2114,2420,2340,1562,825,4341,5104,4947,3243,1974
"01003",2013,5539,5936,6917,4267,2132,5081,6616,5873,4076,1758,10620,12552,12790,8343,3890
"01015",2013,3769,4759,2984,1922,2010,2972,3853,3162,2538,2019,6741,8612,6146,4460,4029
"01043",2013,2889,3009,2207,1521,522,2423,1845,2754,1412,738,5312,4854,4961,2933,1260
"01049",2013,1105,2729,2650,1301,745,2469,2042,2553,1533,669,3574,4771,5203,2834,1414
"01051",2013,2116,3130,2956,1362,1163,1961,3164,2374,1452,736,4077,6294,5330,2814,1899
"01055",2013,3267,2699,3836,2435,1370,2715,3228,2459,2281,1291,5982,5927,6295,4716,2661
"01069",2013,3379,3224,4255,2136,1115,3080,2789,3894,2115,1104,6459,6013,8149,4251,2219
"01073",2013,22152,22510,20641,12236,8155,20976,20620,21340,12037,8917,43128,43130,41981,24273,17072
"01077",2013,2389,2702,2877,1771,748,1920,2554,2589,1850,1844,4309,5256,5466,3621,2592
"01081",2013,4859,4152,5023,2767,4179,4140,4755,4110,3175,3726,8999,8907,9133,5942,7905
"01083",2013,3006,2889,3684,1391,841,2713,3010,2601,1816,1321,5719,5899,6285,3207,2162
"01089",2013,10827,10041,11944,7042,5317,9602,8890,13066,7396,4507,20429,18931,25010,14438,9824
"01095",2013,2668,3416,3159,2218,998,3645,3264,3303,1603,1142,6313,6680,6462,3821,2140
"01097",2013,13530,14746,13722,8519,5778,13850,13436,14035,8079,5493,27380,28182,27757,16598,11271
"01101",2013,8158,7230,8702,4507,3716,7374,8212,6432,4307,3712,15532,15442,15134,8814,7428
"01103",2013,3963,3322,4125,2845,1866,4071,3295,3917,2296,1353,8034,6617,8042,5141,3219
"01115",2013,3163,2311,3560,1407,925,2618,2065,2835,1710,1046,5781,4376,6395,3117,1971
"01117",2013,5778,7499,8995,4321,2942,5471,7508,6868,4440,2210,11249,15007,15863,8761,5152
"01121",2013,2247,2196,2841,1986,777,2232,1498,3723,1204,1495,4479,3694,6564,3190,2272
"01125",2013,6228,5884,6293,3403,5002,5865,4536,6795,3420,5887,12093,10420,13088,6823,10889
"01127",2013,1759,2416,1927,1379,886,2134,1869,2451,1352,1015,3893,4285,4378,2731,1901
"02020",2013,10790,10359,11234,5107,4487,11197,9544,11337,6020,3660,21987,19903,22571,11127,8147
"02090",2013,4398,3944,3439,1891,3769,3664,3137,3001,1240,2185,8062,7081,6440,3131,5954
"02170",2013,3248,3900,4091,2571,1584,3489,2962,4041,2100,1263,6737,6862,8132,4671,2847
"04001",2013,2354,3265,3206,1621,1487,2758,2987,3238,1856,849,5112,6252,6444,3477,2336
"04003",2013,3860,3266,4724,1758,2490,3650,4088,3561,4399,1688,7510,7354,8285,6157,4178
"04005",2013,4312,4437,3861,2773,3617,3894,4740,3365,2267,5791,8206,9177,7226,5040,9408
"04013",2013,138398,149099,144860,86095,54454,133295,145828,136393,82332,50454,271693,294927,281253,168427,104908
"04015",2013,5770,5146,6100,3617,1579,4044,4820,5941,3249,2358,9814,9966,12041,6866,3937
"04017",2013,4250,4369,4329,2371,1305,3640,4401,4075,2748,1458,7890,8770,8404,5119,2763
"04019",2013,30535,31418,31554,19065,16151,28762,29575,30893,17870,16117,59297,60993,62447,36935,32268
"04021",2013,12683,13465,16027,7820,5256,12587,14455,13560,7636,4032,25270,27920,29587,15456,9288
"04025",2013,5561,5180,5822,3451,2365,3522,4985,5827,3784,1851,9083,10165,11649,7235,4216
"04027",2013,8011,6809,8088,4679,3621,7514,7906,6640,4019,2952,15525,14715,14728,8698,6573
"05007",2013,8859,9718,9624,4977,3318,8612,9310,8733,4827,2573,17471,19028,18357,9804,5891
"05031",2013,4337,5220,3177,1595,1437,2585,3370,2758,2052,2057,6922,8590,5935,3647,3494
"05045",2013,3695,3662,5310,2308,2104,3805,4137,3685,2114,2520,7500,7799,8995,4422,4624
"05051",2013,3190,2889,3056,2129,1253,2074,2932,2189,1693,707,5264,5821,5245,3822,1960
"05069",2013,2372,2145,2883,1676,1080,2203,2408,2225,1275,1296,4575,4553,5108,2951,2376
"05085",2013,2451,3393,2594,1612,1077,2049,2288,2791,1738,882,4500,5681,5385,3350,1959
"05119",2013,14464,12497,13230,7571,4502,12975,12199,13277,7115,3785,27439,24696,26507,14686,8287
"05125",2013,3339,4282,4879,2680,1137,3330,4180,3062,2350,1038,6669,8462,7941,5030,2175
"05131",2013,4086,4541,4704,2128,1378,5125,5558,3610,2006,1505,9211,10099,8314,4134,2883
"05143",2013,8144,8566,7514,4638,4547,7407,7726,7432,3511,3886,15551,16292,14946,8149,8433
"05145",2013,2317,3186,2328,1706,1740,2212,2719,2547,1441,1030,4529,5905,4875,3147,2770
"06001",2013,49276,51543,46182,28199,20810,47431,47217,46101,27226,19606,96707,98760,92283,55425,40416
"06007",2013,6094,6689,6180,3676,4001,5998,5827,6574,4116,3832,12092,12516,12754,7792,7833
"06013",2013,32967,40444,36088,23774,14003,31814,37343,35775,22414,12628,64781,77787,71863,46188,26631
"06017",2013,4439,6212,5610,3535,2508,3579,6123,5224,4246,2726,8018,12335,10834,7781,5234
"06019",2013,40093,41016,37784,22883,15208,39220,39969,34957,22017,13822,79313,80985,72741,44900,29030
"06023",2013,3502,3911,3460,2230,2605,3624,3797,3322,2240,1841,7126,7708,6782,4470,4446
"06025",2013,7613,7729,6286,4675,2776,6876,7144,6434,3989,2620,14489,14873,12720,8664,5396
"06029",2013,36759,38079,34422,21530,14005,35933,36641,33397,19952,11625,72692,74720,67819,41482,25630
"06031",2013,5733,5622,6638,3447,2072,6034,5812,5213,3339,2295,11767,11434,11851,6786,4367
"06033",2013,2093,1835,1498,1235,1047,1870,1425,1986,962,973,3963,3260,3484,2197,2020
"06037",2013,326798,316903,332488,210875,145109,313347,317000,304016,201283,140374,640145,633903,636504,412158,285483
"06039",2013,6074,6764,5595,3760,2445,5752,6019,5455,3421,1827,11826,12783,11050,7181,4272
"06041",2013,7571,7460,8897,4775,3499,5508,6644,8534,3785,2417,13079,14104,17431,8560,5916
"06045",2013,2515,3063,2746,1436,2034,2124,2370,2493,1644,724,4639,5433,5239,3080,2758
"06047",2013,11264,11589,11579,7155,5189,10426,9611,11943,6410,4689,21690,21200,23522,13565,9878
"06053",2013,17091,15935,16438,9019,6918,15995,15670,15393,8339,6162,33086,31605,31831,17358,13080
"06055",2013,4148,4498,4616,2846,2029,3721,3789,4823,2765,1824,7869,8287,9439,5611,3853
"06057",2013,1695,2729,2658,2010,1116,2128,2433,2589,1487,1819,3823,5162,5247,3497,2935
"06059",2013,97568,104192,104650,66219,43773,92883,93327,104686,63494,41905,190451,197519,209336,129713,85678
"06061",2013,10159,12510,13243,8082,4698,10457,10094,13649,7401,4144,20616,22604,26892,15483,8842
"06065",2013,81175,87842,89221,55554,36659,77654,85235,85325,53551,33973,158829,173077,174546,109105,70632
"06067",2013,51231,49121,53528,31121,19003,48047,50376,47831,29639,17469,99278,99497,101359,60760,36472
"06071",2013,78528,79611,86225,52173,34030,75605,78848,77790,49637,30854,154133,158459,164015,101810,64884
"06073",2013,106820,105363,97940,62059,50951,101893,96512,97037,58772,43064,208713,201875,194977,120831,94015
"06075",2013,19420,15448,13752,8371,6934,18568,14256,14181,8088,7414,37988,29704,27933,16459,14348
"06077",2013,27017,27982,29859,17306,11031,25826,26298,27985,16272,10007,52843,54280,57844,33578,21038
"06079",2013,6928,7798,5973,4238,6957,6261,7501,6543,4583,6097,13189,15299,12516,8821,13054
"06081",2013,22828,23614,22984,13323,7403,22705,21088,23393,12165,6994,45533,44702,46377,25488,14397
"06083",2013,14678,12401,14834,8491,10341,13764,12700,13794,7963,10399,28442,25101,28628,16454,20740
"06085",2013,61890,65829,60065,35237,23489,59165,62675,57410,33423,21912,121055,128504,117475,68660,45401
"06087",2013,7712,8355,7350,4732,6334,8132,7710,7297,4895,5762,15844,16065,14647,9627,12096
"06089",2013,4774,6044,5871,3851,2269,4956,6497,4113,2708,2470,9730,12541,9984,6559,4739
"06095",2013,13403,13480,15114,8721,5567,12699,13894,13194,8427,4875,26102,27374,28308,17148,10442
"06097",2013,13547,15306,15159,9800,6351,12729,12886,15402,8808,6637,26276,28192,30561,18608,12988
"06099",2013,20121,19753,21764,12860,7606,19032,18104,21494,12128,7576,39153,37857,43258,24988,15182
"06101",2013,3639,4627,2677,1896,1332,2894,3725,3817,1977,1414,6533,8352,6494,3873,2746
"06107",2013,20889,22851,18438,11875,7444,19689,19848,19731,11160,6678,40578,42699,38169,23035,14122
"06111",2013,27665,27161,31789,18723,12279,26003,30090,26750,18102,11423,53668,57251,58539,36825,23702
"06113",2013,6291,6254,6027,4287,5873,5727,6981,5299,3895,6225,12018,13235,11326,8182,12098
"06115",2013,3349,3080,2830,1864,900,3157,2884,2168,1395,500,6506,5964,4998,3259,1400
"08001",2013,18971,16614,21812,10165,6311,17744,17758,18842,9195,5061,36715,34372,40654,19360,11372
"08005",2013,20205,21197,23213,12549,7477,19383,20102,21281,12098,6321,39588,41299,44494,24647,13798
"08013",2013,8196,9394,9189,5018,6833,7812,9480,8814,5787,7037,16008,18874,18003,10805,13870
"08031",2013,23021,20214,17273,8376,6635,22334,19044,17576,8678,6880,45355,39258,34849,17054,13515
"08035",2013,10682,13951,13727,7815,4150,9328,13730,12352,7078,3436,20010,27681,26079,14893,7586
"08041",2013,23444,23061,24085,13809,11350,22293,23926,21648,13288,8078,45737,46987,45733,27097,19428
"08059",2013,15320,17565,17040,10949,7343,14004,17391,15255,9649,5427,29324,34956,32295,20598,12770
"08069",2013,9086,9585,9367,5699,6778,8208,8359,9715,5144,6313,17294,17944,19082,10843,13091
"08077",2013,4000,5159,3984,2549,2052,5202,3664,5448,3022,2448,9202,8823,9432,5571,4500
"08101",2013,5008,5197,5848,3390,2312,4904,5046,5377,3071,2002,9912,10243,11225,6461,4314
"08123",2013,10109,11115,10070,5540,4016,9875,12111,8609,5365,4115,19984,23226,18679,10905,8131
"09001",2013,27801,33927,31895,21146,13285,26735,30251,32497,19775,12857,54536,64178,64392,40921,26142
"09003",2013,24800,27485,29346,18357,12605,24228,27236,27890,17820,12102,49028,54721,57236,36177,24707
"09005",2013,3766,4956,6176,4046,2039,4117,5208,5739,3392,1793,7883,10164,11915,7438,3832
"09007",2013,3937,4671,4786,3033,2391,3584,4543,5191,2881,2123,7521,9214,9977,5914,4514
"09009",2013,23490,26236,26795,17440,13490,22330,23047,27863,16609,13744,45820,49283,54658,34049,27234
"09011",2013,7012,7901,8300,5270,4672,7223,8771,7243,4816,3594,14235,16672,15543,10086,8266
"09013",2013,3109,4036,4794,2900,4989,2754,4349,4068,2813,4509,5863,8385,8862,5713,9498
"09015",2013,3070,3096,3732,2179,1758,2790,4213,3762,2116,2050,5860,7309,7494,4295,3808
"10001",2013,5781,5497,6201,3436,2114,5177,5181,6268,3039,2839,10958,10678,12469,6475,4953
"10003",2013,17121,16997,17599,10076,7910,16573,18054,16212,10032,8610,33694,35051,33811,20108,16520
"10005",2013,5827,5927,5728,3181,1848,5756,5489,5549,2987,1861,11583,11416,11277,6168,3709
"11001",2013,20822,15513,12288,7406,10236,20239,16674,10803,7787,11289,41061,32187,23091,15193,21525
"12001",2013,7432,6060,6113,3549,6417,6724,7068,5113,3610,7623,14156,13128,11226,7159,14040
"12005",2013,5564,5463,4946,3217,2524,5087,5351,5037,2949,1427,10651,10814,9983,6166,3951
"12009",2013,13752,14510,15705,10240,7254,12017,15216,13684,8642,5563,25769,29726,29389,18882,12817
"12011",2013,54982,57708,55935,36608,22229,52995,52577,55771,34646,21730,107977,110285,111706,71254,43959
"12015",2013,2514,2500,3597,2277,1448,2759,2482,3587,2278,1590,5273,4982,7184,4555,3038
"12017",2013,2403,2481,4175,1893,1056,2777,2139,3414,1893,1532,5180,4620,7589,3786,2588
"12019",2013,5750,6635,7376,4309,2820,4666,6219,8244,4715,2456,10416,12854,15620,9024,5276
"12021",2013,8466,6797,11945,5189,2979,7995,9013,8638,5310,3013,16461,15810,20583,10499,5992
"12023",2013,2631,2333,1908,875,756,1908,1431,2575,1249,1231,4539,3764,4483,2124,1987
"12031",2013,31025,27899,28534,16153,12260,29158,27759,27081,16120,11462,60183,55658,55615,32273,23722
"12033",2013,9921,8265,9884,5430,7212,9378,8182,8051,5053,4396,19299,16447,17935,10483,11608
"12035",2013,2269,2597,2386,1998,1780,2105,2666,3085,1620,2323,4374,5263,5471,3618,4103
"12053",2013,3971,4761,5163,3325,1587,3439,5517,3971,3034,1545,7410,10278,9134,6359,3132
"12055",2013,2901,2615,2864,1639,845,2275,2019,1791,1213,1062,5176,4634,4655,2852,1907
"12057",2013,42581,41747,44026,26442,17325,40429,42760,39217,24997,16337,83010,84507,83243,51439,33662
"12061",2013,3160,4592,2718,3116,1954,3077,3388,3541,2149,1592,6237,7980,6259,5265,3546
"12069",2013,8067,8186,10222,5590,3686,7645,6464,10788,5274,3076,15712,14650,21010,10864,6762
"12071",2013,16402,19116,17783,10659,7614,16226,15975,18627,10520,6417,32628,35091,36410,21179,14031
"12073",2013,7125,7637,8028,4581,7512,7438,6965,8011,4416,9228,14563,14602,16039,8997,16740
"12081",2013,8926,9616,10590,6140,4809,8491,8694,10067,5928,3297,17417,18310,20657,12068,8106
"12083",2013,9467,8964,9231,6375,3547,7056,9911,7305,5256,3636,16523,18875,16536,11631,7183
"12085",2013,2972,3741,3367,2830,1882,3276,3306,3982,2421,1488,6248,7047,7349,5251,3370
"12086",2013,78777,75570,77473,47312,33344,75820,70922,74669,44915,31659,154597,146492,152142,92227,65003
"12087",2013,2020,1206,1500,862,613,1893,1935,840,1160,1138,3913,3141,2340,2022,1751
"12089",2013,1862,1816,2337,2752,715,1972,2510,1816,871,1016,3834,4326,4153,3623,1731
"12091",2013,5603,6232,6664,3437,2740,5840,5789,5998,3660,2477,11443,12021,12662,7097,5217
"12095",2013,39506,35901,44101,24024,18553,37510,39273,37246,23056,18736,77016,75174,81347,47080,37289
"12097",2013,9874,9315,12551,7269,3828,9543,9172,11588,6565,3910,19417,18487,24139,13834,7738
"12099",2013,36004,38798,38843,24436,16301,34468,38213,36611,23182,14944,70472,77011,75454,47618,31245
"12101",2013,12401,14200,14460,8781,5178,11955,13731,13809,8613,4844,24356,27931,28269,17394,10022
"12103",2013,21436,19671,25631,15133,8782,20712,21650,21831,14143,9071,42148,41321,47462,29276,17853
"12105",2013,19191,19185,22412,12717,8078,18054,21351,18746,11642,6947,37245,40536,41158,24359,15025
"12107",2013,2300,2073,3127,1217,2312,1414,2730,2360,1121,927,3714,4803,5487,2338,3239
"12109",2013,5178,5948,8213,4599,2904,4968,6238,6542,4771,2716,10146,12186,14755,9370,5620
"12111",2013,6882,7961,9970,6129,3354,8128,10282,6609,5001,2655,15010,18243,16579,11130,6009
"12113",2013,5045,5190,5173,2806,1623,4553,5703,5529,3025,1742,9598,10893,10702,5831,3365
"12115",2013,7377,8339,8731,5888,3619,7638,8014,8243,5575,3196,15015,16353,16974,11463,6815
"12117",2013,11598,11709,15516,9290,6383,11255,11030,15916,8697,6165,22853,22739,31432,17987,12548
"12119",2013,1226,1018,1501,824,1216,864,1187,1116,557,544,2090,2205,2617,1381,1760
"12127",2013,12082,14896,10954,8216,7053,11481,12808,12051,8745,5520,23563,27704,23005,16961,12573
"13013",2013,2645,2734,3246,2120,502,2074,2737,2696,1325,1034,4719,5471,5942,3445,1536
"13015",2013,2338,3647,4327,2103,2426,2265,2992,4799,2073,2135,4603,6639,9126,4176,4561
"13021",2013,6255,5516,5964,3210,2096,5211,4625,5604,2886,2356,11466,10141,11568,6096,4452
"13031",2013,1575,1422,2303,1554,3385,2497,2546,1663,1061,3570,4072,3968,3966,2615,6955
"13045",2013,3175,4507,3170,2525,2766,3857,3409,4577,2449,3154,7032,7916,7747,4974,5920
"13047",2013,1854,1909,3085,1684,842,1646,1837,2531,1297,450,3500,3746,5616,2981,1292
"13051",2013,9650,8927,9014,4500,4466,9735,8066,8121,4110,5394,19385,16993,17135,8610,9860
"13057",2013,7326,9534,8647,4969,2256,7302,10411,7087,4818,2138,14628,19945,15734,9787,4394
"13059",2013,3671,2606,3186,1714,4401,3478,3256,2089,1135,7560,7149,5862,5275,2849,11961
"13063",2013,10486,11631,10168,6064,3753,10465,10602,10143,5360,4013,20951,22233,20311,11424,7766
"13067",2013,24523,25672,25233,14951,10569,23485,25180,24693,14533,9267,48008,50852,49926,29484,19836
"13073",2013,4268,5370,5842,2738,2214,3556,4865,5954,3167,1964,7824,10235,11796,5905,4178
"13077",2013,4513,5573,4464,2994,1823,4122,5933,4340,2915,1435,8635,11506,8804,5909,3258
"13089",2013,26936,25164,21590,12361,8595,25772,23211,21184,12598,9551,52708,48375,42774,24959,18146
"13095",2013,3190,3102,3969,1853,1532,3198,2740,3750,1767,2188,6388,5842,7719,3620,3720
"13097",2013,4658,5064,5655,2425,1830,4866,4361,6144,3593,1790,9524,9425,11799,6018,3620
"13113",2013,1364,4828,3906,2937,1726,2025,2915,4864,3508,1605,3389,7743,8770,6445,3331
"13115",2013,2967,3621,3150,1620,1914,2908,3844,2473,2021,1665,5875,7465,5623,3641,3579
"13117",2013,6300,8485,9886,4493,2684,6174,8041,9341,4738,1760,12474,16526,19227,9231,4444
"13121",2013,33505,34344,31132,17817,15511,31643,31632,32027,18953,15098,65148,65976,63159,36770,30609
"13127",2013,2046,2280,2929,1715,521,2871,1995,3752,1881,1411,4917,4275,6681,3596,1932
"13135",2013,30869,38616,32220,21058,12044,30134,33356,35225,20324,10741,61003,71972,67445,41382,22785
"13139",2013,8893,7143,7785,4455,2471,4786,6892,6961,3928,2215,13679,14035,14746,8383,4686
"13151",2013,6886,7522,10068,5952,3071,6031,8550,7918,5482,2171,12917,16072,17986,11434,5242
"13153",2013,4870,5870,6060,3494,1931,4727,4869,5550,2803,1505,9597,10739,11610,6297,3436
"13179",2013,3305,2258,2421,1348,1306,4118,2310,2079,1049,802,7423,4568,4500,2397,2108
"13185",2013,3969,4248,3365,2544,1791,4922,4021,2985,2171,2750,8891,8269,6350,4715,4541
"13215",2013,7500,7742,6416,3947,3327,7009,5464,7716,4098,2697,14509,13206,14132,8045,6024
"13217",2013,3218,3853,4184,2509,1969,3824,3013,4838,2516,1891,7042,6866,9022,5025,3860
"13223",2013,5148,5921,6388,3733,2511,4761,7162,5097,3478,2432,9909,13083,11485,7211,4943
"13245",2013,6910,6408,7461,3826,3595,7548,6390,6410,3440,2594,14458,12798,13871,7266,6189
"13247",2013,1480,4399,2942,2458,1794,2893,3051,2987,2068,2093,4373,7450,5929,4526,3887
"13285",2013,1485,2467,2899,2089,1638,3260,2926,1773,1183,641,4745,5393,4672,3272,2279
"13295",2013,2012,2221,2222,1482,1172,1957,1601,2147,1905,218,3969,3822,4369,3387,1390
"13297",2013,2408,2914,2846,1999,1420,3295,2920,3679,2264,677,5703,5834,6525,4263,2097
"13313",2013,3874,3925,4503,1871,1332,3583,3665,3974,2412,1443,7457,7590,8477,4283,2775
"15001",2013,6250,5783,6399,3779,2372,5671,4547,6528,3586,2042,11921,10330,12927,7365,4414
"15003",2013,32943,28204,31526,16655,12334,31700,28715,27635,15995,10376,64643,56919,59161,32650,22710
"15007",2013,2177,2236,2378,1535,871,2140,2123,1865,1069,982,4317,4359,4243,2604,1853
"15009",2013,5600,5300,5145,2823,1154,4225,4383,5283,3028,1653,9825,9683,10428,5851,2807
"16001",2013,14248,13333,18214,9844,5131,11597,15135,16024,8006,5148,25845,28468,34238,17850,10279
"16005",2013,3213,3442,2690,1894,1203,3094,3275,2904,1539,1085,6307,6717,5594,3433,2288
"16019",2013,4161,4751,5315,2598,685,5184,4264,5004,2577,1325,9345,9015,10319,5175,2010
"16027",2013,8092,11364,6546,4989,2591,7633,9278,7735,4900,2643,15725,20642,14281,9889,5234
"16055",2013,4665,4346,5515,2909,1563,4111,4605,5285,2576,1628,8776,8951,10800,5485,3191
"16083",2013,3395,3304,3209,1713,801,2803,3964,2329,1447,1056,6198,7268,5538,3160,1857
"17001",2013,1852,2650,1766,1165,879,1807,1668,2502,1175,865,3659,4318,4268,2340,1744
"17019",2013,5943,5586,5471,3583,7823,5103,5763,4873,2981,6795,11046,11349,10344,6564,14618
"17031",2013,172971,164746,169572,101840,68810,166149,165794,158416,98684,66172,339120,330540,327988,200524,134982
"17037",2013,3275,2915,4088,1714,3250,2944,2760,3189,2029,3623,6219,5675,7277,3743,6873
"17043",2013,28416,29645,34417,20744,12513,27164,30502,31179,19885,11638,55580,60147,65596,40629,24151
"17089",2013,17614,20456,22339,12825,7607,18210,20087,20919,12251,6416,35824,40543,43258,25076,14023
"17091",2013,3771,3971,4111,2213,1376,3405,3622,3912,2537,1459,7176,7593,8023,4750,2835
"17093",2013,5407,5963,4723,2467,1882,4455,4944,5291,2741,952,9862,10907,10014,5208,2834
"17097",2013,21481,26866,27036,17527,11923,20895,25456,25783,16428,9772,42376,52322,52819,33955,21695
"17099",2013,2879,3415,3916,2272,1737,3116,3343,3798,2190,1135,5995,6758,7714,4462,2872
"17111",2013,8669,11051,12583,8103,4128,8102,9831,12296,7425,4249,16771,20882,24879,15528,8377
"17113",2013,4760,6402,5123,3214,3512,5662,4860,5707,2936,4332,10422,11262,10830,6150,7844
"17115",2013,3449,3619,3197,1677,1479,3323,3906,2922,2222,1782,6772,7525,6119,3899,3261
"17119",2013,7908,8508,9160,5394,3844,7666,7810,8267,4624,3884,15574,16318,17427,10018,7728
"17143",2013,6825,6110,6444,3608,2488,6181,5016,6700,3718,2736,13006,11126,13144,7326,5224
"17161",2013,4717,5417,4016,2430,1677,4649,5045,4152,2568,1348,9366,10462,8168,4998,3025
"17163",2013,9098,9171,9499,5550,3640,8039,8456,9497,5399,3125,17137,17627,18996,10949,6765
"17167",2013,6491,6591,6276,3662,1984,5896,6771,6317,4025,2495,12387,13362,12593,7687,4479
"17179",2013,3860,4132,5326,2873,1688,4234,3983,4528,2433,1352,8094,8115,9854,5306,3040
"17183",2013,2998,2778,2595,1374,1107,2548,2350,2772,1898,836,5546,5128,5367,3272,1943
"17197",2013,21761,27889,27930,17833,10004,20920,25810,27418,16280,9368,42681,53699,55348,34113,19372
"17199",2013,2109,2314,1943,1153,604,1904,1553,2540,1068,886,4013,3867,4483,2221,1490
"17201",2013,9591,9761,10513,6200,3174,8872,9956,9381,5933,2734,18463,19717,19894,12133,5908
"18003",2013,13207,13498,13531,7857,4864,13019,14705,12106,7626,4734,26226,28203,25637,15483,9598
"18005",2013,2945,2687,2767,1536,1097,2671,3644,2087,1329,515,5616,6331,4854,2865,1612
"18019",2013,4160,3724,3360,2430,1570,3698,2342,4196,2357,1234,7858,6066,7556,4787,2804
"18035",2013,3065,3234,2905,2057,3263,2777,3444,3168,1903,3652,5842,6678,6073,3960,6915
"18039",2013,8453,7710,8763,3715,2571,6612,8254,7380,5180,2013,15065,15964,16143,8895,4584
"18043",2013,2420,2069,2893,1488,771,2108,2743,2722,1512,1011,4528,4812,5615,3000,1782
"18053",2013,1921,1930,2156,1206,1206,1979,2318,1703,1357,1640,3900,4248,3859,2563,2846
"18057",2013,10616,14623,11839,6925,3192,9665,13395,12162,6890,3192,20281,28018,24001,13815,6384
"18059",2013,1852,2576,2469,1867,560,1912,1491,3395,1524,508,3764,4067,5864,3391,1068
"18063",2013,4743,4972,6672,3664,2615,5287,4912,6666,3466,1488,10030,9884,13338,7130,4103
"18067",2013,2592,3318,2269,1500,980,2589,2493,2981,1328,904,5181,5811,5250,2828,1884
"18081",2013,4905,5080,6010,3427,1586,4899,5841,4032,3303,1572,9804,10921,10042,6730,3158
"18085",2013,2767,2751,2629,1956,1579,2128,2396,2778,1508,1249,4895,5147,5407,3464,2828
"18089",2013,15992,18034,17319,10671,6149,15522,16892,16870,10422,6037,31514,34926,34189,21093,12186
"18091",2013,3352,3559,3288,2172,572,3259,3090,3642,2275,1066,6611,6649,6930,4447,1638
"18095",2013,4010,4077,4336,3039,1622,3522,3698,4512,2181,1398,7532,7775,8848,5220,3020
"18097",2013,35683,34375,30073,18113,11103,34049,29142,32821,16916,11435,69732,63517,62894,35029,22538
"18105",2013,3495,3492,2930,1802,5298,3087,2254,3656,2032,6608,6582,5746,6586,3834,11906
"18109",2013,2155,2381,2722,1551,809,2127,2387,1999,1453,753,4282,4768,4721,3004,1562
"18127",2013,4521,6716,4531,3144,2311,4747,5500,5722,3596,1872,9268,12216,10253,6740,4183
"18141",2013,8781,9088,9422,4847,4775,8438,7845,9652,5985,4500,17219,16933,19074,10832,9275
"18157",2013,5541,6233,4768,2839,5702,5462,4985,4810,2568,4905,11003,11218,9578,5407,10607
"18163",2013,6017,6110,5751,2729,2502,5281,5362,5205,3323,2933,11298,11472,10956,6052,5435
"18167",2013,2890,3734,2842,2149,2297,3371,3030,2907,1685,2423,6261,6764,5749,3834,4720
"18177",2013,1962,1951,2389,1733,855,2150,2136,1724,1226,1395,4112,4087,4113,2959,2250
"19013",2013,4376,3286,4329,2309,2118,3947,3468,3673,3124,3058,8323,6754,8002,5433,5176
"19049",2013,3316,3627,2326,1372,630,2762,3143,3458,1555,879,6078,6770,5784,2927,1509
"19061",2013,2943,3032,3485,1964,1667,2849,2732,3257,1811,1521,5792,5764,6742,3775,3188
"19103",2013,4264,4190,3223,2980,4082,3942,4019,3581,1875,4046,8206,8209,6804,4855,8128
"19113",2013,7356,7336,7455,4671,2497,6615,7114,6793,4357,2647,13971,14450,14248,9028,5144
"19153",2013,16741,17275,15163,9533,5391,15802,16841,14128,8193,6133,32543,34116,29291,17726,11524
"19155",2013,3121,3072,3353,1579,1350,2908,3421,2727,1753,1182,6029,6493,6080,3332,2532
"19163",2013,6268,6217,5699,3425,2340,4967,5502,5868,3205,2132,11235,11719,11567,6630,4472
"19169",2013,2262,2370,2654,1169,4481,2081,1870,2509,1190,3556,4343,4240,5163,2359,8037
"19193",2013,3707,3606,3124,2613,1390,3629,4019,2739,3300,1418,7336,7625,5863,5913,2808
"20015",2013,2014,2499,2681,1625,933,1643,2468,2689,1652,806,3657,4967,5370,3277,1739
"20045",2013,2745,2992,2640,1674,4132,3560,3271,2488,1902,4820,6305,6263,5128,3576,8952
"20091",2013,20084,20960,21180,12157,7381,18738,21687,18798,11752,6192,38822,42647,39978,23909,13573
"20103",2013,2680,3073,2972,1383,1215,2368,2392,2973,1409,1249,5048,5465,5945,2792,2464
"20161",2013,2304,2148,1133,1228,2811,2633,1769,1421,254,3427,4937,3917,2554,1482,6238
"20173",2013,20128,19289,18725,10562,6655,18217,16715,20358,10514,5950,38345,36004,39083,21076,12605
"20177",2013,5991,5793,6795,3486,2420,5879,6585,5424,3799,2326,11870,12378,12219,7285,4746
"20209",2013,6900,6595,6535,3140,2137,6653,6050,6297,3225,1665,13553,12645,12832,6365,3802
"21015",2013,4958,4974,4873,2607,1436,4196,5668,4576,2469,1221,9154,10642,9449,5076,2657
"21029",2013,1910,2123,3516,1579,1075,1892,1521,3572,1754,878,3802,3644,7088,3333,1953
"21037",2013,3305,3013,2925,1766,1287,2734,3017,2643,1531,1365,6039,6030,5568,3297,2652
"21047",2013,3197,2537,3378,963,2457,3486,2221,3129,1523,1095,6683,4758,6507,2486,3552
"21059",2013,2842,4083,2802,1901,1330,3580,3362,3618,1951,934,6422,7445,6420,3852,2264
"21067",2013,10425,9995,7883,4656,5635,8825,9776,8641,4941,5982,19250,19771,16524,9597,11617
"21093",2013,3388,4323,4225,2365,1780,3889,4030,3425,1917,985,7277,8353,7650,4282,2765
"21111",2013,25032,23172,25413,14821,8325,24010,23018,23763,13516,8623,49042,46190,49176,28337,16948
"21117",2013,5880,5020,6592,3194,1607,5425,6636,5177,3079,2186,11305,11656,11769,6273,3793
"21145",2013,1923,2148,2468,697,830,1779,1870,2346,1622,648,3702,4018,4814,2319,1478
"21151",2013,2285,2787,2641,1443,1888,2249,2399,2859,1484,2472,4534,5186,5500,2927,4360
"21195",2013,1718,2248,1598,1223,620,2012,1957,1632,1133,665,3730,4205,3230,2356,1285
"21227",2013,4381,4063,3259,2106,2531,3122,4212,3452,2002,3104,7503,8275,6711,4108,5635
"22005",2013,4475,4514,4535,2102,1346,3446,5231,4438,3198,1237,7921,9745,8973,5300,2583
"22015",2013,4291,4570,4227,2370,1770,4759,4040,4824,2399,1171,9050,8610,9051,4769,2941
"22017",2013,8992,9205,7630,5246,3941,9667,7694,8814,4712,3286,18659,16899,16444,9958,7227
"22019",2013,6677,5969,7656,4165,2676,6322,8008,5814,4013,2647,12999,13977,13470,8178,5323
"22033",2013,14850,15040,13324,8514,7259,14072,13419,14606,8100,8118,28922,28459,27930,16614,15377
"22045",2013,2191,3075,2410,1657,1627,3508,3340,1839,1645,578,5699,6415,4249,3302,2205
"22051",2013,13810,15395,11426,8078,4651,13441,12915,13260,7138,4148,27251,28310,24686,15216,8799
"22055",2013,8266,8880,7022,4288,2646,7370,6456,8761,4219,3441,15636,15336,15783,8507,6087
"22057",2013,3281,3081,2792,1854,1494,3125,3255,4075,1633,1533,6406,6336,6867,3487,3027
"22063",2013,4637,4505,6008,2809,1177,4616,5331,4338,3211,2481,9253,9836,10346,6020,3658
"22071",2013,12042,11480,10376,5907,5293,11257,10477,10677,5629,5812,23299,21957,21053,11536,11105
"22073",2013,5802,5317,6077,3719,2189,5507,5988,4756,3154,2366,11309,11305,10833,6873,4555
"22079",2013,4539,5382,4307,2966,1961,4214,4173,5161,2820,1583,8753,9555,9468,5786,3544
"22097",2013,3282,3673,2501,1407,1300,3053,2498,3363,2166,1127,6335,6171,5864,3573,2427
"22103",2013,6943,9097,9006,5429,3004,7152,9314,8010,5272,2509,14095,18411,17016,10701,5513
"22105",2013,4398,3804,4863,3145,1595,4198,5062,3334,2353,1861,8596,8866,8197,5498,3456
"22109",2013,3854,4014,3868,2392,1463,3666,5418,3424,1958,994,7520,9432,7292,4350,2457
"23001",2013,3541,3176,3576,2185,1742,3344,2424,3797,1805,1182,6885,5600,7373,3990,2924
"23003",2013,1716,2031,1874,1313,977,1589,2180,1317,1358,757,3305,4211,3191,2671,1734
"23005",2013,7252,8277,8399,5592,3931,6691,6903,8467,5037,3929,13943,15180,16866,10629,7860
"23011",2013,3079,4185,2792,2263,1425,3059,2851,3622,2204,1529,6138,7036,6414,4467,2954
"23019",2013,3650,4180,3890,3000,2812,3527,3427,4571,2584,2489,7177,7607,8461,5584,5301
"23031",2013,4621,5283,6901,3862,2412,4239,5931,5118,3618,2345,8860,11214,12019,7480,4757
"24001",2013,1866,1384,2023,1232,1096,1432,2153,1616,1188,1524,3298,3537,3639,2420,2620
"24003",2013,18529,15667,20133,10561,7459,16843,17590,16886,10252,5442,35372,33257,37019,20813,12901
"24005",2013,25045,25030,24798,15865,11635,24528,26172,22022,14483,11350,49573,51202,46820,30348,22985
"24009",2013,2418,2984,3515,2262,1231,2206,2634,3680,2546,1156,4624,5618,7195,4808,2387
"24013",2013,3981,5977,5386,3947,2328,4678,5999,4674,3788,2455,8659,11976,10060,7735,4783
"24015",2013,2837,3539,4022,2162,1308,3053,2840,3715,1947,987,5890,6379,7737,4109,2295
"24017",2013,4455,6688,4590,3674,1748,4680,4804,6143,3528,1932,9135,11492,10733,7202,3680
"24021",2013,7610,7153,9875,5528,3737,6819,8181,8393,4657,3254,14429,15334,18268,10185,6991
"24025",2013,7171,6968,10265,5718,3674,6734,7588,8301,5516,3163,13905,14556,18566,11234,6837
"24027",2013,9795,12472,9799,7297,4074,8466,9087,11876,6993,3005,18261,21559,21675,14290,7079
"24031",2013,33625,33477,34325,20491,11853,32385,32026,33488,19701,10900,66010,65503,67813,40192,22753
"24033",2013,30311,26511,29404,16632,15018,29127,26245,27759,16125,13922,59438,52756,57163,32757,28940
"24037",2013,3815,4058,3688,2472,2101,3687,4272,3356,2178,2170,7502,8330,7044,4650,4271
"24043",2013,4220,5144,4427,3026,1639,4213,4609,4674,2930,1724,8433,9753,9101,5956,3363
"24045",2013,3174,3177,2785,1524,1783,2922,2131,3496,2475,1930,6096,5308,6281,3999,3713
"24510",2013,21382,18895,17028,9358,8434,20133,16902,18006,9572,9610,41515,35797,35034,18930,18044
"25001",2013,3910,5275,4875,3637,2730,4189,4397,5207,3392,1733,8099,9672,10082,7029,4463
"25003",2013,2914,3612,3145,2360,2066,2707,3271,3515,2152,2168,5621,6883,6660,4512,4234
"25005",2013,15449,17272,18010,10449,7656,14008,18373,13693,10835,7981,29457,35645,31703,21284,15637
"25009",2013,22403,22842,25648,16011,10289,21210,23086,23314,14985,10647,43613,45928,48962,30996,20936
"25011",2013,1836,1721,1904,1253,741,1470,1938,1693,1455,914,3306,3659,3597,2708,1655
"25013",2013,14065,12393,18269,9812,7904,13255,13227,15656,9671,7612,27320,25620,33925,19483,15516
"25015",2013,2975,4128,3342,2787,5197,2553,3609,3023,2303,8085,5528,7737,6365,5090,13282
"25017",2013,44372,46048,45037,28753,22394,43058,42434,44887,27285,21616,87430,88482,89924,56038,44010
"25021",2013,18894,20824,22717,14301,8873,18388,19661,22453,13003,8343,37282,40485,45170,27304,17216
"25023",2013,13826,16287,18433,10752,6373,12727,15673,16512,10786,6403,26553,31960,34945,21538,12776
"25025",2013,22182,17487,16594,10188,15367,21020,16198,16729,10074,17443,43202,33685,33323,20262,32810
"25027",2013,23068,24811,27159,17483,13214,21832,23205,26710,15355,11697,44900,48016,53869,32838,24911
"26005",2013,3287,4177,4275,2599,1343,3472,3590,4242,2594,1189,6759,7767,8517,5193,2532
"26017",2013,2961,3458,3164,2384,1484,2681,3143,2852,1816,1194,5642,6601,6016,4200,2678
"26021",2013,4521,5563,4521,3394,1689,5013,5003,4263,2979,2148,9534,10566,8784,6373,3837
"26025",2013,3706,5181,4234,2745,1921,4238,5075,3726,2592,1672,7944,10256,7960,5337,3593
"26037",2013,1923,2530,2756,1714,870,2169,2207,2783,1592,977,4092,4737,5539,3306,1847
"26045",2013,3211,3815,3275,3121,1465,2673,2925,3013,2057,1357,5884,6740,6288,5178,2822
"26049",2013,12739,14524,13946,9198,5756,11920,13356,14022,8798,5199,24659,27880,27968,17996,10955
"26055",2013,2623,2855,2607,1797,692,2966,2563,2488,1553,836,5589,5418,5095,3350,1528
"26065",2013,7786,8896,7230,5017,8580,8112,7070,8235,4956,8965,15898,15966,15465,9973,17545
"26073",2013,1634,1689,1505,1144,2655,1713,2344,1245,958,3498,3347,4033,2750,2102,6153
"26075",2013,4864,5003,5726,3100,2686,3936,5287,4527,3379,2053,8800,10290,10253,6479,4739
"26077",2013,8115,7662,9037,4639,4648,6738,7821,7665,5209,5124,14853,15483,16702,9848,9772
"26081",2013,22544,24879,20285,13145,8720,21206,21995,20803,12974,8244,43750,46874,41088,26119,16964
"26087",2013,2100,2992,2661,2065,1248,2093,3069,2678,2222,943,4193,6061,5339,4287,2191
"26091",2013,3367,3045,3268,2056,1533,2458,2837,3018,1841,1459,5825,5882,6286,3897,2992
"26093",2013,4853,5161,7644,4414,2631,4761,4227,7596,4740,2266,9614,9388,15240,9154,4897
"26099",2013,23634,26380,28667,18648,9452,22840,25781,26433,16787,9234,46474,52161,55100,35435,18686
"26103",2013,1857,1405,1814,1141,1315,1592,2111,1290,1161,1429,3449,3516,3104,2302,2744
"26111",2013,2398,2207,2854,1847,1368,2088,2039,3360,1702,1150,4486,4246,6214,3549,2518
"26115",2013,4026,4752,5069,3555,1904,4291,4865,4593,3102,1925,8317,9617,9662,6657,3829
"26121",2013,5131,6234,6025,3204,2061,5236,5940,5779,3654,2247,10367,12174,11804,6858,4308
"26125",2013,34806,39531,40324,26478,15385,33271,37339,39655,25193,13944,68077,76870,79979,51671,29329
"26139",2013,9281,9613,10498,6191,5525,8070,9266,9945,5716,6488,17351,18879,20443,11907,12013
"26145",2013,5699,6451,5996,4117,3412,5537,5094,6804,3986,3110,11236,11545,12800,8103,6522
"26147",2013,4433,5007,5824,3316,2126,4068,5054,5193,3266,1786,8501,10061,11017,6582,3912
"26155",2013,1834,2185,2261,1639,914,1683,1901,2430,1407,918,3517,4086,4691,3046,1832
"26159",2013,2114,2429,2744,1665,778,2716,2363,2503,1794,636,4830,4792,5247,3459,1414
"26161",2013,9454,11318,8940,6464,8925,9315,10026,9023,6042,9381,18769,21344,17963,12506,18306
"26163",2013,59110,58164,64117,37554,23759,56346,56124,61301,38094,22568,115456,114288,125418,75648,46327
"27003",2013,11109,11975,12361,7833,4244,10135,10123,13253,6918,3758,21244,22098,25614,14751,8002
"27013",2013,1751,2030,1500,849,1995,2181,1527,2040,1006,2160,3932,3557,3540,1855,4155
"27019",2013,3035,3660,4784,2520,1295,2896,4181,3783,2470,1327,5931,7841,8567,4990,2622
"27037",2013,13758,13058,16502,9306,4441,13063,14338,14325,8579,4200,26821,27396,30827,17885,8641
"27053",2013,40227,37725,37384,21329,14753,38361,36215,36393,20380,13895,78588,73940,73777,41709,28648
"27109",2013,5297,4674,6165,2558,1688,5427,5167,5364,2523,1375,10724,9841,11529,5081,3063
"27123",2013,19016,17015,16861,9651,7815,18148,16530,16184,9460,7986,37164,33545,33045,19111,15801
"27131",2013,1671,2558,2480,1346,2145,2224,1998,1750,1303,1638,3895,4556,4230,2649,3783
"27137",2013,4940,6229,5371,3482,3508,4988,4477,5931,3186,3568,9928,10706,11302,6668,7076
"27139",2013,4536,6276,5021,3188,1715,5684,7288,4629,3224,1367,10220,13564,9650,6412,3082
"27141",2013,3294,3903,3494,2068,1073,3212,3668,3779,1929,1275,6506,7571,7273,3997,2348
"27145",2013,4345,5958,4533,3122,3468,4638,5140,4047,2737,3673,8983,11098,8580,5859,7141
"27163",2013,8408,8302,9298,5771,3632,6863,9034,9467,5598,2613,15271,17336,18765,11369,6245
"27171",2013,5376,6007,4745,3444,1553,4449,4714,5791,2920,1218,9825,10721,10536,6364,2771
"28033",2013,5382,7367,6410,3720,2723,5103,6277,6859,4593,1662,10485,13644,13269,8313,4385
"28035",2013,3225,3362,1651,1760,782,2041,3447,1327,963,2978,5266,6809,2978,2723,3760
"28047",2013,7441,7855,5783,3588,3257,6996,7087,5434,3636,2108,14437,14942,11217,7224,5365
"28049",2013,8472,8825,8918,5255,4303,8456,8876,8639,5156,4210,16928,17701,17557,10411,8513
"28059",2013,4311,4824,4712,2638,2495,5063,4444,5254,3005,1647,9374,9268,9966,5643,4142
"28067",2013,2767,2984,2189,793,997,2208,2514,2669,1526,1241,4975,5498,4858,2319,2238
"28075",2013,1913,2719,2857,2321,1029,3276,2235,3161,743,1277,5189,4954,6018,3064,2306
"28081",2013,2847,2839,3691,1584,999,3204,3445,3234,1389,1304,6051,6284,6925,2973,2303
"28089",2013,2827,3502,4183,2820,1769,4022,2243,4739,1638,947,6849,5745,8922,4458,2716
"28121",2013,4518,3923,6265,2688,1817,5329,3776,6459,3504,1581,9847,7699,12724,6192,3398
"29019",2013,5171,5834,4098,2250,3580,5018,4467,5336,2400,5221,10189,10301,9434,4650,8801
"29021",2013,3287,3149,2605,1550,976,2857,2785,2855,1626,1058,6144,5934,5460,3176,2034
"29031",2013,2923,2659,2024,1571,1638,2199,2475,2213,1276,1662,5122,5134,4237,2847,3300
"29037",2013,3207,4082,3188,2282,1320,2806,3573,4217,2302,1473,6013,7655,7405,4584,2793
"29043",2013,2488,2871,3383,1801,624,2640,3117,3512,1938,911,5128,5988,6895,3739,1535
"29047",2013,7792,10135,6663,5046,2790,7370,7942,8647,4550,2395,15162,18077,15310,9596,5185
"29051",2013,2004,2351,2001,1540,1078,3010,2230,2655,1989,1193,5014,4581,4656,3529,2271
"29071",2013,3316,3857,3408,2242,745,2906,3667,2842,2044,977,6222,7524,6250,4286,1722
"29077",2013,9268,8849,8543,4803,4625,8284,8092,7124,4786,4672,17552,16941,15667,9589,9297
"29095",2013,23997,20998,25464,13098,7749,23075,21258,23096,12688,7158,47072,42256,48560,25786,14907
"29097",2013,4159,4229,4244,2196,1225,3919,4109,4367,2217,2017,8078,8338,8611,4413,3242
"29099",2013,7630,7777,7405,4684,2388,6566,8703,6482,4480,2110,14196,16480,13887,9164,4498
"29165",2013,2972,3207,3708,1754,949,2944,3185,2622,2270,1450,5916,6392,6330,4024,2399
"29183",2013,12600,13469,13250,7725,4429,10605,13279,13752,7315,4278,23205,26748,27002,15040,8707
"29187",2013,1784,2490,1725,1230,654,1712,2875,1236,1031,501,3496,5365,2961,2261,1155
"29189",2013,29672,30232,33881,21200,13569,28584,28467,33825,19825,13599,58256,58699,67706,41025,27168
"29510",2013,11085,8843,8741,5023,3599,9931,9597,7037,4598,4891,21016,18440,15778,9621,8490
"30013",2013,3233,3109,1959,1321,831,2696,2795,2017,1218,1023,5929,5904,3976,2539,1854
"30029",2013,2767,2948,3083,2166,1030,2582,2847,2919,1901,1069,5349,5795,6002,4067,2099
"30031",2013,2938,2624,2916,1351,2262,2642,2837,2613,1723,1941,5580,5461,5529,3074,4203
"30049",2013,1859,2005,2251,1486,1072,1755,1553,2268,1145,610,3614,3558,4519,2631,1682
"30063",2013,3095,3869,2575,1593,1863,2922,3195,2661,1594,2349,6017,7064,5236,3187,4212
"30111",2013,4979,5274,5136,2951,1891,4775,5953,4148,3091,1788,9754,11227,9284,6042,3679
"31055",2013,20750,19035,20073,10614,7075,20059,20202,17702,10336,7086,40809,39237,37775,20950,14161
"31109",2013,9869,10970,8681,5117,5615,10176,9901,8863,5030,6042,20045,20871,17544,10147,11657
"31153",2013,6713,6937,7063,3933,2192,6407,5867,7400,3688,2048,13120,12804,14463,7621,4240
"32003",2013,67984,70188,70572,40833,25155,65028,73345,61851,39827,22633,133012,143533,132423,80660,47788
"32031",2013,13282,14068,14994,8348,4435,12867,13929,12635,8551,5866,26149,27997,27629,16899,10301
"33005",2013,1717,2107,1918,1242,2019,1796,2040,1967,1418,1885,3513,4147,3885,2660,3904
"33009",2013,2112,1624,2830,1531,2374,1911,2280,2187,1367,1896,4023,3904,5017,2898,4270
"33011",2013,11483,14455,11241,8349,5192,11054,12975,11686,8159,5325,22537,27430,22927,16508,10517
"33013",2013,3734,4376,4170,2938,2362,3613,3587,4585,2626,2267,7347,7963,8755,5564,4629
"33015",2013,6749,8514,10186,6505,3619,7048,9048,9082,6083,3018,13797,17562,19268,12588,6637
"33017",2013,3359,3316,3447,2228,2835,3074,3299,4032,1962,3462,6433,6615,7479,4190,6297
"34001",2013,8590,8203,9250,6114,4422,8267,8794,7735,4803,3668,16857,16997,16985,10917,8090
"34003",2013,25060,28694,30478,19301,11339,23748,26981,29848,18310,10482,48808,55675,60326,37611,21821
"34005",2013,12525,13905,14794,9432,5243,12174,13081,15004,8839,4930,24699,26986,29798,18271,10173
"34007",2013,16962,16875,17486,10607,6184,15827,16900,15707,10324,5356,32789,33775,33193,20931,11540
"34009",2013,2131,2970,1893,1635,1498,2183,2101,2749,1612,1005,4314,5071,4642,3247,2503
"34011",2013,5512,6137,4448,2457,2092,5208,6208,3935,3379,1704,10720,12345,8383,5836,3796
"34013",2013,27140,25948,28707,15966,10822,26072,26452,25813,15846,10126,53212,52400,54520,31812,20948
"34015",2013,8354,9690,10169,6623,3541,8331,9137,9697,5701,2998,16685,18827,19866,12324,6539
"34017",2013,23339,17725,17333,10211,7704,22212,18533,15053,9822,5780,45551,36258,32386,20033,13484
"34019",2013,3078,3285,4951,3382,2043,2132,3171,4070,2870,1603,5210,6456,9021,6252,3646
"34021",2013,11038,10678,12564,7135,6466,10544,10696,11400,7197,6670,21582,21374,23964,14332,13136
"34023",2013,25611,24629,27498,16693,12809,24464,22940,27118,15398,11796,50075,47569,54616,32091,24605
"34025",2013,16786,19607,22128,14061,8291,16010,19519,20912,13414,7521,32796,39126,43040,27475,15812
"34027",2013,13078,17234,16393,10898,6514,12643,13994,18187,10538,6275,25721,31228,34580,21436,12789
"34029",2013,19199,17697,21059,11270,6576,20054,18530,18659,10636,5252,39253,36227,39718,21906,11828
"34031",2013,17891,17353,17510,10646,7334,16894,15490,17482,10300,7744,34785,32843,34992,20946,15078
"34033",2013,2197,1744,2227,1345,835,1945,2114,2001,1145,674,4142,3858,4228,2490,1509
"34035",2013,7626,13002,12283,7548,4137,8474,10210,11793,7154,3441,16100,23212,24076,14702,7578
"34037",2013,3849,4808,4707,3485,1785,3251,4392,4423,3221,1797,7100,9200,9130,6706,3582
"34039",2013,18022,17916,20144,11460,6839,17459,17547,18613,10452,6435,35481,35463,38757,21912,13274
"34041",2013,2422,3086,4081,2156,1506,2879,2912,4065,2075,1114,5301,5998,8146,4231,2620
"35001",2013,21980,23237,21802,12691,9575,21071,20847,22424,12552,8164,43051,44084,44226,25243,17739
"35005",2013,2070,2401,2644,1660,608,2704,2639,2618,1402,1036,4774,5040,5262,3062,1644
"35013",2013,8395,5850,9426,4449,4220,7526,7302,7680,4468,4883,15921,13152,17106,8917,9103
"35025",2013,2773,2498,3343,1649,1163,2864,2917,2977,1506,769,5637,5415,6320,3155,1932
"35031",2013,3821,3252,3143,1656,989,2641,2582,3232,1808,1406,6462,5834,6375,3464,2395
"35035",2013,2459,2580,1919,1119,1466,2131,2781,1414,1175,951,4590,5361,3333,2294,2417
"35043",2013,3936,5192,5253,3203,1734,4299,4949,4607,2861,1961,8235,10141,9860,6064,3695
"35045",2013,4965,5640,4530,2800,2194,4632,4781,5125,2756,1572,9597,10421,9655,5556,3766
"35049",2013,3759,5141,3464,2621,1885,3789,4175,4459,2233,1618,7548,9316,7923,4854,3503
"35061",2013,2621,2984,2427,1490,1689,2670,2433,2991,1617,942,5291,5417,5418,3107,2631
"36001",2013,7564,8678,8071,5902,5525,7380,7873,7816,5209,7228,14944,16551,15887,11111,12753
"36005",2013,55579,50238,50304,30485,22445,53010,50171,46195,29300,20740,108589,100409,96499,59785,43185
"36007",2013,4929,5537,5807,3220,4285,5003,5723,5568,3122,4386,9932,11260,11375,6342,8671
"36009",2013,2121,2538,3028,1625,1199,2266,2117,2631,1608,1179,4387,4655,5659,3233,2378
"36011",2013,2016,1981,2690,1494,908,2264,2089,2430,1400,904,4280,4070,5120,2894,1812
"36013",2013,3425,3828,4390,3059,2248,3276,3222,4486,2373,2254,6701,7050,8876,5432,4502
"36015",2013,2933,2349,2868,1625,1188,2409,3261,2114,1718,1270,5342,5610,4982,3343,2458
"36019",2013,2026,2175,2067,1401,1590,1903,2336,1781,1329,1825,3929,4511,3848,2730,3415
"36027",2013,6966,7458,10089,6053,5903,7051,7397,9772,6172,5148,14017,14855,19861,12225,11051
"36029",2013,24999,24439,30269,17677,13813,23834,26440,26063,17244,12827,48833,50879,56332,34921,26640
"36045",2013,6041,4720,3409,2003,1577,4532,3652,3709,1785,1176,10573,8372,7118,3788,2753
"36047",2013,98837,81061,81395,47723,29530,93733,81850,74029,46441,29211,192570,162911,155424,94164,58741
"36051",2013,1874,1503,1835,1275,1527,1382,1236,1951,1257,1996,3256,2739,3786,2532,3523
"36053",2013,1621,1905,2487,1511,1560,1509,2284,2058,1322,1918,3130,4189,4545,2833,3478
"36055",2013,21786,22626,23671,15021,13298,20579,21627,22761,14285,12080,42365,44253,46432,29306,25378
"36059",2013,37225,41370,46448,29805,18708,35638,40760,42176,28246,17393,72863,82130,88624,58051,36101
"36061",2013,43100,31272,29594,17251,16304,41253,28521,30323,17025,19405,84353,59793,59917,34276,35709
"36063",2013,5845,5675,6602,4346,3400,5259,5224,7171,3824,2877,11104,10899,13773,8170,6277
"36065",2013,6402,5948,8678,4176,3800,6286,6802,6573,4706,3935,12688,12750,15251,8882,7735
"36067",2013,13742,13754,15740,9701,7540,13358,13590,14538,8852,9286,27100,27344,30278,18553,16826
"36069",2013,2979,2929,3624,2122,1543,2695,2793,3754,2218,1566,5674,5722,7378,4340,3109
"36071",2013,12776,13518,15460,8846,6625,12086,13948,13502,8561,4905,24862,27466,28962,17407,11530
"36075",2013,3320,3635,3943,2386,2382,3359,2607,4707,2423,2325,6679,6242,8650,4809,4707
"36079",2013,2692,3218,3050,2585,1629,1976,3392,2819,2138,1378,4668,6610,5869,4723,3007
"36081",2013,72766,66115,62642,39116,25420,69670,60966,60992,37234,23680,142436,127081,123634,76350,49100
"36083",2013,4685,4407,4728,3438,3536,4004,4219,4446,2773,2480,8689,8626,9174,6211,6016
"36085",2013,12929,15921,14729,10555,5907,14879,12987,16100,8292,5303,27808,28908,30829,18847,11210
"36087",2013,12334,13978,11611,7898,4364,11979,12606,11506,7355,4354,24313,26584,23117,15253,8718
"36089",2013,3074,3097,3757,2045,2969,2983,3157,3248,1837,3324,6057,6254,7005,3882,6293
"36091",2013,5704,6517,8247,4262,2736,5671,6027,7288,4447,2547,11375,12544,15535,8709,5283
"36093",2013,4762,5043,4476,2595,1913,4374,5172,5182,2715,3397,9136,10215,9658,5310,5310
"36101",2013,2860,3146,3245,1906,1220,2650,2730,3426,2201,1076,5510,5876,6671,4107,2296
"36103",2013,41511,50734,48364,33263,21137,39709,45399,48708,31610,19352,81220,96133,97072,64873,40489
"36105",2013,2604,2704,2576,1665,1627,1714,1786,2536,1105,954,4318,4490,5112,2770,2581
"36109",2013,2139,2112,2702,1915,4908,2217,2916,1468,1282,5838,4356,5028,4170,3197,10746
"36111",2013,4334,4944,5055,2960,2683,3687,4705,5783,2815,3235,8021,9649,10838,5775,5918
"36113",2013,1523,1610,2154,1156,871,1662,1592,1769,1131,799,3185,3202,3923,2287,1670
"36117",2013,2610,3445,2725,1844,975,2371,2557,3301,2005,1017,4981,6002,6026,3849,1992
"36119",2013,28486,33849,31541,21170,13198,27141,28794,33199,20016,13415,55627,62643,64740,41186,26613
"37001",2013,4550,4603,5561,3044,3223,4470,5298,4773,2892,2800,9020,9901,10334,5936,6023
"37019",2013,2984,2800,3197,1572,720,2450,3379,2414,1649,926,5434,6179,5611,3221,1646
"37021",2013,6956,7855,7600,4231,2494,6114,6598,5586,4107,2247,13070,14453,13186,8338,4741
"37023",2013,2439,2209,2570,1436,1888,2234,2991,2901,1493,752,4673,5200,5471,2929,2640
"37025",2013,6093,8610,6585,4214,1997,6078,6496,7595,3978,2230,12171,15106,14180,8192,4227
"37027",2013,1686,2884,2159,1755,688,2016,2202,2873,1863,691,3702,5086,5032,3618,1379
"37031",2013,1816,2063,1822,1055,629,1554,1406,2076,950,556,3370,3469,3898,2005,1185
"37035",2013,3673,6432,5151,3414,1893,4273,5776,4360,2724,2052,7946,12208,9511,6138,3945
"37037",2013,1546,1803,2322,1306,983,1665,2006,2250,687,791,3211,3809,4572,1993,1774
"37045",2013,2792,2900,3467,2114,1520,2659,2602,3532,1916,1231,5451,5502,6999,4030,2751
"37049",2013,4286,3672,2450,1920,1931,3999,2494,3634,1291,871,8285,6166,6084,3211,2802
"37051",2013,13114,11207,11761,6653,4948,13330,12624,9894,6210,4205,26444,23831,21655,12863,9153
"37057",2013,4391,5619,5371,3675,2097,4420,6049,4366,3158,1707,8811,11668,9737,6833,3804
"37063",2013,10184,7325,10186,4037,4428,10292,8951,7977,4603,4400,20476,16276,18163,8640,8828
"37067",2013,11822,13277,11667,6654,5119,11682,12683,11259,7130,5741,23504,25960,22926,13784,10860
"37071",2013,6286,6833,7210,4302,2591,6751,6035,7344,4043,2160,13037,12868,14554,8345,4751
"37081",2013,16014,16338,16898,10303,8090,14998,17210,14926,9117,8808,31012,33548,31824,19420,16898
"37085",2013,4660,5199,4796,2503,1662,4948,3869,6337,2261,1625,9608,9068,11133,4764,3287
"37089",2013,2880,4052,3248,1579,894,2106,2472,3604,1690,621,4986,6524,6852,3269,1515
"37097",2013,4417,6151,7484,4155,1952,4289,4626,5886,2896,2070,8706,10777,13370,7051,4022
"37101",2013,5939,7217,7202,4126,2773,6181,6433,6945,3594,1964,12120,13650,14147,7720,4737
"37109",2013,2334,2346,2607,1699,977,2266,2600,2656,1375,650,4600,4946,5263,3074,1627
"37119",2013,35854,37220,32379,18951,12648,34522,36846,31381,18368,12012,70376,74066,63760,37319,24660
"37125",2013,1986,2801,2960,2111,839,2477,3283,2323,1608,1153,4463,6084,5283,3719,1992
"37127",2013,2551,3495,2723,2020,1490,2885,2446,3555,1836,924,5436,5941,6278,3856,2414
"37129",2013,5561,6786,5276,2940,2999,5421,7716,4878,3272,4046,10982,14502,10154,6212,7045
"37133",2013,9402,7341,4420,2862,4993,8755,5527,6367,2695,1377,18157,12868,10787,5557,6370
"37135",2013,3317,2934,5689,2284,3290,3382,4350,4245,2356,5148,6699,7284,9934,4640,8438
"37147",2013,5898,4070,7025,3436,2997,5292,5276,4863,2553,4894,11190,9346,11888,5989,7891
"37151",2013,4276,6029,4276,3146,1117,4192,4818,4436,2536,1375,8468,10847,8712,5682,2492
"37155",2013,4660,4245,5872,2791,2339,5086,4343,5137,3046,2202,9746,8588,11009,5837,4541
"37157",2013,2581,2380,3277,2091,856,2215,2428,3058,1292,1208,4796,4808,6335,3383,2064
"37159",2013,4136,4723,4974,3323,2623,3668,5384,3157,2476,1910,7804,10107,8131,5799,4533
"37161",2013,1561,2313,2295,1384,915,1370,1121,2988,1313,728,2931,3434,5283,2697,1643
"37171",2013,1969,3100,1935,1399,933,2002,2262,2345,1364,616,3971,5362,4280,2763,1549
"37179",2013,6088,9459,10296,5637,2959,7024,8819,9307,5424,2835,13112,18278,19603,11061,5794
"37183",2013,33214,35499,36065,20359,14315,31677,35733,34030,19599,13188,64891,71232,70095,39958,27503
"37191",2013,4435,4764,3673,2791,1889,4219,5278,3379,2287,1632,8654,10042,7052,5078,3521
"37193",2013,1879,1604,2610,1673,664,1834,1707,2464,1020,483,3713,3311,5074,2693,1147
"37195",2013,3369,2592,2978,1954,1714,1846,1957,3206,1529,1546,5215,4549,6184,3483,3260
"38015",2013,2877,2669,3037,1540,1047,2711,3333,2312,1436,1128,5588,6002,5349,2976,2175
"38017",2013,5622,3890,6229,2546,3370,5380,4966,4467,2418,3723,11002,8856,10696,4964,7093
"38035",2013,2451,1914,1637,1386,2603,2197,1115,2033,979,1709,4648,3029,3670,2365,4312
"38101",2013,2706,2116,1991,1169,1082,2357,2252,1620,963,719,5063,4368,3611,2132,1801
"39003",2013,3221,3392,3554,2099,1951,3638,3177,3524,1891,1326,6859,6569,7078,3990,3277
"39007",2013,3185,3266,3045,2069,1072,3067,2727,3286,2047,1264,6252,5993,6331,4116,2336
"39013",2013,1806,1590,2184,1373,821,1512,2081,1504,1279,549,3318,3671,3688,2652,1370
"39017",2013,12568,12867,13040,7631,7048,10725,14071,11858,7701,6904,23293,26938,24898,15332,13952
"39023",2013,4028,4274,4735,2791,1943,3991,4214,4473,2731,1596,8019,8488,9208,5522,3539
"39025",2013,5806,5802,9162,4756,2576,5921,6884,6821,4055,2087,11727,12686,15983,8811,4663
"39029",2013,2777,2834,3540,2036,1089,3012,3377,2823,1878,1188,5789,6211,6363,3914,2277
"39035",2013,36991,38651,38511,25189,16653,35718,36391,38537,24652,15489,72709,75042,77048,49841,32142
"39041",2013,5841,7891,8903,4331,2404,5449,7754,7606,4315,2284,11290,15645,16509,8646,4688
"39043",2013,1991,1896,2745,1553,856,1940,2299,2164,1465,694,3931,4195,4909,3018,1550
"39045",2013,4942,5561,4921,3561,2048,3941,5250,5361,3543,1631,8883,10811,10282,7104,3679
"39049",2013,44393,40694,39275,22383,17620,42369,38344,38468,21510,17363,86762,79038,77743,43893,34983
"39055",2013,2256,3420,3644,2295,1236,2451,2429,4271,2223,1176,4707,5849,7915,4518,2412
"39057",2013,4103,4948,5047,2771,2827,4657,4106,5327,3132,4677,8760,9054,10374,5903,7504
"39061",2013,27142,23564,28467,15392,11277,26328,25479,26101,15056,10788,53470,49043,54568,30448,22065
"39063",2013,3154,2429,2984,1419,1051,2044,2242,2073,1435,1227,5198,4671,5057,2854,2278
"39081",2013,1615,1220,2454,1223,997,1648,1896,1938,1317,918,3263,3116,4392,2540,1915
"39085",2013,5601,8083,7211,4668,2403,5421,5939,7633,4397,2477,11022,14022,14844,9065,4880
"39089",2013,5136,4899,6688,3499,2416,5448,6257,4817,3518,2174,10584,11156,11505,7017,4590
"39093",2013,8963,9537,10553,6695,4419,8439,9479,9948,6120,3532,17402,19016,20501,12815,7951
"39095",2013,14017,14028,15025,8610,6566,13356,13535,14239,8267,6138,27373,27563,29264,16877,12704
"39099",2013,6049,6393,7664,4588,2869,5648,7076,6243,4721,2602,11697,13469,13907,9309,5471
"39101",2013,1968,2553,1477,1155,687,1945,1468,2102,1118,407,3913,4021,3579,2273,1094
"39103",2013,4598,5796,6592,4019,2235,4766,5341,7032,3808,1893,9364,11137,13624,7827,4128
"39109",2013,2977,3049,3381,2190,1201,2806,3506,3481,2446,1304,5783,6555,6862,4636,2505
"39113",2013,16257,18465,15631,10610,7407,16458,16629,16140,9763,7439,32715,35094,31771,20373,14846
"39119",2013,2658,3047,2939,2059,1477,2320,2752,2483,1853,1082,4978,5799,5422,3912,2559
"39133",2013,3635,3890,4972,3343,4603,3911,4073,4517,3085,5139,7546,7963,9489,6428,9742
"39139",2013,3543,3385,4180,2160,1689,3207,3137,4298,2512,1141,6750,6522,8478,4672,2830
"39141",2013,2219,2822,2392,1618,754,2002,2411,2356,1351,1104,4221,5233,4748,2969,1858
"39145",2013,2395,3515,1607,1594,1061,2012,1993,2634,1552,915,4407,5508,4241,3146,1976
"39151",2013,10638,11690,12394,7888,4893,10125,11263,11798,7262,5455,20763,22953,24192,15150,10348
"39153",2013,16071,16206,17157,11157,7308,14898,15268,16774,10788,6755,30969,31474,33931,21945,14063
"39155",2013,5277,6159,6438,4268,2639,5253,5994,6442,3939,2248,10530,12153,12880,8207,4887
"39157",2013,2688,2618,3175,2320,1630,2361,2252,3759,2164,872,5049,4870,6934,4484,2502
"39165",2013,7453,7036,10226,4998,2729,6038,7439,9887,4636,2262,13491,14475,20113,9634,4991
"39169",2013,4047,3343,5037,2387,1612,3650,3831,3988,2274,1797,7697,7174,9025,4661,3409
"39173",2013,3697,4158,3380,2279,3434,3770,3016,4423,2298,3857,7467,7174,7803,4577,7291
"40017",2013,4408,6060,4135,2881,1386,4100,5692,3753,2515,1488,8508,11752,7888,5396,2874
"40027",2013,8522,8999,9080,4428,5615,7630,10005,6905,5184,5271,16152,19004,15985,9612,10886
"40031",2013,5008,4790,4132,2313,3775,4661,3823,4021,2032,2460,9669,8613,8153,4345,6235
"40037",2013,2153,2268,2854,1582,785,1972,2572,2151,1523,719,4125,4840,5005,3105,1504
"40101",2013,2233,2691,2539,1263,1132,2459,2007,2357,1721,862,4692,4698,4896,2984,1994
"40109",2013,30180,27814,26214,14681,9421,28775,26842,24471,13543,9071,58955,54656,50685,28224,18492
"40119",2013,1932,2578,2410,1300,2570,2402,2513,2142,804,2956,4334,5091,4552,2104,5526
"40125",2013,2491,2495,2494,1443,1286,2211,2306,2498,1440,1156,4702,4801,4992,2883,2442
"40131",2013,2626,3398,2817,2182,1217,2487,3316,2929,2244,1060,5113,6714,5746,4426,2277
"40143",2013,23408,22193,22977,12673,7846,22565,21363,21246,12132,7370,45973,43556,44223,24805,15216
"40145",2013,2420,2907,3227,1765,850,2239,2446,2832,1615,721,4659,5353,6059,3380,1571
"41003",2013,1649,1804,2069,2116,2590,1636,1293,2827,1540,3248,3285,3097,4896,3656,5838
"41005",2013,11540,13497,11677,9403,4832,9208,11818,12232,7869,4286,20748,25315,23909,17272,9118
"41017",2013,4738,5126,6192,3309,1532,4180,4860,4255,3293,1710,8918,9986,10447,6602,3242
"41019",2013,2786,2685,3166,2158,1262,2899,2464,3075,2004,1084,5685,5149,6241,4162,2346
"41029",2013,6993,6694,5227,3758,2733,5967,6633,5998,3442,2714,12960,13327,11225,7200,5447
"41033",2013,1870,2512,2150,1581,1036,1900,3201,1799,1562,815,3770,5713,3949,3143,1851
"41035",2013,1673,1728,2524,1434,974,1820,1569,2538,1073,757,3493,3297,5062,2507,1731
"41039",2013,8833,9264,10430,6259,6579,8412,9773,9453,5841,6648,17245,19037,19883,12100,13227
"41043",2013,3614,3948,3680,3132,1237,3751,3061,4606,2284,1222,7365,7009,8286,5416,2459
"41047",2013,11669,11013,12462,7362,4873,10557,12687,10582,6567,4405,22226,23700,23044,13929,9278
"41051",2013,23714,23608,19657,11658,8066,22357,20743,19776,11173,7806,46071,44351,39433,22831,15872
"41053",2013,1895,2943,2672,2144,2426,2057,2907,2043,1415,1561,3952,5850,4715,3559,3987
"41059",2013,3218,2634,3072,1562,1202,2366,2535,2858,1663,1428,5584,5169,5930,3225,2630
"41067",2013,18655,18557,21134,11203,6476,18239,18955,19176,10876,6462,36894,37512,40310,22079,12938
"41071",2013,3061,3066,4179,2134,1350,2764,3038,3523,2051,1142,5825,6104,7702,4185,2492
"42001",2013,3230,2808,3012,2101,1578,2586,2270,3539,1869,1826,5816,5078,6551,3970,3404
"42003",2013,32930,34051,32112,21035,16190,31620,32001,31436,20679,17566,64550,66052,63548,41714,33756
"42005",2013,1732,2262,1800,1286,706,1703,2213,1336,1192,626,3435,4475,3136,2478,1332
"42007",2013,4172,5063,4667,3055,2166,4414,4920,4051,3287,1949,8586,9983,8718,6342,4115
"42011",2013,12472,13478,14356,8327,6639,11837,12984,13544,7827,6467,24309,26462,27900,16154,13106
"42013",2013,3469,3681,3425,2061,1692,3254,3646,3901,2141,1447,6723,7327,7326,4202,3139
"42017",2013,16101,20135,19978,13623,7709,15888,19900,18212,12750,7066,31989,40035,38190,26373,14775
"42019",2013,4732,5303,6082,3934,2817,4370,5079,5824,3543,2968,9102,10382,11906,7477,5785
"42021",2013,3364,4064,3611,2559,2231,3336,3745,3681,2511,1799,6700,7809,7292,5070,4030
"42025",2013,1347,2262,1316,1507,561,1605,1827,2029,1109,673,2952,4089,3345,2616,1234
"42027",2013,2782,3523,3313,2113,6781,2733,3692,3105,2571,6804,5515,7215,6418,4684,13585
"42029",2013,15204,15648,19984,11660,7000,14362,17055,16955,10023,7275,29566,32703,36939,21683,14275
"42033",2013,1905,2081,2182,1480,840,2076,2626,1775,1359,780,3981,4707,3957,2839,1620
"42037",2013,1607,1271,2072,1364,1354,1440,1987,1560,1160,1846,3047,3258,3632,2524,3200
"42039",2013,2468,2578,3009,1706,1450,2286,2545,2667,1663,1329,4754,5123,5676,3369,2779
"42041",2013,6498,6953,6799,3963,3810,6488,6685,6889,4609,4369,12986,13638,13688,8572,8179
"42043",2013,8595,8189,8957,5598,3023,8108,8159,8276,5180,3068,16703,16348,17233,10778,6091
"42045",2013,17187,16722,19048,12186,9763,16938,16059,18221,10676,9278,34125,32781,37269,22862,19041
"42049",2013,8256,9771,7875,5456,5469,7885,8304,8334,5233,4466,16141,18075,16209,10689,9935
"42051",2013,3594,3316,4076,2408,1308,3204,4483,3226,2539,1203,6798,7799,7302,4947,2511
"42055",2013,4897,5415,5004,3350,2194,4199,4748,5335,2596,1702,9096,10163,10339,5946,3896
"42063",2013,2311,2041,2755,1455,2749,1911,2003,2170,1350,2554,4222,4044,4925,2805,5303
"42069",2013,5244,6136,6445,4116,3214,6113,5841,5501,3526,3644,11357,11977,11946,7642,6858
"42071",2013,17298,20644,16015,10621,7406,17756,15764,19264,11132,7155,35054,36408,35279,21753,14561
"42073",2013,2191,2179,2858,1641,1156,1912,2391,3191,1771,997,4103,4570,6049,3412,2153
"42075",2013,4195,4502,4289,2472,1666,4161,4231,4531,2464,1704,8356,8733,8820,4936,3370
"42077",2013,10778,13799,10104,7007,5015,9886,11615,10638,7180,4564,20664,25414,20742,14187,9579
"42079",2013,8161,9287,8887,6106,4447,7934,8235,8807,5687,4328,16095,17522,17694,11793,8775
"42081",2013,3570,3409,3559,2092,1990,2942,3405,2984,1839,1884,6512,6814,6543,3931,3874
"42085",2013,2855,3266,3556,2689,1857,2552,3080,3303,1975,1614,5407,6346,6859,4664,3471
"42089",2013,3828,5028,5788,4449,2826,3585,4370,5686,3204,3336,7413,9398,11474,7653,6162
"42091",2013,23639,26469,25385,16767,9813,22478,23714,26241,15930,9928,46117,50183,51626,32697,19741
"42095",2013,7730,8821,9562,5957,5496,7272,9190,8169,5488,4637,15002,18011,17731,11445,10133
"42097",2013,2633,3284,2358,1687,976,2384,2494,2431,1502,772,5017,5778,4789,3189,1748
"42101",2013,55002,46452,47127,27176,23776,53501,45296,44227,26288,24641,108503,91748,91354,53464,48417
"42107",2013,3846,4400,4292,2564,1894,3150,4323,3635,2493,1444,6996,8723,7927,5057,3338
"42111",2013,1643,1971,2133,1366,748,1829,2042,2024,1248,674,3472,4013,4157,2614,1422
"42125",2013,5217,5053,7377,3911,3118,5003,5555,5596,3888,2690,10220,10608,12973,7799,5808
"42129",2013,8439,9801,10538,6612,4240,8060,9255,9904,6368,4116,16499,19056,20442,12980,8356
"42133",2013,12949,15130,14107,8849,5770,12201,13607,13629,8601,5282,25150,28737,27736,17450,11052
"44003",2013,3675,5226,4506,3114,1494,3833,3480,5072,2956,1725,7508,8706,9578,6070,3219
"44005",2013,1729,2320,2459,1372,1003,1724,1914,2010,1269,1081,3453,4234,4469,2641,2084
"44007",2013,18836,18072,19896,12307,10366,17340,16341,19682,10654,11129,36176,34413,39578,22961,21495
"44009",2013,2717,3353,3218,2674,3002,2592,3622,2792,2387,3431,5309,6975,6010,5061,6433
"45003",2013,5309,4802,5979,2954,2587,5096,5818,3446,2913,1788,10405,10620,9425,5867,4375
"45007",2013,6056,6524,6443,4202,2225,5507,6436,5986,3463,2444,11563,12960,12429,7665,4669
"45013",2013,5919,5560,4101,2252,4398,4523,4553,5019,2992,2051,10442,10113,9120,5244,6449
"45015",2013,7556,6816,6542,3760,3027,6434,4637,8204,3502,2027,13990,11453,14746,7262,5054
"45019",2013,11555,11586,9405,5269,4824,11142,12250,9161,5440,4809,22697,23836,18566,10709,9633
"45031",2013,2247,2623,1887,1185,1262,1861,2074,2338,1485,849,4108,4697,4225,2670,2111
"45035",2013,4722,6003,5354,3824,1973,4392,5524,5159,2927,1605,9114,11527,10513,6751,3578
"45041",2013,4452,5002,4948,2699,1325,4418,4650,4331,2931,1823,8870,9652,9279,5630,3148
"45045",2013,15817,17774,14457,9316,6084,15056,15871,15118,8909,6570,30873,33645,29575,18225,12654
"45047",2013,2535,2321,2797,1067,1572,1874,2224,1843,1466,1209,4409,4545,4640,2533,2781
"45051",2013,7814,9152,7171,4959,3350,7803,9423,6624,3779,4371,15617,18575,13795,8738,7721
"45057",2013,2185,3023,1858,1559,798,2208,2358,2471,2019,1832,4393,5381,4329,3578,2630
"45059",2013,2202,1743,2153,1251,559,2055,2633,1662,1282,626,4257,4376,3815,2533,1185
"45063",2013,8338,10084,8553,5164,3131,9115,9274,8468,5648,2652,17453,19358,17021,10812,5783
"45073",2013,1958,1809,2339,1614,1404,1990,2593,2100,1049,515,3948,4402,4439,2663,1919
"45075",2013,3678,2577,3175,2001,1432,1943,2824,2963,1346,2282,5621,5401,6138,3347,3714
"45077",2013,2945,2253,4486,2019,3818,2605,3985,2731,2236,4834,5550,6238,7217,4255,8652
"45079",2013,12262,12824,11992,7362,11827,11621,11531,13423,7044,9517,23883,24355,25415,14406,21344
"45083",2013,9443,9582,9916,5641,4130,9108,8616,9936,7036,4669,18551,18198,19852,12677,8799
"45085",2013,3709,4149,3390,2182,1650,4207,4137,2861,1964,1695,7916,8286,6251,4146,3345
"45091",2013,7186,9326,8143,4885,3761,8181,8505,8340,5178,3426,15367,17831,16483,10063,7187
"46099",2013,7134,6564,6205,3591,2374,6361,6317,5621,3044,2063,13495,12881,11826,6635,4437
"46103",2013,3204,4558,3735,1997,1596,3344,4264,2589,1743,1018,6548,8822,6324,3740,2614
"47001",2013,1938,1575,3108,1565,994,2170,2857,1762,1407,748,4108,4432,4870,2972,1742
"47009",2013,3701,3800,3184,2744,1307,2894,4616,3364,2477,1482,6595,8416,6548,5221,2789
"47011",2013,2939,3843,3724,1920,1365,2879,2611,3293,1928,1370,5818,6454,7017,3848,2735
"47037",2013,22962,19233,19871,10075,8788,22979,20920,16675,9637,9323,45941,40153,36546,19712,18111
"47059",2013,1460,1949,1966,1404,767,1583,2129,1997,1451,773,3043,4078,3963,2855,1540
"47065",2013,11628,10326,10751,6203,4280,9826,9569,10432,6027,5099,21454,19895,21183,12230,9379
"47093",2013,13162,13228,14230,7839,7525,12762,13131,12940,7901,6747,25924,26359,27170,15740,14272
"47113",2013,3338,3193,3215,1942,1451,3213,3075,3152,1766,2569,6551,6268,6367,3708,4020
"47119",2013,2765,3167,2644,1460,614,3140,3317,1946,1461,716,5905,6484,4590,2921,1330
"47125",2013,8516,7026,6573,2985,2354,7533,7211,6442,3878,2368,16049,14237,13015,6863,4722
"47141",2013,1923,2514,1957,1257,1477,2276,2566,2083,1159,1233,4199,5080,4040,2416,2710
"47147",2013,2233,2441,2440,2142,918,2161,2343,2327,1090,725,4394,4784,4767,3232,1643
"47149",2013,9523,9700,11062,5570,4810,9258,9120,11250,5723,4948,18781,18820,22312,11293,9758
"47155",2013,2892,2464,3042,1944,1340,2532,2568,3240,1586,810,5424,5032,6282,3530,2150
"47157",2013,34627,33684,33094,20980,12808,33239,33322,32238,19756,13141,67866,67006,65332,40736,25949
"47163",2013,3745,3705,5687,2948,1758,3753,4066,4432,3040,1558,7498,7771,10119,5988,3316
"47165",2013,5745,5674,6564,3496,2195,4647,5448,5486,3729,1476,10392,11122,12050,7225,3671
"47179",2013,3439,3525,3889,1978,1869,2918,3223,3584,2196,1913,6357,6748,7473,4174,3782
"47187",2013,5408,9529,8716,4917,2704,5893,8778,8718,4737,2894,11301,18307,17434,9654,5598
"47189",2013,3916,3760,4904,3190,1424,3028,3602,4716,2396,775,6944,7362,9620,5586,2199
"48005",2013,3762,3235,3066,2001,1532,2380,2834,4222,1697,1333,6142,6069,7288,3698,2865
"48021",2013,2359,2687,3116,2025,277,2329,3028,2646,1234,1407,4688,5715,5762,3259,1684
"48027",2013,14744,12021,13192,6720,5531,13677,12475,11767,6049,4560,28421,24496,24959,12769,10091
"48029",2013,67552,66212,69518,40343,29636,64286,67827,64143,38603,25857,131838,134039,133661,78946,55493
"48037",2013,3629,3169,2989,1793,1192,2816,2090,3756,2077,1958,6445,5259,6745,3870,3150
"48039",2013,10907,14975,11924,7732,3441,12229,12148,12658,6469,3934,23136,27123,24582,14201,7375
"48041",2013,6411,5925,6816,3037,8833,6485,4639,5836,2764,8236,12896,10564,12652,5801,17069
"48061",2013,18265,17528,20777,11534,7002,17853,17690,18986,10960,6902,36118,35218,39763,22494,13904
"48085",2013,29247,34862,36061,20406,10698,27877,35299,32655,19513,9535,57124,70161,68716,39919,20233
"48091",2013,3432,3422,4511,2908,1862,2980,3471,3756,2663,1801,6412,6893,8267,5571,3663
"48099",2013,2580,2799,2665,2015,559,2942,2764,2513,573,679,5522,5563,5178,2588,1238
"48113",2013,99061,98709,92581,52913,33970,94899,98011,84638,50803,31325,193960,196720,177219,103716,65295
"48121",2013,25516,25281,32028,16217,9544,23983,25431,29429,15360,10096,49499,50712,61457,31577,19640
"48135",2013,7093,7186,5419,3574,2108,6364,5672,5885,3031,1839,13457,12858,11304,6605,3947
"48139",2013,5215,7242,5919,4149,1816,4371,4311,7930,3604,2287,9586,11553,13849,7753,4103
"48141",2013,34539,33783,33191,20289,14225,33077,31120,33378,19749,12509,67616,64903,66569,40038,26734
"48157",2013,23064,27321,27938,16607,8881,22143,26136,26167,15683,7290,45207,53457,54105,32290,16171
"48167",2013,10031,11934,10934,7173,4006,9736,10099,10797,6028,3664,19767,22033,21731,13201,7670
"48181",2013,3882,3486,4778,2811,1430,3462,4210,3687,2463,1698,7344,7696,8465,5274,3128
"48183",2013,5221,3373,5730,2548,1574,4434,3306,5046,2297,1788,9655,6679,10776,4845,3362
"48187",2013,4741,6841,4698,4079,2027,4295,4624,5918,2823,2462,9036,11465,10616,6902,4489
"48201",2013,173474,173147,163799,95402,59185,167464,172273,151063,91057,54678,340938,345420,314862,186459,113863
"48203",2013,2767,2918,1995,1553,993,1718,2746,2358,841,1451,4485,5664,4353,2394,2444
"48209",2013,5429,5127,7377,3759,4133,5281,6948,5218,3128,4371,10710,12075,12595,6887,8504
"48213",2013,2268,2393,2989,1444,817,1769,2016,2747,1795,1162,4037,4409,5736,3239,1979
"48215",2013,39992,39442,38981,22624,13549,38345,37584,39185,21492,12810,78337,77026,78166,44116,26359
"48231",2013,2603,2309,3198,1509,1159,2689,2969,3790,1865,1137,5292,5278,6988,3374,2296
"48245",2013,8402,7987,8684,4831,4195,8622,8331,8068,4777,3435,17024,16318,16752,9608,7630
"48251",2013,5793,5941,6035,3735,2105,4625,6853,4669,3400,1308,10418,12794,10704,7135,3413
"48257",2013,3686,5181,3794,2880,1838,3952,4917,3402,2576,1180,7638,10098,7196,5456,3018
"48291",2013,2608,2724,2610,1219,736,2823,2825,2858,1577,592,5431,5549,5468,2796,1328
"48303",2013,10137,9794,10271,5740,6533,9505,10477,9032,4935,6369,19642,20271,19303,10675,12902
"48309",2013,8619,9631,7187,5399,5028,8149,8126,7758,4541,5808,16768,17757,14945,9940,10836
"48329",2013,6546,5602,6400,3446,2225,5791,5382,5843,2676,1957,12337,10984,12243,6122,4182
"48339",2013,16756,19924,20190,11392,6011,17028,18196,19652,11534,5788,33784,38120,39842,22926,11799
"48347",2013,2240,2322,1688,1327,1836,2433,1486,2598,1198,3411,4673,3808,4286,2525,5247
"48355",2013,11871,13449,12795,7337,4982,11802,11926,12847,7494,4755,23673,25375,25642,14831,9737
"48361",2013,2433,3097,3358,1659,855,2411,2472,2953,1893,670,4844,5569,6311,3552,1525
"48367",2013,3242,4021,4444,2882,1427,4250,3820,4873,2505,1328,7492,7841,9317,5387,2755
"48375",2013,4984,5815,3702,2772,1724,4843,4918,4279,2119,1921,9827,10733,7981,4891,3645
"48381",2013,4112,4653,4490,2523,1807,3949,5221,3676,2510,1984,8061,9874,8166,5033,3791
"48397",2013,3333,4119,3072,2154,1309,2744,3152,3691,1865,882,6077,7271,6763,4019,2191
"48409",2013,2626,2795,2206,1537,731,2369,3017,2018,1601,1344,4995,5812,4224,3138,2075
"48423",2013,7110,7195,8150,4488,2911,8125,7699,7118,4324,3927,15235,14894,15268,8812,6838
"48439",2013,71536,79707,72784,42796,25349,69803,71359,73324,40815,24899,141339,151066,146108,83611,50248
"48441",2013,4929,5490,3752,2653,2802,4498,5217,3897,2229,2737,9427,10707,7649,4882,5539
"48451",2013,3950,3588,4108,2084,1458,3893,4064,3387,1933,2106,7843,7652,7495,4017,3564
"48453",2013,40291,37345,36591,19674,15437,38012,35652,35348,18491,15018,78303,72997,71939,38165,30455
"48469",2013,3223,4156,2582,2221,1253,3319,3196,2648,2111,956,6542,7352,5230,4332,2209
"48471",2013,1236,1901,1564,877,1708,1053,1366,1417,1439,2959,2289,3267,2981,2316,4667
"48479",2013,13430,12475,13453,7093,4593,12440,11934,12438,6889,4450,25870,24409,25891,13982,9043
"48485",2013,4835,4494,4132,2865,3699,3772,4645,3686,1961,2180,8607,9139,7818,4826,5879
"48491",2013,16724,20563,18195,11087,5820,16421,18868,17941,10366,5790,33145,39431,36136,21453,11610
"49005",2013,5401,5658,4552,2985,2207,5309,5230,4618,2659,3021,10710,10888,9170,5644,5228
"49011",2013,15635,16015,15788,8357,5041,14866,15044,14731,7812,4045,30501,31059,30519,16169,9086
"49035",2013,44924,43879,45062,23982,14504,43039,43115,41070,23064,13689,87963,86994,86132,47046,28193
"49049",2013,29592,28692,26744,14246,10937,27618,27220,25230,13792,12086,57210,55912,51974,28038,23023
"49053",2013,5984,6536,6371,3313,2143,5723,6807,5411,3009,2159,11707,13343,11782,6322,4302
"49057",2013,9995,9120,10827,5608,2796,9476,10169,9418,5503,2947,19471,19289,20245,11111,5743
"50007",2013,4296,4703,4001,2615,3623,3694,3998,4173,2519,4220,7990,8701,8174,5134,7843
"51003",2013,2843,3213,3173,1886,3179,2793,3200,3017,1650,3920,5636,6413,6190,3536,7099
"51013",2013,6278,5070,4389,2327,1521,7209,4654,4983,2420,1707,13487,9724,9372,4747,3228
"51015",2013,1670,2338,2062,1349,1099,1737,2006,2251,1333,652,3407,4344,4313,2682,1751
"51019",2013,1489,2352,2050,1568,740,1972,1317,3072,1260,782,3461,3669,5122,2828,1522
"51041",2013,9402,10511,13322,7713,4530,10279,10019,12859,7207,3665,19681,20530,26181,14920,8195
"51059",2013,38668,38633,38692,22784,14216,37370,38423,35265,21611,12938,76038,77056,73957,44395,27154
"51061",2013,1771,2663,2543,1592,871,1660,2077,2032,1907,1184,3431,4740,4575,3499,2055
"51069",2013,2508,2736,3090,1507,569,2756,2576,2690,1489,830,5264,5312,5780,2996,1399
"51085",2013,2508,3293,3594,2452,1523,2368,2480,4539,2310,1523,4876,5773,8133,4762,3046
"51087",2013,10177,11863,9650,6400,3792,9953,9894,11525,5981,3977,20130,21757,21175,12381,7769
"51095",2013,1365,1996,2392,1360,1143,2059,2529,1806,1215,331,3424,4525,4198,2575,1474
"51107",2013,14343,15665,15085,8454,4487,13404,14485,15599,7045,3767,27747,30150,30684,15499,8254
"51121",2013,2659,1903,2324,1199,4347,1972,1571,2270,1275,4042,4631,3474,4594,2474,8389
"51153",2013,17800,19452,16458,10065,4996,17350,19398,14565,9445,4597,35150,38850,31023,19510,9593
"51161",2013,2873,2722,2693,1863,910,1750,1727,3879,2166,1165,4623,4449,6572,4029,2075
"51165",2013,2336,2874,2953,1589,712,2065,1830,2561,1485,1161,4401,4704,5514,3074,1873
"51177",2013,3753,4555,5303,2971,1742,4018,4857,4843,2965,1329,7771,9412,10146,5936,3071
"51179",2013,4492,4590,6176,3770,1793,4144,5344,4749,3664,2499,8636,9934,10925,7434,4292
"51199",2013,1569,2760,1982,1711,874,1953,2281,2315,1570,1452,3522,5041,4297,3281,2326
"51510",2013,5293,3356,2727,1635,635,5843,3721,2545,1238,765,11136,7077,5272,2873,1400
"51550",2013,7569,7423,8781,5164,2316,6916,8192,7441,5259,2297,14485,15615,16222,10423,4613
"51650",2013,4336,5019,4065,2592,2266,3900,3186,4503,2218,2476,8236,8205,8568,4810,4742
"51680",2013,2119,2467,2238,929,2062,2480,1574,2672,1369,4082,4599,4041,4910,2298,6144
"51700",2013,6653,7091,4971,3637,3664,6865,6157,4766,2950,3408,13518,13248,9737,6587,7072
"51710",2013,8869,7230,6634,3740,6375,7631,6814,6114,3164,4576,16500,14044,12748,6904,10951
"51740",2013,3663,3252,3044,1713,1280,3429,2867,3067,1602,1189,7092,6119,6111,3315,2469
"51760",2013,7111,5217,4498,2797,3573,6911,6051,4535,2415,4846,14022,11268,9033,5212,8419
"51770",2013,3901,3906,2098,1687,1047,3091,3237,2271,1564,876,6992,7143,4369,3251,1923
"51800",2013,2829,3220,2970,2040,1445,2621,3874,2567,1505,1051,5450,7094,5537,3545,2496
"51810",2013,15305,15051,13978,8816,5598,14547,14489,13130,8265,5165,29852,29540,27108,17081,10763
"53005",2013,6949,8149,6628,4231,2083,6416,6038,7506,3694,2081,13365,14187,14134,7925,4164
"53007",2013,2468,2042,2908,933,1088,2669,1671,2937,2113,1353,5137,3713,5845,3046,2441
"53009",2013,1943,1673,1648,1935,814,1242,1787,1738,914,662,3185,3460,3386,2849,1476
"53011",2013,15055,17860,16120,9802,5008,13648,16511,15221,9611,4960,28703,34371,31341,19413,9968
"53015",2013,2272,3204,3310,1968,906,3509,3451,3877,1768,1480,5781,6655,7187,3736,2386
"53021",2013,4207,3788,4500,1963,1044,4438,4465,4375,2361,1432,8645,8253,8875,4324,2476
"53025",2013,3855,4632,3126,2379,1206,3939,4387,3150,2582,1379,7794,9019,6276,4961,2585
"53027",2013,1715,1716,2864,1260,808,1735,1526,2264,1565,843,3450,3242,5128,2825,1651
"53029",2013,2479,1797,1955,1363,991,2201,1893,2207,1295,625,4680,3690,4162,2658,1616
"53033",2013,63934,62041,58937,35450,23567,62677,58626,56660,33451,22654,126611,120667,115597,68901,46221
"53035",2013,7229,7235,8049,4745,2889,7308,6651,8032,4671,2653,14537,13886,16081,9416,5542
"53041",2013,2327,2299,2407,1306,1000,1927,2614,1658,2071,835,4254,4913,4065,3377,1835
"53053",2013,29051,26492,29275,16549,9997,27824,24637,28471,16124,9181,56875,51129,57746,32673,19178
"53057",2013,4204,3915,3555,2115,1143,3183,3526,3974,2392,1435,7387,7441,7529,4507,2578
"53061",2013,24130,25343,24467,14747,9057,22957,23592,24898,14244,8205,47087,48935,49365,28991,17262
"53063",2013,14890,15972,15124,9645,6355,14745,13984,15536,8470,6383,29635,29956,30660,18115,12738
"53067",2013,7315,8036,9272,4843,2758,8375,6991,8845,4733,2585,15690,15027,18117,9576,5343
"53073",2013,5309,4954,6732,3798,3587,6475,5722,5546,3549,4135,11784,10676,12278,7347,7722
"53077",2013,10873,12126,9377,5641,3704,9838,10526,9936,5772,3461,20711,22652,19313,11413,7165
"54003",2013,3549,3726,3615,2251,1293,3225,3861,3827,2087,1305,6774,7587,7442,4338,2598
"54011",2013,2830,2549,2977,1646,1378,2746,2145,2950,1566,1511,5576,4694,5927,3212,2889
"54033",2013,2023,2536,2002,1225,710,1775,2024,2213,1165,841,3798,4560,4215,2390,1551
"54039",2013,5285,4657,6252,3304,1816,5581,5336,5585,3179,1994,10866,9993,11837,6483,3810
"54061",2013,2950,2190,2506,1315,3816,2287,2619,1760,1099,2959,5237,4809,4266,2414,6775
"54081",2013,2251,2977,2116,1328,723,2601,1936,2408,1091,551,4852,4913,4524,2419,1274
"54107",2013,2652,2702,2574,1697,977,2328,2120,3207,1520,872,4980,4822,5781,3217,1849
"55009",2013,9460,8255,10131,5787,3466,7794,7990,8648,4163,3664,17254,16245,18779,9950,7130
"55025",2013,15841,14431,16534,8626,8425,14785,15699,13613,8350,9492,30626,30130,30147,16976,17917
"55027",2013,2004,2779,2766,1585,935,2251,2635,2556,1901,900,4255,5414,5322,3486,1835
"55035",2013,3487,3297,2567,1600,2308,3093,2792,2697,2078,2487,6580,6089,5264,3678,4795
"55039",2013,2920,2308,3932,2187,1266,2734,3663,2915,1673,1274,5654,5971,6847,3860,2540
"55055",2013,2488,2617,2942,1965,1702,2208,2337,3223,1545,1461,4696,4954,6165,3510,3163
"55059",2013,5451,6397,5563,4149,2694,4615,6377,5205,3476,2721,10066,12774,10768,7625,5415
"55063",2013,3336,3648,3635,2221,2105,3006,2657,3479,2159,2847,6342,6305,7114,4380,4952
"55071",2013,2012,2269,2381,1622,775,2348,1967,2619,1942,1125,4360,4236,5000,3564,1900
"55073",2013,4567,3732,5562,2802,1625,3908,4340,4233,2914,1359,8475,8072,9795,5716,2984
"55079",2013,35269,31916,33408,18467,14214,33936,31109,32122,18305,13412,69205,63025,65530,36772,27626
"55087",2013,5334,6416,6920,3925,2682,5445,5692,6021,4025,2199,10779,12108,12941,7950,4881
"55089",2013,2509,2715,3007,2004,1173,2045,2195,3117,1622,1047,4554,4910,6124,3626,2220
"55097",2013,1919,1560,2301,1576,1578,1803,1653,2182,1115,1831,3722,3213,4483,2691,3409
"55101",2013,6378,6817,6567,4475,2111,6027,6631,6533,3614,1922,12405,13448,13100,8089,4033
"55105",2013,4314,5474,5797,3396,1998,5233,5467,5430,3391,1994,9547,10941,11227,6787,3992
"55109",2013,2668,3489,3175,1932,392,2900,3351,3286,1869,859,5568,6840,6461,3801,1251
"55117",2013,3332,4511,3352,2378,1179,2988,3812,3669,2565,1243,6320,8323,7021,4943,2422
"55127",2013,2710,3513,3432,2309,1586,2560,2415,4105,1961,1807,5270,5928,7537,4270,3393
"55131",2013,3720,4710,4656,2679,1727,3204,4250,5045,2579,1205,6924,8960,9701,5258,2932
"55133",2013,11272,12778,13450,8669,5074,9211,13396,12244,8187,4701,20483,26174,25694,16856,9775
"55139",2013,4933,4485,5750,2906,2775,4437,5273,4813,3067,2664,9370,9758,10563,5973,5439
"55141",2013,2058,2103,2447,1497,833,1808,2438,2085,1359,920,3866,4541,4532,2856,1753
"56021",2013,2840,4541,2840,1924,1021,3519,2485,3187,1381,1577,6359,7026,6027,3305,2598
"56025",2013,2537,3095,3000,1555,646,2753,2695,2858,1353,672,5290,5790,5858,2908,1318
"72013",2013,2474,2396,3434,2082,1368,2368,1575,3795,1904,1296,4842,3971,7229,3986,2664
"72021",2013,5319,6350,5785,4218,2953,5073,4984,6153,3836,2580,10392,11334,11938,8054,5533
"72025",2013,3847,3980,5258,3066,2009,3680,3509,5177,2796,2026,7527,7489,10435,5862,4035
"72031",2013,4519,4936,5513,3558,2525,4402,4406,5483,3432,2424,8921,9342,10996,6990,4949
"72061",2013,2317,2035,3396,1854,1252,2094,2506,2618,1723,1190,4411,4541,6014,3577,2442
"72097",2013,2122,2354,2264,1652,1925,1987,1180,3170,1538,1824,4109,3534,5434,3190,3749
"72113",2013,4717,4241,6066,3520,2451,4494,4781,4862,3431,2360,9211,9022,10928,6951,4811
"72127",2013,10111,10689,11071,7188,5066,9715,9748,11196,7266,5310,19826,20437,22267,14454,10376
"72135",2013,2171,2048,3543,1873,1223,2093,1688,3545,1864,1198,4264,3736,7088,3737,2421
"72137",2013,2485,2142,3572,1837,1240,2300,2076,3409,1798,1212,4785,4218,6981,3635,2452
"72139",2013,2068,2484,2587,1659,1073,1982,2126,2449,1484,1030,4050,4610,5036,3143,2103
"01003",2014,5690,6273,7265,3295,2960,5269,5115,7404,4311,2133,10959,11388,14669,7606,5093
"01015",2014,3317,2882,4359,2466,1867,3372,3135,3926,2262,1544,6689,6017,8285,4728,3411
"01043",2014,2538,2080,3268,1512,1055,2314,2362,2695,1539,688,4852,4442,5963,3051,1743
"01049",2014,2381,2906,2283,2147,571,2080,1443,3113,1484,843,4461,4349,5396,3631,1414
"01051",2014,3515,3007,1656,1767,1240,1761,3491,2056,1347,1033,5276,6498,3712,3114,2273
"01055",2014,3071,2975,3569,2140,1255,2923,2683,3230,2066,1147,5994,5658,6799,4206,2402
"01069",2014,3377,3815,3540,2160,1107,3120,3316,3343,2064,1167,6497,7131,6883,4224,2274
"01073",2014,21652,23226,19704,12962,8176,21678,20853,21131,11656,8803,43330,44079,40835,24618,16979
"01077",2014,2698,3278,2037,1497,837,2327,3518,2462,1523,913,5025,6796,4499,3020,1750
"01081",2014,4626,4480,5126,3102,3662,4361,3984,4888,2695,4089,8987,8464,10014,5797,7751
"01083",2014,2633,2702,3178,2260,1476,2571,2125,4563,1222,780,5204,4827,7741,3482,2256
"01089",2014,10737,9904,12284,6768,5236,9751,10839,11484,6845,4372,20488,20743,23768,13613,9608
"01095",2014,3153,3329,3358,2147,1490,3064,2696,3569,1925,1304,6217,6025,6927,4072,2794
"01097",2014,13402,13344,15614,8475,5169,13833,14563,12260,8257,5051,27235,27907,27874,16732,10220
"01101",2014,7964,8533,7148,4512,2921,7060,7903,6550,4661,2878,15024,16436,13698,9173,5799
"01103",2014,3342,3321,4386,1994,981,3811,4833,3854,2790,1518,7153,8154,8240,4784,2499
"01115",2014,2760,2631,3216,2165,1180,2223,2150,3270,1570,1005,4983,4781,6486,3735,2185
"01117",2014,6248,7559,7622,4579,2958,5838,7347,6606,4401,2307,12086,14906,14228,8980,5265
"01121",2014,2663,3085,2139,1748,1233,1753,2015,3317,1498,528,4416,5100,5456,3246,1761
"01125",2014,6084,7414,4611,3339,5017,6035,5104,6268,3684,7798,12119,12518,10879,7023,12815
"01127",2014,2039,2025,1739,1301,920,1792,2048,2087,1442,631,3831,4073,3826,2743,1551
"02020",2014,10282,10490,10911,5766,4691,11505,9947,10525,5538,3641,21787,20437,21436,11304,8332
"02090",2014,3725,4068,3086,1826,2247,3321,3840,2095,1966,1316,7046,7908,5181,3792,3563
"02170",2014,3744,4218,3774,2309,1458,3203,3701,3836,2064,1282,6947,7919,7610,4373,2740
"04001",2014,2532,2729,2785,2111,1304,3181,2853,2860,1856,1518,5713,5582,5645,3967,2822
"04003",2014,4561,3877,3666,2029,2018,4033,3606,4241,2388,1311,8594,7483,7907,4417,3329
"04005",2014,3793,4303,3923,2607,4013,4440,3818,4648,2498,4977,8233,8121,8571,5105,8990
"04013",2014,139273,150145,145785,87308,55594,133245,141347,142909,83981,51687,272518,291492,288694,171289,107281
"04015",2014,4920,5216,5526,3016,2579,4523,5072,5950,3785,1777,9443,10288,11476,6801,4356
"04017",2014,4094,4800,3946,2474,1868,3900,4279,4557,2368,1568,7994,9079,8503,4842,3436
"04019",2014,30379,31153,31417,19405,15770,29124,28490,32108,17763,15560,59503,59643,63525,37168,31330
"04021",2014,12784,14094,15288,9535,4909,11838,13885,13808,6977,3695,24622,27979,29096,16512,8604
"04025",2014,4766,5608,5340,3825,2480,4802,4340,6083,3293,2251,9568,9948,11423,7118,4731
"04027",2014,8102,7347,7634,4321,3355,7296,7163,7210,4107,2811,15398,14510,14844,8428,6166
"05007",2014,9456,10342,9104,5365,2493,7933,7912,10144,5295,2770,17389,18254,19248,10660,5263
"05031",2014,3978,2988,3563,1843,1881,3338,4174,3167,1834,2236,7316,7162,6730,3677,4117
"05045",2014,4017,4084,3627,2514,2501,4059,4933,3018,2406,2721,8076,9017,6645,4920,5222
"05051",2014,3442,3548,2287,1863,1685,2494,2046,2894,1695,829,5936,5594,5181,3558,2514
"05069",2014,2291,2116,2769,1673,690,2034,2277,2010,1293,1552,4325,4393,4779,2966,2242
"05085",2014,2588,3103,2178,1841,863,2396,2749,2538,1748,753,4984,5852,4716,3589,1616
"05119",2014,13704,14215,11816,7366,4905,13624,13360,11698,7524,3477,27328,27575,23514,14890,8382
"05125",2014,3062,2992,6001,2245,838,3665,2953,4595,2955,1023,6727,5945,10596,5200,1861
"05131",2014,4293,4603,4696,2585,1663,3725,3972,3861,3298,1661,8018,8575,8557,5883,3324
"05143",2014,7806,7776,6679,5019,4660,7899,6622,8324,4498,4762,15705,14398,15003,9517,9422
"05145",2014,3079,2971,2058,1726,2107,2486,2354,2657,1378,1336,5565,5325,4715,3104,3443
"06001",2014,49892,50516,47618,27938,20025,48138,48121,45819,26855,19699,98030,98637,93437,54793,39724
"06007",2014,6116,6817,6669,4321,4346,5569,6634,5944,3526,4114,11685,13451,12613,7847,8460
"06013",2014,32567,38211,38244,23492,13655,32035,37347,36416,22121,12968,64602,75558,74660,45613,26623
"06017",2014,3730,4749,6703,4315,2641,4229,5059,5896,3600,2513,7959,9808,12599,7915,5154
"06019",2014,40670,40335,38395,22521,14324,39364,39463,35655,22471,13597,80034,79798,74050,44992,27921
"06023",2014,3776,3902,3388,1879,1970,4031,4183,3167,1868,2137,7807,8085,6555,3747,4107
"06025",2014,7371,6181,7759,4211,2509,7234,8230,6079,4046,2347,14605,14411,13838,8257,4856
"06029",2014,37010,37310,35082,21328,13633,36241,37076,32982,20323,12574,73251,74386,68064,41651,26207
"06031",2014,5655,7006,4220,3034,2094,5929,5953,5959,3628,2580,11584,12959,10179,6662,4674
"06033",2014,1320,2247,1622,789,534,1860,2333,1727,1175,572,3180,4580,3349,1964,1106
"06037",2014,328751,325657,316644,205475,142741,315691,305844,309512,196042,138737,644442,631501,626156,401517,281478
"06039",2014,5726,6384,5469,3687,2454,5883,5752,6339,3389,2960,11609,12136,11808,7076,5414
"06041",2014,6534,9397,7118,4315,2867,6106,8523,7494,4393,2197,12640,17920,14612,8708,5064
"06045",2014,2562,2968,2530,1468,1310,2720,3214,2038,1735,1488,5282,6182,4568,3203,2798
"06047",2014,10715,11082,12362,6739,4866,10383,11997,10274,6217,4509,21098,23079,22636,12956,9375
"06053",2014,17280,16122,16348,8569,6941,15988,15112,15926,8418,5679,33268,31234,32274,16987,12620
"06055",2014,3836,3615,5058,2756,1848,3842,2954,5655,2701,1433,7678,6569,10713,5457,3281
"06057",2014,2508,3070,2473,1812,655,1738,1580,2983,1631,722,4246,4650,5456,3443,1377
"06059",2014,97979,101311,105091,65137,42740,93578,91681,104968,62229,41535,191557,192992,210059,127366,84275
"06061",2014,10057,13518,11920,8412,4446,9872,12174,11838,7425,4066,19929,25692,23758,15837,8512
"06065",2014,80503,89429,87013,55033,36119,77386,83124,87163,54003,33532,157889,172553,174176,109036,69651
"06067",2014,51113,53434,49690,30665,19083,47580,49371,49712,29523,17390,98693,102805,99402,60188,36473
"06071",2014,78702,83398,80977,51388,33062,75372,78244,78136,49108,30181,154074,161642,159113,100496,63243
"06073",2014,109568,107104,94221,61370,50013,104213,96926,96823,58532,42638,213781,204030,191044,119902,92651
"06075",2014,20121,16609,13172,8072,6799,19186,14320,14728,8237,8279,39307,30929,27900,16309,15078
"06077",2014,26770,27851,29961,17386,10872,25514,26196,28791,16554,9830,52284,54047,58752,33940,20702
"06079",2014,7592,6952,7150,4841,7778,6804,6470,6677,4451,6060,14396,13422,13827,9292,13838
"06081",2014,23487,25576,20353,12825,7633,22708,23787,21262,12655,7027,46195,49363,41615,25480,14660
"06083",2014,14309,14397,13024,8323,10446,14038,12229,14631,7804,11504,28347,26626,27655,16127,21950
"06085",2014,62429,63762,62883,35042,23440,59503,58667,61966,33461,21872,121932,122429,124849,68503,45312
"06087",2014,7686,7719,7948,4707,6729,7241,6997,7548,4378,6994,14927,14716,15496,9085,13723
"06089",2014,4315,4992,6158,3697,2474,5517,5167,5191,3768,2297,9832,10159,11349,7465,4771
"06095",2014,12929,14242,14389,8598,5797,12863,13763,13220,8825,4455,25792,28005,27609,17423,10252
"06097",2014,13719,14927,15090,9063,5876,13014,14438,14068,8906,6438,26733,29365,29158,17969,12314
"06099",2014,19847,21369,20629,12770,8425,18682,21981,18206,11946,7153,38529,43350,38835,24716,15578
"06101",2014,3226,4620,2564,1973,2049,3099,4190,2630,2636,1198,6325,8810,5194,4609,3247
"06107",2014,21111,19174,22211,11771,6844,19466,20302,19326,11415,6983,40577,39476,41537,23186,13827
"06111",2014,27147,27149,31013,18288,12555,26646,28132,28386,17814,11017,53793,55281,59399,36102,23572
"06113",2014,5844,6732,6177,3930,5046,6247,6618,5741,3760,6282,12091,13350,11918,7690,11328
"06115",2014,2996,1788,3786,1974,906,3225,2946,2443,1436,1611,6221,4734,6229,3410,2517
"08001",2014,18528,20098,18962,10098,5705,17983,17677,19775,9930,5524,36511,37775,38737,20028,11229
"08005",2014,20637,23592,20679,13032,7253,19553,20838,21208,11971,6260,40190,44430,41887,25003,13513
"08013",2014,8320,8883,9846,5802,6521,7286,8822,9225,5341,6239,15606,17705,19071,11143,12760
"08031",2014,23147,19768,18709,8656,6350,21894,20234,17424,8615,6785,45041,40002,36133,17271,13135
"08035",2014,10745,13250,14462,7520,3682,8947,14487,12209,7558,3770,19692,27737,26671,15078,7452
"08041",2014,24130,22294,24699,14018,10913,22400,21408,24029,13383,8885,46530,43702,48728,27401,19798
"08059",2014,14977,17609,16412,10917,7315,14309,16072,15922,10132,5904,29286,33681,32334,21049,13219
"08069",2014,8703,9719,9695,5226,5774,8775,7961,10495,5740,6149,17478,17680,20190,10966,11923
"08077",2014,4538,4916,4704,2711,2010,4394,3932,4896,2587,2722,8932,8848,9600,5298,4732
"08101",2014,4851,5131,5899,3343,2315,4455,4851,6010,3047,1987,9306,9982,11909,6390,4302
"08123",2014,10593,10254,12113,5838,4138,9711,10176,10449,5639,4143,20304,20430,22562,11477,8281
"09001",2014,27371,31311,34469,21342,13187,26156,29948,32503,19913,12708,53527,61259,66972,41255,25895
"09003",2014,24666,26188,29954,18233,12425,24002,25290,28295,18321,11934,48668,51478,58249,36554,24359
"09005",2014,4015,5493,4821,3919,2040,4167,4923,5007,3533,1825,8182,10416,9828,7452,3865
"09007",2014,3542,4096,5103,3802,2101,3791,3606,5174,2779,2276,7333,7702,10277,6581,4377
"09009",2014,23206,23636,28395,17499,12956,22217,23257,26822,16553,13587,45423,46893,55217,34052,26543
"09011",2014,7579,7856,7586,4782,3853,6703,7114,8517,5398,3951,14282,14970,16103,10180,7804
"09013",2014,2679,3946,4595,3431,4263,2930,4555,3453,2454,4875,5609,8501,8048,5885,9138
"09015",2014,2936,3419,3700,2125,1825,2902,3263,3624,2011,1978,5838,6682,7324,4136,3803
"10001",2014,5876,4876,6854,3488,3372,5211,5657,5511,3168,3058,11087,10533,12365,6656,6430
"10003",2014,16818,17172,17421,10285,8446,16543,17723,16065,10466,8450,33361,34895,33486,20751,16896
"10005",2014,6560,5866,5931,3169,2333,5002,5809,5228,3143,1865,11562,11675,11159,6312,4198
"11001",2014,22081,15173,13305,7708,10006,20682,15865,12424,7792,11837,42763,31038,25729,15500,21843
"12001",2014,6554,6054,6446,4059,9420,7707,6093,5943,3450,9992,14261,12147,12389,7509,19412
"12005",2014,5045,5091,5159,3046,2340,5789,5833,5641,2993,1345,10834,10924,10800,6039,3685
"12009",2014,13021,14991,15110,10010,6296,12989,13727,14656,9388,5943,26010,28718,29766,19398,12239
"12011",2014,55432,57617,56431,35243,22036,53486,50854,59361,34307,20138,108918,108471,115792,69550,42174
"12015",2014,2355,2552,4043,2266,1266,2293,2292,3480,1959,1446,4648,4844,7523,4225,2712
"12017",2014,2592,2260,3498,2329,1253,2593,2451,3282,2035,1201,5185,4711,6780,4364,2454
"12019",2014,5855,7928,6090,4574,2158,5055,8214,6107,4482,2866,10910,16142,12197,9056,5024
"12021",2014,8170,8602,9855,5770,4226,8500,8577,9095,5209,3738,16670,17179,18950,10979,7964
"12023",2014,1904,2263,3017,476,1160,2090,2382,1085,1799,397,3994,4645,4102,2275,1557
"12031",2014,31080,29125,28123,16015,11162,29375,26704,28167,16262,10333,60455,55829,56290,32277,21495
"12033",2014,9678,9559,9321,5193,7747,9200,8702,8258,4834,5115,18878,18261,17579,10027,12862
"12035",2014,1852,3039,3566,1095,1695,2119,2238,2269,2216,686,3971,5277,5835,3311,2381
"12053",2014,4549,4123,4976,3143,1971,3418,4731,5401,2557,1166,7967,8854,10377,5700,3137
"12055",2014,2729,1650,3255,2013,974,2047,3651,1817,866,712,4776,5301,5072,2879,1686
"12057",2014,43095,42690,44287,26547,17285,40801,41962,41397,25158,16926,83896,84652,85684,51705,34211
"12061",2014,2539,4694,3753,2548,1548,3030,3654,3425,2051,1982,5569,8348,7178,4599,3530
"12069",2014,7253,9139,9000,6055,4253,8297,8781,8956,5070,3596,15550,17920,17956,11125,7849
"12071",2014,16720,18107,19153,11188,7606,16065,17219,17715,11279,7173,32785,35326,36868,22467,14779
"12073",2014,7784,8024,7451,4676,7312,7344,7546,6987,4400,10055,15128,15570,14438,9076,17367
"12081",2014,8897,10321,9717,6725,2760,8604,10423,8491,5289,3592,17501,20744,18208,12014,6352
"12083",2014,7314,10073,8764,6247,3771,9039,9980,7839,4977,2361,16353,20053,16603,11224,6132
"12085",2014,2511,2804,4005,3035,1600,3047,2650,4619,2667,1348,5558,5454,8624,5702,2948
"12086",2014,79388,75398,78189,47775,32106,76041,71892,74604,45269,31112,155429,147290,152793,93044,63218
"12087",2014,2430,1990,1265,785,805,1273,1540,1281,996,2164,3703,3530,2546,1781,2969
"12089",2014,1959,1702,2630,1431,621,1759,2132,2182,1806,585,3718,3834,4812,3237,1206
"12091",2014,6242,7890,4528,2998,2676,6486,5954,5879,3747,1814,12728,13844,10407,6745,4490
"12095",2014,40540,44670,36502,24221,18542,37771,36897,40368,23723,19566,78311,81567,76870,47944,38108
"12097",2014,10093,11471,11283,6689,5370,9623,10187,11233,7131,4466,19716,21658,22516,13820,9836
"12099",2014,36134,37262,40768,24706,15762,34915,39004,36002,23624,14793,71049,76266,76770,48330,30555
"12101",2014,12217,13569,15504,9150,5775,12115,14834,13126,8493,4904,24332,28403,28630,17643,10679
"12103",2014,21283,21726,23339,14848,8537,21068,21031,22630,14128,8180,42351,42757,45969,28976,16717
"12105",2014,18862,21657,20509,12892,7572,18335,20034,20368,12229,7593,37197,41691,40877,25121,15165
"12107",2014,2293,2578,2092,689,708,1952,2420,1984,1738,947,4245,4998,4076,2427,1655
"12109",2014,5581,6829,7122,4874,3316,6199,5205,8478,3917,2216,11780,12034,15600,8791,5532
"12111",2014,7241,8252,9302,5999,3465,7727,8095,8552,5286,3317,14968,16347,17854,11285,6782
"12113",2014,4294,6041,5197,3235,1642,4310,4860,5810,3354,1357,8604,10901,11007,6589,2999
"12115",2014,6988,6936,9764,6038,3554,7563,7840,8977,5133,3166,14551,14776,18741,11171,6720
"12117",2014,12484,13506,14761,10126,5237,10286,11607,14709,8197,5202,22770,25113,29470,18323,10439
"12119",2014,766,1777,1275,868,610,966,1243,1089,501,791,1732,3020,2364,1369,1401
"12127",2014,12278,11857,14140,8727,6444,11570,12104,12909,8150,5100,23848,23961,27049,16877,11544
"13013",2014,2340,3152,2574,1701,976,2887,3072,2817,1492,690,5227,6224,5391,3193,1666
"13015",2014,3188,3797,3686,2339,1075,2894,4101,3077,2129,1181,6082,7898,6763,4468,2256
"13021",2014,5636,5375,5884,3216,2428,5445,5088,5230,2955,2188,11081,10463,11114,6171,4616
"13031",2014,2178,1670,2479,1092,4406,2214,1701,2139,1167,3909,4392,3371,4618,2259,8315
"13045",2014,3922,3921,3111,2242,2983,3708,3292,5720,2418,2595,7630,7213,8831,4660,5578
"13047",2014,2575,2526,2208,1516,1351,1603,1895,2160,1294,250,4178,4421,4368,2810,1601
"13051",2014,9873,8748,9225,4472,4209,9052,7453,9605,4420,4908,18925,16201,18830,8892,9117
"13057",2014,6882,8950,9600,4634,2646,7007,8318,8273,5030,2256,13889,17268,17873,9664,4902
"13059",2014,3430,3625,2956,1358,5157,3003,2075,3069,1789,8578,6433,5700,6025,3147,13735
"13063",2014,10623,10207,11819,6028,3590,10085,9932,11078,5821,3370,20708,20139,22897,11849,6960
"13067",2014,24384,26469,24730,15243,10133,23958,26939,23506,14575,9092,48342,53408,48236,29818,19225
"13073",2014,4118,5037,5089,3429,2486,5090,4354,5719,3316,1298,9208,9391,10808,6745,3784
"13077",2014,4052,5887,4412,2945,1863,4185,5843,4298,3214,1537,8237,11730,8710,6159,3400
"13089",2014,27484,25784,21321,13004,8208,25763,23137,22747,12141,7900,53247,48921,44068,25145,16108
"13095",2014,3427,4233,2607,1502,1744,3259,2732,3117,2120,1709,6686,6965,5724,3622,3453
"13097",2014,3980,5145,6481,3324,2398,4456,5412,5183,3527,1570,8436,10557,11664,6851,3968
"13113",2014,2766,3580,3899,3314,1738,1968,3485,4152,3043,910,4734,7065,8051,6357,2648
"13115",2014,2953,2949,3897,2030,1435,2632,3244,2846,1998,1828,5585,6193,6743,4028,3263
"13117",2014,6014,8464,9815,5310,2616,6187,8419,9060,5698,2222,12201,16883,18875,11008,4838
"13121",2014,33164,33335,32306,18647,14500,31396,32736,31423,18508,14349,64560,66071,63729,37155,28849
"13127",2014,2944,1865,3712,1813,1092,1825,2955,2443,1184,1460,4769,4820,6155,2997,2552
"13135",2014,30646,32987,39224,21158,12070,30014,31212,38547,20927,10895,60660,64199,77771,42085,22965
"13139",2014,6535,7664,7578,4079,2117,6035,7048,7722,3869,2507,12570,14712,15300,7948,4624
"13151",2014,6263,8926,8364,5820,4105,6297,7346,9427,5427,2575,12560,16272,17791,11247,6680
"13153",2014,4627,5047,6373,2708,3219,5927,5896,4312,3461,1426,10554,10943,10685,6169,4645
"13179",2014,4569,2986,1670,862,1133,3524,2043,1797,1422,784,8093,5029,3467,2284,1917
"13185",2014,4108,4657,3325,2274,2297,4070,4482,3434,1955,1834,8178,9139,6759,4229,4131
"13215",2014,7719,7435,5851,3903,3244,7295,6329,6462,3634,2447,15014,13764,12313,7537,5691
"13217",2014,3473,4374,4235,3055,1303,3115,3759,3921,2227,1564,6588,8133,8156,5282,2867
"13223",2014,5063,5320,7393,3593,1724,5108,7187,5566,2877,1665,10171,12507,12959,6470,3389
"13245",2014,7261,6700,5945,3666,4285,7221,5042,7770,4008,2861,14482,11742,13715,7674,7146
"13247",2014,2572,3023,4204,2301,2053,2210,3348,3106,1809,1120,4782,6371,7310,4110,3173
"13285",2014,2508,2438,2589,1270,815,2070,1949,3097,1770,1663,4578,4387,5686,3040,2478
"13295",2014,2283,1920,2447,1421,1525,1686,1827,2262,1491,643,3969,3747,4709,2912,2168
"13297",2014,2700,3609,3127,2147,922,2751,2750,3711,1880,735,5451,6359,6838,4027,1657
"13313",2014,3274,3611,4301,2083,2011,4107,4247,3520,2530,1516,7381,7858,7821,4613,3527
"15001",2014,6293,7633,5719,3491,2411,5455,4847,5989,3400,1688,11748,12480,11708,6891,4099
"15003",2014,32349,30388,29618,16903,12611,32410,27441,28902,15576,10597,64759,57829,58520,32479,23208
"15007",2014,2380,2472,1792,697,550,2102,2328,2419,1599,548,4482,4800,4211,2296,1098
"15009",2014,5202,5195,5162,2849,1957,4808,4638,5259,3030,2071,10010,9833,10421,5879,4028
"16001",2014,12560,17574,15499,9394,5339,13004,15993,14721,8311,5974,25564,33567,30220,17705,11313
"16005",2014,2882,3292,3010,1628,1266,3570,2882,3244,1833,1228,6452,6174,6254,3461,2494
"16019",2014,4501,5058,4696,2703,1196,5102,5094,4522,2196,1701,9603,10152,9218,4899,2897
"16027",2014,8030,9516,8874,5046,2636,8040,7909,8850,4962,3019,16070,17425,17724,10008,5655
"16055",2014,4417,5545,5357,3025,1917,3900,2736,6648,2948,1720,8317,8281,12005,5973,3637
"16083",2014,3052,3365,3221,1806,1196,2808,3092,3253,1409,1181,5860,6457,6474,3215,2377
"17001",2014,2179,2006,2335,1413,697,2025,1669,2416,1156,689,4204,3675,4751,2569,1386
"17019",2014,5778,4751,5931,3236,7722,5725,5400,5664,3101,6944,11503,10151,11595,6337,14666
"17031",2014,172294,158814,171403,99124,65923,166110,167072,154179,96929,64230,338404,325886,325582,196053,130153
"17037",2014,2897,3007,3269,1815,2939,3589,2401,3474,2362,3299,6486,5408,6743,4177,6238
"17043",2014,28332,29884,33265,20370,12567,26552,30715,30219,19335,11496,54884,60599,63484,39705,24063
"17089",2014,17892,20466,21471,13915,7370,17302,22407,17788,11275,6676,35194,42873,39259,25190,14046
"17091",2014,3306,4381,3533,2134,1816,3362,3645,3765,2602,1596,6668,8026,7298,4736,3412
"17093",2014,4401,5337,5162,2696,1913,4051,5281,4729,2998,1365,8452,10618,9891,5694,3278
"17097",2014,21163,23997,29346,17326,12702,20603,22691,27908,16279,10205,41766,46688,57254,33605,22907
"17099",2014,2847,3021,3840,1918,1364,3488,3075,3799,2275,1113,6335,6096,7639,4193,2477
"17111",2014,9197,10918,12231,7740,4000,8081,10911,10280,7467,3883,17278,21829,22511,15207,7883
"17113",2014,5269,5611,5310,3399,3842,5333,5498,5063,2806,5011,10602,11109,10373,6205,8853
"17115",2014,3321,3302,3405,1989,1111,3552,3253,3224,2085,1726,6873,6555,6629,4074,2837
"17119",2014,8293,9035,8058,5300,3052,7479,8246,7667,5382,3501,15772,17281,15725,10682,6553
"17143",2014,6826,5735,6793,3601,2928,6121,6201,5653,3522,2534,12947,11936,12446,7123,5462
"17161",2014,4692,4837,4280,3337,2019,4226,4265,4192,2388,1755,8918,9102,8472,5725,3774
"17163",2014,8534,9602,8916,5357,3397,8247,9222,8867,5258,3139,16781,18824,17783,10615,6536
"17167",2014,6401,7381,6252,3326,2306,5125,6746,6151,4332,2443,11526,14127,12403,7658,4749
"17179",2014,3807,4631,4750,2886,1933,3828,3853,4897,2528,1395,7635,8484,9647,5414,3328
"17183",2014,3029,2303,2701,1399,1545,2553,2561,2347,1654,606,5582,4864,5048,3053,2151
"17197",2014,21167,25713,29031,17490,9516,20515,25624,26859,16347,9049,41682,51337,55890,33837,18565
"17199",2014,2057,1740,2064,1426,552,1937,1759,2610,1120,540,3994,3499,4674,2546,1092
"17201",2014,9001,10562,9583,6006,3302,8632,9584,9676,5778,3632,17633,20146,19259,11784,6934
"18003",2014,13819,14415,12699,8062,5048,12650,12266,14312,7817,4478,26469,26681,27011,15879,9526
"18005",2014,2995,3095,2635,1636,982,2423,3014,2351,1330,666,5418,6109,4986,2966,1648
"18019",2014,3651,3849,3353,2355,1117,4304,4426,2626,2285,1309,7955,8275,5979,4640,2426
"18035",2014,3166,3153,2804,2026,3176,2637,3658,2324,1994,3791,5803,6811,5128,4020,6967
"18039",2014,7935,8190,8165,4327,2570,7137,7434,8715,4601,2922,15072,15624,16880,8928,5492
"18043",2014,2342,2369,2626,1628,810,2106,2484,2806,1460,975,4448,4853,5432,3088,1785
"18053",2014,1596,2107,1904,1215,1340,2200,1932,2038,1259,1529,3796,4039,3942,2474,2869
"18057",2014,9899,13022,12748,7820,3479,10532,12243,12643,7475,3003,20431,25265,25391,15295,6482
"18059",2014,1748,2977,2338,1616,880,1951,2224,2856,1661,938,3699,5201,5194,3277,1818
"18063",2014,4089,6308,7043,3138,1591,4700,5492,6266,3533,1815,8789,11800,13309,6671,3406
"18067",2014,2299,2901,2578,1724,822,2757,2095,3144,1579,764,5056,4996,5722,3303,1586
"18081",2014,5711,6270,4795,3582,1800,5191,5502,4510,3291,1960,10902,11772,9305,6873,3760
"18085",2014,2512,2919,3031,1602,1527,2533,2182,2626,1785,885,5045,5101,5657,3387,2412
"18089",2014,15971,16777,17865,10680,6277,14929,15260,17852,10545,5818,30900,32037,35717,21225,12095
"18091",2014,3238,3481,3293,2429,1146,3378,3247,3351,2002,906,6616,6728,6644,4431,2052
"18095",2014,3914,3898,4700,2818,1825,3362,3840,3775,2265,1311,7276,7738,8475,5083,3136
"18097",2014,36020,34841,30103,17912,10726,34225,33826,28679,17355,11162,70245,68667,58782,35267,21888
"18105",2014,3337,3754,2969,1890,6367,3040,3520,3316,1627,6388,6377,7274,6285,3517,12755
"18109",2014,2115,2319,2588,1582,885,2080,2271,2336,1399,708,4195,4590,4924,2981,1593
"18127",2014,4430,4944,6441,3892,2391,4469,3301,7110,3559,2845,8899,8245,13551,7451,5236
"18141",2014,9310,8662,9701,5614,4217,8161,7655,10214,5451,4449,17471,16317,19915,11065,8666
"18157",2014,5262,4556,5763,2508,6546,6135,5045,4811,3768,5689,11397,9601,10574,6276,12235
"18163",2014,5264,6293,5027,3230,2530,5879,5716,5197,2933,2720,11143,12009,10224,6163,5250
"18167",2014,3049,3408,3604,1862,2072,2810,2831,2933,1845,2291,5859,6239,6537,3707,4363
"18177",2014,2419,2056,1938,1557,843,1792,2194,1876,1356,970,4211,4250,3814,2913,1813
"19013",2014,4349,3689,4234,1954,2183,4009,3805,4024,2498,4784,8358,7494,8258,4452,6967
"19049",2014,3226,3690,3142,1665,448,2881,2394,3303,1871,604,6107,6084,6445,3536,1052
"19061",2014,3092,3077,3064,1837,1465,2665,3000,3339,2217,1386,5757,6077,6403,4054,2851
"19103",2014,4185,4468,4298,2243,4536,4667,4045,3065,1923,4011,8852,8513,7363,4166,8547
"19113",2014,7489,8218,6982,4274,3104,6129,6021,8811,3914,2740,13618,14239,15793,8188,5844
"19153",2014,17005,15042,17934,9290,5642,16132,16486,15215,8833,4962,33137,31528,33149,18123,10604
"19155",2014,3075,3489,2983,1940,1106,3075,3043,2858,1732,1389,6150,6532,5841,3672,2495
"19163",2014,6553,5430,6245,3692,2352,4941,5850,5310,3308,2114,11494,11280,11555,7000,4466
"19169",2014,2452,2447,2087,1234,5306,2571,1910,2270,1163,5452,5023,4357,4357,2397,10758
"19193",2014,3297,3451,3980,2036,1454,4070,3930,3664,2090,1817,7367,7381,7644,4126,3271
"20015",2014,2145,2144,2885,1821,474,1873,2705,1986,1611,784,4018,4849,4871,3432,1258
"20045",2014,3260,3307,3000,2008,3028,3108,3147,2861,1636,3502,6368,6454,5861,3644,6530
"20091",2014,19682,21161,21426,12191,7019,18942,19006,21484,11563,6185,38624,40167,42910,23754,13204
"20103",2014,2566,3485,2379,1692,903,2283,3106,1961,1434,1035,4849,6591,4340,3126,1938
"20161",2014,2832,1784,1175,1256,4257,2072,1834,1496,812,3200,4904,3618,2671,2068,7457
"20173",2014,19716,18696,19529,10898,6974,18575,18210,18800,10292,6378,38291,36906,38329,21190,13352
"20177",2014,6339,6146,6164,3781,3016,5773,4959,6914,3268,2399,12112,11105,13078,7049,5415
"20209",2014,6904,8004,5021,3134,2312,6491,6956,5701,3527,1572,13395,14960,10722,6661,3884
"21015",2014,4120,4630,4901,3220,1560,4302,6245,4337,2793,646,8422,10875,9238,6013,2206
"21029",2014,2375,3229,2291,1659,965,2128,2364,3055,1731,769,4503,5593,5346,3390,1734
"21037",2014,3094,3581,2598,1634,1185,2768,2819,2414,1576,1459,5862,6400,5012,3210,2644
"21047",2014,3375,4054,1737,1229,1845,3948,2466,2517,1255,940,7323,6520,4254,2484,2785
"21059",2014,3310,3969,3447,1881,942,3162,2810,3296,1972,1160,6472,6779,6743,3853,2102
"21067",2014,10106,9253,9026,5020,5805,9259,7988,9879,4793,6293,19365,17241,18905,9813,12098
"21093",2014,3560,3448,4555,2464,1585,3478,3856,3627,1871,1368,7038,7304,8182,4335,2953
"21111",2014,25250,24439,23855,14927,8780,23965,24320,21864,13537,8439,49215,48759,45719,28464,17219
"21117",2014,5804,5170,6275,3119,1818,5494,6108,4806,3430,1802,11298,11278,11081,6549,3620
"21145",2014,1777,1646,2330,1198,569,1914,2201,1796,1281,540,3691,3847,4126,2479,1109
"21151",2014,2570,2322,2494,1758,1961,2267,3421,2130,1454,2590,4837,5743,4624,3212,4551
"21195",2014,1692,1859,1745,1168,776,1743,1424,2384,1055,667,3435,3283,4129,2223,1443
"21227",2014,4305,3174,4171,2214,3089,3563,3421,4279,1946,3292,7868,6595,8450,4160,6381
"22005",2014,4534,3613,5911,2225,1154,3680,5709,4731,2155,1262,8214,9322,10642,4380,2416
"22015",2014,4727,4646,4456,2818,1724,4456,4150,4019,2309,1195,9183,8796,8475,5127,2919
"22017",2014,9341,9192,7974,4984,3379,8745,9402,6854,4857,2826,18086,18594,14828,9841,6205
"22019",2014,6609,7562,6934,3853,2014,6720,6402,7169,4040,2203,13329,13964,14103,7893,4217
"22033",2014,14366,14807,14110,8394,7257,14023,14045,14061,7788,7996,28389,28852,28171,16182,15253
"22045",2014,2734,2363,3138,1715,1002,2433,2664,3009,1522,1042,5167,5027,6147,3237,2044
"22051",2014,13987,13951,12808,7971,4380,13338,12617,13130,7682,4249,27325,26568,25938,15653,8629
"22055",2014,8025,8595,7331,4418,3035,8106,7274,7992,4909,3418,16131,15869,15323,9327,6453
"22057",2014,2651,4336,2994,1456,1484,3038,3336,3374,1886,1281,5689,7672,6368,3342,2765
"22063",2014,5419,4776,5515,3318,1667,5999,4041,5550,2645,820,11418,8817,11065,5963,2487
"22071",2014,11410,10656,11369,5792,4639,11940,11828,9742,5825,5290,23350,22484,21111,11617,9929
"22073",2014,5990,5334,5699,3588,2452,5317,5553,5108,3179,2145,11307,10887,10807,6767,4597
"22079",2014,4704,4962,4281,2762,2184,4345,5060,4165,3134,1812,9049,10022,8446,5896,3996
"22097",2014,3323,2872,3458,1820,1381,3358,3455,3172,1758,1088,6681,6327,6630,3578,2469
"22103",2014,6214,10397,7883,5893,2994,7261,8902,8393,4930,3030,13475,19299,16276,10823,6024
"22105",2014,4530,4438,4786,3375,2261,4493,3770,4313,1857,2150,9023,8208,9099,5232,4411
"22109",2014,4346,4629,3937,1776,1385,3900,3622,4486,2362,2075,8246,8251,8423,4138,3460
"23001",2014,3134,3821,2749,1919,1310,3268,3280,3242,1899,1329,6402,7101,5991,3818,2639
"23003",2014,1607,1839,2088,1224,749,1648,2152,1312,1238,832,3255,3991,3400,2462,1581
"23005",2014,7061,7486,8260,5093,3934,6911,8093,8340,4772,3751,13972,15579,16600,9865,7685
"23011",2014,2798,3748,2981,2209,1469,3106,2704,3820,2328,1512,5904,6452,6801,4537,2981
"23019",2014,3546,4016,3992,2750,3010,3662,3719,4353,2603,2511,7208,7735,8345,5353,5521
"23031",2014,4720,5793,6176,3657,2264,4506,5054,6368,3531,2468,9226,10847,12544,7188,4732
"24001",2014,1999,1970,1657,1192,1298,1594,1574,1835,1141,998,3593,3544,3492,2333,2296
"24003",2014,18181,19778,16054,10400,7076,17181,17872,16943,10441,5710,35362,37650,32997,20841,12786
"24005",2014,24830,23881,26740,15317,11683,24828,24759,23586,14651,11579,49658,48640,50326,29968,23262
"24009",2014,2322,1750,4770,2777,1128,2340,1634,4007,2492,1046,4662,3384,8777,5269,2174
"24013",2014,3939,5777,5781,4020,2147,3866,5167,5876,3630,2337,7805,10944,11657,7650,4484
"24015",2014,3612,4482,2807,2156,1188,2908,3286,2996,2004,875,6520,7768,5803,4160,2063
"24017",2014,4466,4985,6912,3963,2481,4268,4565,5818,3554,2008,8734,9550,12730,7517,4489
"24021",2014,6609,7338,9651,5408,3071,7901,7251,9042,5075,3210,14510,14589,18693,10483,6281
"24025",2014,7040,8539,8562,5387,3857,6657,8118,7853,5223,2179,13697,16657,16415,10610,6036
"24027",2014,9247,10166,12264,7045,3904,9176,9354,11666,7154,3390,18423,19520,23930,14199,7294
"24031",2014,34384,34224,34256,20595,11844,32738,31637,34975,19536,10847,67122,65861,69231,40131,22691
"24033",2014,30662,28760,28635,16934,14741,29362,27404,27469,15854,13562,60024,56164,56104,32788,28303
"24037",2014,3811,4209,3915,1994,1222,3092,3662,4205,2525,1552,6903,7871,8120,4519,2774
"24043",2014,4203,4610,4807,2569,1978,4564,4435,4761,3339,1137,8767,9045,9568,5908,3115
"24045",2014,3039,2468,3685,2067,2059,3036,3787,2581,1584,2676,6075,6255,6266,3651,4735
"24510",2014,21569,19596,16390,9727,8518,20103,19372,15439,9652,8531,41672,38968,31829,19379,17049
"25001",2014,3588,4358,5622,3555,2548,3989,4237,5677,3080,1733,7577,8595,11299,6635,4281
"25003",2014,3355,2846,2938,2682,2469,2792,2717,3488,2239,1752,6147,5563,6426,4921,4221
"25005",2014,14867,15851,17347,10917,8016,14188,16625,16853,10504,7533,29055,32476,34200,21421,15549
"25009",2014,22444,23604,25190,15846,10641,21155,21717,24350,15060,10087,43599,45321,49540,30906,20728
"25011",2014,2088,1596,2124,1316,830,1401,1984,1295,1115,634,3489,3580,3419,2431,1464
"25013",2014,14283,13478,15713,9742,7361,13401,13530,15801,9463,7421,27684,27008,31514,19205,14782
"25015",2014,2919,3644,3708,2306,5647,2363,3866,3640,2643,7563,5282,7510,7348,4949,13210
"25017",2014,44866,44676,46208,29065,23663,43319,42528,44984,27384,22953,88185,87204,91192,56449,46616
"25021",2014,19113,21578,21634,13686,8743,18467,21242,20458,13425,8828,37580,42820,42092,27111,17571
"25023",2014,13870,14545,19534,10834,6294,13048,14632,16703,11106,6175,26918,29177,36237,21940,12469
"25025",2014,22334,17982,16692,10393,14766,21285,17178,16633,10081,18051,43619,35160,33325,20474,32817
"25027",2014,23100,22628,29074,16790,11804,22216,21166,27645,16029,11973,45316,43794,56719,32819,23777
"26005",2014,3253,4085,4232,2411,1220,3568,4711,3865,2275,1218,6821,8796,8097,4686,2438
"26017",2014,2751,3157,3106,2373,971,3120,2405,3622,1838,981,5871,5562,6728,4211,1952
"26021",2014,4586,5145,4843,3306,1929,4861,4141,4896,3089,1890,9447,9286,9739,6395,3819
"26025",2014,4774,4938,3774,2760,1594,3792,3030,5564,2670,1679,8566,7968,9338,5430,3273
"26037",2014,2143,3074,2238,1686,1160,1880,1903,2931,1710,894,4023,4977,5169,3396,2054
"26045",2014,2948,3531,2973,2245,1200,2793,3534,3476,2172,1226,5741,7065,6449,4417,2426
"26049",2014,12885,12627,15235,9276,5212,11971,11843,14449,8439,5010,24856,24470,29684,17715,10222
"26055",2014,2431,2730,2441,1726,961,2521,2543,2905,1562,831,4952,5273,5346,3288,1792
"26065",2014,7904,7935,8280,5117,9079,8153,7547,8018,4995,9045,16057,15482,16298,10112,18124
"26073",2014,1809,1951,1622,1050,2526,1803,1349,1815,958,4020,3612,3300,3437,2008,6546
"26075",2014,4670,4889,5492,3045,1798,4072,6012,4158,2927,2153,8742,10901,9650,5972,3951
"26077",2014,7564,8349,8491,4800,4841,7432,7821,7933,4718,4662,14996,16170,16424,9518,9503
"26081",2014,22838,22634,22268,13122,8066,21408,22179,20840,12952,8143,44246,44813,43108,26074,16209
"26087",2014,2097,2399,3401,2259,1287,1923,2427,2908,1842,1144,4020,4826,6309,4101,2431
"26091",2014,2662,3067,3482,2228,1481,2472,3221,2534,2006,1188,5134,6288,6016,4234,2669
"26093",2014,4528,6545,6317,4423,2303,4384,5505,6512,4256,2090,8912,12050,12829,8679,4393
"26099",2014,23608,27320,27210,17970,10031,22694,25955,26330,17097,8991,46302,53275,53540,35067,19022
"26103",2014,1738,1860,1598,1092,1326,1504,1390,2009,998,1527,3242,3250,3607,2090,2853
"26111",2014,2283,2215,2841,1806,1289,2444,3320,1636,1594,1027,4727,5535,4477,3400,2316
"26115",2014,4437,3859,5675,3139,1772,3662,5515,4155,3162,1734,8099,9374,9830,6301,3506
"26121",2014,5539,5912,5765,3783,2029,5115,5647,5665,3769,2348,10654,11559,11430,7552,4377
"26125",2014,35173,39866,38618,26301,14916,32963,36227,39292,24862,13903,68136,76093,77910,51163,28819
"26139",2014,9104,10770,9202,6114,5921,8367,8826,10661,6080,6267,17471,19596,19863,12194,12188
"26145",2014,5486,5770,6358,4265,2888,5850,5319,6390,3436,2865,11336,11089,12748,7701,5753
"26147",2014,4563,4469,6090,3244,1746,3670,5268,4493,3302,1776,8233,9737,10583,6546,3522
"26155",2014,1723,2415,2131,1489,987,1555,1814,2509,1427,825,3278,4229,4640,2916,1812
"26159",2014,2060,2390,2770,1441,991,2720,2386,2772,1641,941,4780,4776,5542,3082,1932
"26161",2014,9684,9813,10177,6445,9545,8955,9159,10220,5902,10078,18639,18972,20397,12347,19623
"26163",2014,59344,57161,62903,37719,22128,55911,55457,60162,36913,21234,115255,112618,123065,74632,43362
"27003",2014,11198,11629,12542,7986,4501,9921,11696,11750,6751,3395,21119,23325,24292,14737,7896
"27013",2014,2009,1693,2038,941,1546,1896,1731,1726,923,1952,3905,3424,3764,1864,3498
"27019",2014,2862,3979,4345,2521,1328,3365,3754,4036,2218,1278,6227,7733,8381,4739,2606
"27037",2014,13741,15153,14419,8903,5112,13218,14203,14582,8877,4197,26959,29356,29001,17780,9309
"27053",2014,40673,40027,35191,21147,14317,39532,37459,35197,20642,14122,80205,77486,70388,41789,28439
"27109",2014,5725,5634,4617,2732,1463,4838,5968,4884,2567,1547,10563,11602,9501,5299,3010
"27123",2014,19057,17013,17663,9840,7797,18571,16435,16749,9321,7333,37628,33448,34412,19161,15130
"27131",2014,2051,2232,2071,1119,1790,1831,2356,1781,1183,1795,3882,4588,3852,2302,3585
"27137",2014,5668,5588,5398,3499,3402,5005,4845,5720,3073,3324,10673,10433,11118,6572,6726
"27139",2014,5598,5263,6830,3603,1745,4635,5496,5758,3109,1458,10233,10759,12588,6712,3203
"27141",2014,3190,4140,3242,2335,1046,2778,3908,3203,2103,1041,5968,8048,6445,4438,2087
"27145",2014,4554,5675,4414,3192,3507,4265,4265,5513,2719,3874,8819,9940,9927,5911,7381
"27163",2014,7160,9131,9123,6154,3092,8087,9099,8559,5438,2606,15247,18230,17682,11592,5698
"27171",2014,4683,5179,6228,3110,1859,4656,4789,5943,2931,1271,9339,9968,12171,6041,3130
"28033",2014,5622,6848,6733,4122,2077,5197,7199,5873,3919,1806,10819,14047,12606,8041,3883
"28035",2014,2854,2160,2674,1827,1211,2457,2211,2360,1119,2707,5311,4371,5034,2946,3918
"28047",2014,7651,6560,7021,3538,3250,6622,6622,6505,3878,2161,14273,13182,13526,7416,5411
"28049",2014,8493,7929,9355,5471,3871,7881,7577,9323,4981,4255,16374,15506,18678,10452,8126
"28059",2014,3950,4780,5582,3577,3055,4383,4871,4986,2161,2000,8333,9651,10568,5738,5055
"28067",2014,3034,2360,2669,1581,1011,1899,2272,2467,1197,752,4933,4632,5136,2778,1763
"28075",2014,3542,2873,2624,1444,1366,1516,3061,2428,1653,1344,5058,5934,5052,3097,2710
"28081",2014,3103,2610,3784,1601,925,2690,2980,3134,2044,1124,5793,5590,6918,3645,2049
"28089",2014,3359,3359,4238,1899,1030,3385,3657,3465,2673,1797,6744,7016,7703,4572,2827
"28121",2014,4309,5608,4901,3560,1820,4622,4660,5001,3260,1383,8931,10268,9902,6820,3203
"29019",2014,4722,5380,4926,2791,4299,5336,4446,4894,2823,5444,10058,9826,9820,5614,9743
"29021",2014,3071,3548,2172,1610,1124,3197,3105,2161,1635,1178,6268,6653,4333,3245,2302
"29031",2014,2277,2520,2433,1355,1338,2425,2005,2189,1500,1372,4702,4525,4622,2855,2710
"29037",2014,3082,3922,3322,2569,1082,2561,3912,3424,2120,997,5643,7834,6746,4689,2079
"29043",2014,2733,3567,2667,1703,835,2397,2979,3012,2026,774,5130,6546,5679,3729,1609
"29047",2014,7734,7848,10096,4757,2515,7073,7994,8437,4449,2692,14807,15842,18533,9206,5207
"29051",2014,2700,3191,1672,1520,745,2113,2150,3086,1197,739,4813,5341,4758,2717,1484
"29071",2014,3391,2826,4282,2082,1072,2983,2954,3391,2176,938,6374,5780,7673,4258,2010
"29077",2014,8682,8406,9081,4441,4098,8452,7085,8935,4906,5465,17134,15491,18016,9347,9563
"29095",2014,24173,23516,23181,13282,7152,23100,22362,21783,12796,7332,47273,45878,44964,26078,14484
"29097",2014,5230,4338,3876,2169,1281,3713,4045,4242,2401,1437,8943,8383,8118,4570,2718
"29099",2014,7054,8470,7463,4855,2351,6593,7309,7368,4581,2191,13647,15779,14831,9436,4542
"29165",2014,2964,2018,4273,2079,1379,2905,3027,3557,1976,1081,5869,5045,7830,4055,2460
"29183",2014,12370,12645,14250,7879,4605,10770,13648,12860,7937,4549,23140,26293,27110,15816,9154
"29187",2014,1681,2501,1702,1146,992,1707,1832,2194,1147,520,3388,4333,3896,2293,1512
"29189",2014,29605,33220,30172,20654,13149,28463,31481,29990,20075,12420,58068,64701,60162,40729,25569
"29510",2014,11635,8011,8391,4799,4087,9671,8750,7832,5012,4819,21306,16761,16223,9811,8906
"30013",2014,2798,3269,2290,1549,806,2531,2397,2407,1456,748,5329,5666,4697,3005,1554
"30029",2014,2648,2342,3925,2075,1314,2490,2585,3215,1712,851,5138,4927,7140,3787,2165
"30031",2014,3114,3073,2569,1388,2023,2762,2736,2813,1458,1704,5876,5809,5382,2846,3727
"30049",2014,2298,1874,2095,1430,1023,1922,2228,1476,1073,1092,4220,4102,3571,2503,2115
"30063",2014,3207,2743,4033,1578,1927,2540,3022,3036,1591,2262,5747,5765,7069,3169,4189
"30111",2014,5423,6141,4176,3119,1788,4766,5213,5519,2607,1901,10189,11354,9695,5726,3689
"31055",2014,21353,21076,18273,11494,7078,19770,19817,18118,10361,7424,41123,40893,36391,21855,14502
"31109",2014,10427,10433,9415,4796,5603,9825,9836,9426,5443,5952,20252,20269,18841,10239,11555
"31153",2014,7339,6864,7098,4079,2574,6342,6556,6861,3484,1772,13681,13420,13959,7563,4346
"32003",2014,67797,72676,70286,41228,24350,63896,71201,65252,39912,22684,131693,143877,135538,81140,47034
"32031",2014,13241,13470,15142,8280,5911,12993,14013,12570,8468,5353,26234,27483,27712,16748,11264
"33005",2014,1655,1713,2127,1821,1512,1620,1912,2196,1164,2736,3275,3625,4323,2985,4248
"33009",2014,2001,2052,2341,1618,1946,2040,2259,1874,1380,2081,4041,4311,4215,2998,4027
"33011",2014,11271,11834,13304,8323,5164,10865,12110,12126,8106,5448,22136,23944,25430,16429,10612
"33013",2014,3531,3259,5036,3166,2477,3447,3927,3956,2922,2282,6978,7186,8992,6088,4759
"33015",2014,7277,8836,9424,6276,3571,6548,8002,9795,5977,2964,13825,16838,19219,12253,6535
"33017",2014,3644,4184,3015,2156,2730,3698,2798,3553,2033,3781,7342,6982,6568,4189,6511
"34001",2014,8162,7424,9649,5773,4272,8476,8229,8200,4918,4154,16638,15653,17849,10691,8426
"34003",2014,25039,28805,30075,19284,11565,23991,27028,29571,18333,10801,49030,55833,59646,37617,22366
"34005",2014,11778,14121,14131,9573,5468,11491,12939,14769,8749,4768,23269,27060,28900,18322,10236
"34007",2014,16560,17932,15869,10827,6201,15601,16459,15881,10179,5560,32161,34391,31750,21006,11761
"34009",2014,2402,3179,1645,1925,1176,2099,2097,1949,1699,847,4501,5276,3594,3624,2023
"34011",2014,5403,6580,3957,3246,1445,5370,5674,4439,2745,1557,10773,12254,8396,5991,3002
"34013",2014,27408,29106,25214,15891,10613,26295,25805,26509,15897,9625,53703,54911,51723,31788,20238
"34015",2014,8156,9325,10233,6031,3575,7742,9079,9645,6568,3063,15898,18404,19878,12599,6638
"34017",2014,23795,18116,17402,10388,7380,22719,16866,17246,9653,6465,46514,34982,34648,20041,13845
"34019",2014,2287,3847,4365,3164,1780,1961,2753,4977,2977,1232,4248,6600,9342,6141,3012
"34021",2014,11051,10754,12436,7241,5710,10707,11756,10235,7140,6639,21758,22510,22671,14381,12349
"34023",2014,25820,24206,27698,16439,12728,24588,25128,25083,15125,11594,50408,49334,52781,31564,24322
"34025",2014,16641,18994,21860,13906,7809,15917,19495,19898,13584,7589,32558,38489,41758,27490,15398
"34027",2014,12801,14059,18537,10861,7063,13053,14608,16834,10596,5756,25854,28667,35371,21457,12819
"34029",2014,20795,18733,20246,11583,5784,19160,18810,18131,10376,5463,39955,37543,38377,21959,11247
"34031",2014,18107,17178,17712,10632,7638,17226,16100,17112,9958,7097,35333,33278,34824,20590,14735
"34033",2014,1590,1984,1934,1570,746,2311,2064,1967,938,568,3901,4048,3901,2508,1314
"34035",2014,9430,9368,13248,7786,4479,8874,9862,11746,6995,3161,18304,19230,24994,14781,7640
"34037",2014,3407,4404,4658,3528,1870,2969,4946,4162,3174,1736,6376,9350,8820,6702,3606
"34039",2014,18184,19814,17768,11348,7156,17800,17908,18431,10859,6662,35984,37722,36199,22207,13818
"34041",2014,2493,2574,4053,2427,1617,2509,2879,3498,2182,1193,5002,5453,7551,4609,2810
"35001",2014,21463,21910,22272,12635,8978,21039,23093,20189,12143,8737,42502,45003,42461,24778,17715
"35005",2014,2307,2972,2041,1724,1495,2270,3117,1786,1450,1108,4577,6089,3827,3174,2603
"35013",2014,8523,8291,7266,4092,4360,7053,7396,7638,4728,4100,15576,15687,14904,8820,8460
"35025",2014,3063,2226,3732,1587,1531,2785,2898,2781,1498,877,5848,5124,6513,3085,2408
"35031",2014,4132,2743,3205,1923,1182,2616,2574,3278,1449,922,6748,5317,6483,3372,2104
"35035",2014,2124,2050,2454,1277,819,2891,1717,2639,868,717,5015,3767,5093,2145,1536
"35043",2014,4053,4640,5400,3083,1557,3755,3623,5977,2771,1722,7808,8263,11377,5854,3279
"35045",2014,4384,5018,4689,2873,1851,4488,5574,4165,2532,1566,8872,10592,8854,5405,3417
"35049",2014,3599,3429,4891,2331,1499,3495,4723,3672,2610,1446,7094,8152,8563,4941,2945
"35061",2014,2019,1769,3666,1710,1026,2499,2414,2689,1881,655,4518,4183,6355,3591,1681
"36001",2014,6671,8013,8335,5447,5857,8765,6802,9655,4831,7486,15436,14815,17990,10278,13343
"36005",2014,55824,50982,49769,30168,21481,52873,50331,47744,29043,19830,108697,101313,97513,59211,41311
"36007",2014,5144,5066,5855,3160,5162,5465,4729,5744,3415,3805,10609,9795,11599,6575,8967
"36009",2014,2125,2306,2712,1630,1044,2536,2307,2568,1454,1367,4661,4613,5280,3084,2411
"36011",2014,2062,2595,2476,1642,1078,1831,1875,2086,1504,1016,3893,4470,4562,3146,2094
"36013",2014,3770,3567,4483,2678,1934,3196,3700,3790,2325,2525,6966,7267,8273,5003,4459
"36015",2014,2640,2968,3100,1559,1263,2610,2054,2865,1399,1090,5250,5022,5965,2958,2353
"36019",2014,2002,2049,2127,1254,1966,1849,1712,2002,1420,1537,3851,3761,4129,2674,3503
"36027",2014,7198,7974,9139,6237,5591,6961,8091,8379,5814,5806,14159,16065,17518,12051,11397
"36029",2014,25564,24695,29587,17422,13607,24330,24784,27247,17280,12656,49894,49479,56834,34702,26263
"36045",2014,5171,4340,3151,2017,2267,5152,3637,3833,2172,1491,10323,7977,6984,4189,3758
"36047",2014,101809,84116,78748,46581,29010,97303,82701,73973,45967,28147,199112,166817,152721,92548,57157
"36051",2014,1421,1557,1926,1250,1466,1227,1416,1845,1097,2479,2648,2973,3771,2347,3945
"36053",2014,1694,2898,1455,1461,1607,1678,2056,1915,1380,1828,3372,4954,3370,2841,3435
"36055",2014,21388,23653,22062,14525,12310,20758,21208,22497,14487,11483,42146,44861,44559,29012,23793
"36059",2014,37425,43744,43135,29291,18284,36230,40506,41699,27965,17198,73655,84250,84834,57256,35482
"36061",2014,43549,33034,28230,17378,15854,41477,30693,28810,17412,20278,85026,63727,57040,34790,36132
"36063",2014,5788,6118,6442,4088,3025,4910,6133,6316,3769,2314,10698,12251,12758,7857,5339
"36065",2014,6797,6292,7663,4313,3979,6606,6104,7509,4146,2833,13403,12396,15172,8459,6812
"36067",2014,13639,13377,15819,9339,7391,13197,13155,14924,9168,8941,26836,26532,30743,18507,16332
"36069",2014,2834,2881,4202,2170,1775,2187,3000,3391,2081,2030,5021,5881,7593,4251,3805
"36071",2014,12728,12472,15679,8903,6321,11898,12778,14777,8528,4728,24626,25250,30456,17431,11049
"36075",2014,3480,3717,3740,2532,2257,3230,3333,3701,2232,2646,6710,7050,7441,4764,4903
"36079",2014,2260,3362,3054,2033,1307,2240,2828,3595,1994,1230,4500,6190,6649,4027,2537
"36081",2014,74698,65956,62302,38905,24797,71936,65619,56787,36743,23169,146634,131575,119089,75648,47966
"36083",2014,4082,4702,4975,2865,3526,3863,4333,4271,3126,2440,7945,9035,9246,5991,5966
"36085",2014,13912,14686,15775,9211,5357,13761,13899,14819,9276,5107,27673,28585,30594,18487,10464
"36087",2014,12591,14705,11136,7728,4979,11834,12259,12164,7476,4611,24425,26964,23300,15204,9590
"36089",2014,3165,3343,3299,2013,3037,3003,3097,3125,1790,2702,6168,6440,6424,3803,5739
"36091",2014,5671,6865,7087,4372,2571,5727,6105,7030,4467,2919,11398,12970,14117,8839,5490
"36093",2014,5154,4629,5288,2975,2667,4180,3456,6346,2569,2071,9334,8085,11634,5544,4738
"36101",2014,2661,2936,3481,2069,1222,2879,3406,2575,1827,1229,5540,6342,6056,3896,2451
"36103",2014,41268,46215,50789,32578,21061,39440,42795,49796,31359,18882,80708,89010,100585,63937,39943
"36105",2014,2346,2429,2043,1547,949,2429,2397,1804,1408,672,4775,4826,3847,2955,1621
"36109",2014,2141,2105,2577,1463,5415,2825,2013,1628,1423,5171,4966,4118,4205,2886,10586
"36111",2014,3909,4316,5620,3125,2383,3946,4522,4996,3008,2720,7855,8838,10616,6133,5103
"36113",2014,1438,1524,1815,1141,655,1880,1678,1371,1233,418,3318,3202,3186,2374,1073
"36117",2014,2439,2656,2755,1848,1082,2729,3037,3200,1799,882,5168,5693,5955,3647,1964
"36119",2014,28271,31468,33428,21166,13050,26931,28208,33047,19846,13305,55202,59676,66475,41012,26355
"37001",2014,5303,6227,4027,3092,2700,3941,4678,5358,2657,3120,9244,10905,9385,5749,5820
"37019",2014,2952,3655,3608,1996,998,1793,2646,2476,1408,1694,4745,6301,6084,3404,2692
"37021",2014,5771,7181,8818,3605,3450,7005,6967,5008,3877,2498,12776,14148,13826,7482,5948
"37023",2014,2402,2519,2409,1660,1513,2171,2162,2863,1594,1143,4573,4681,5272,3254,2656
"37025",2014,6312,7029,8210,4937,3487,5816,7435,7149,3688,2125,12128,14464,15359,8625,5612
"37027",2014,1954,2578,2157,858,914,2141,2470,2905,2125,1237,4095,5048,5062,2983,2151
"37031",2014,1849,1646,1693,1181,597,1562,2054,1564,1234,606,3411,3700,3257,2415,1203
"37035",2014,4619,5057,5647,2971,1807,4025,5080,5202,2899,1954,8644,10137,10849,5870,3761
"37037",2014,1808,2862,2299,1421,937,1091,2091,2106,757,902,2899,4953,4405,2178,1839
"37045",2014,2813,2738,3462,1540,1524,2880,3194,3307,1732,1849,5693,5932,6769,3272,3373
"37049",2014,4164,3281,2703,2085,1872,3255,3446,3300,1643,1008,7419,6727,6003,3728,2880
"37051",2014,13675,12038,10677,6183,4855,12744,11250,10921,6442,3976,26419,23288,21598,12625,8831
"37057",2014,4889,5278,5687,3225,1759,3734,5525,5242,3707,1787,8623,10803,10929,6932,3546
"37063",2014,10878,10112,7526,4333,3358,10074,8564,9141,4433,4516,20952,18676,16667,8766,7874
"37067",2014,11729,12240,13020,7118,5292,11159,12472,12157,6948,5640,22888,24712,25177,14066,10932
"37071",2014,7153,6272,7443,4104,3000,5784,7359,6045,4287,2542,12937,13631,13488,8391,5542
"37081",2014,16224,15136,18350,9926,7482,15189,16640,15593,9596,9176,31413,31776,33943,19522,16658
"37085",2014,4824,5314,4595,2892,1912,4667,4660,4978,2311,1756,9491,9974,9573,5203,3668
"37089",2014,2684,3003,3215,2114,866,2623,2718,3684,1851,685,5307,5721,6899,3965,1551
"37097",2014,4634,5455,6247,3771,2375,4802,5459,6183,3187,1875,9436,10914,12430,6958,4250
"37101",2014,5695,7438,7017,3387,1964,6276,5954,9243,3184,2709,11971,13392,16260,6571,4673
"37109",2014,2168,2615,2145,1548,1012,2090,2326,2926,1678,725,4258,4941,5071,3226,1737
"37119",2014,35954,36367,34131,19539,13067,34766,36187,32765,19000,12546,70720,72554,66896,38539,25613
"37125",2014,2201,3518,3216,1817,758,2200,3274,2476,1511,297,4401,6792,5692,3328,1055
"37127",2014,3205,3107,3123,1938,1875,2328,2210,3540,1975,2122,5533,5317,6663,3913,3997
"37129",2014,5373,6682,5853,3160,3004,5845,5258,5650,3862,3990,11218,11940,11503,7022,6994
"37133",2014,9461,7182,4841,3070,5845,8912,6461,5089,2594,2551,18373,13643,9930,5664,8396
"37135",2014,3319,4570,4238,3754,3956,2654,3625,4118,2367,5357,5973,8195,8356,6121,9313
"37147",2014,5490,5929,5612,3239,3765,5179,4693,5462,2846,4743,10669,10622,11074,6085,8508
"37151",2014,4182,4803,5057,3072,1879,3865,4861,5233,2919,1285,8047,9664,10290,5991,3164
"37155",2014,4663,5965,3993,3002,2043,4982,5459,3915,2936,2097,9645,11424,7908,5938,4140
"37157",2014,2395,2495,3116,1457,953,2223,3314,2398,1928,901,4618,5809,5514,3385,1854
"37159",2014,4027,4661,4780,3113,2173,3574,4253,4557,2574,1715,7601,8914,9337,5687,3888
"37161",2014,1997,2272,1911,1412,817,1985,1680,2115,1200,1186,3982,3952,4026,2612,2003
"37171",2014,1859,2584,1695,1478,907,1958,2127,2696,1776,746,3817,4711,4391,3254,1653
"37179",2014,6111,9526,10213,5850,3912,7016,7456,11057,5284,3466,13127,16982,21270,11134,7378
"37183",2014,33042,33984,39254,20629,14162,31944,36669,34235,20230,13443,64986,70653,73489,40859,27605
"37191",2014,3745,4823,3831,2650,2477,4632,4615,3815,1908,1626,8377,9438,7646,4558,4103
"37193",2014,1499,1395,3072,794,625,1432,2015,2402,1951,1260,2931,3410,5474,2745,1885
"37195",2014,2397,3219,2474,1237,810,2332,3060,2638,1865,1082,4729,6279,5112,3102,1892
"38015",2014,2869,2985,2813,1704,1091,2932,3455,1826,1958,1191,5801,6440,4639,3662,2282
"38017",2014,5393,6370,3811,2542,3134,5868,5577,4732,2631,3013,11261,11947,8543,5173,6147
"38035",2014,2736,2026,1392,866,2216,2282,1971,2285,922,2603,5018,3997,3677,1788,4819
"38101",2014,2492,2665,1449,1112,1307,2672,1990,2077,1088,1042,5164,4655,3526,2200,2349
"39003",2014,3433,3523,3906,1948,2259,2709,3917,3126,2152,1233,6142,7440,7032,4100,3492
"39007",2014,3115,3122,3242,2137,1027,2566,2876,3634,1799,893,5681,5998,6876,3936,1920
"39013",2014,1724,2143,1704,1110,615,1628,2056,1628,1275,590,3352,4199,3332,2385,1205
"39017",2014,12117,13466,13036,7906,6912,11185,11920,13556,7836,6255,23302,25386,26592,15742,13167
"39023",2014,4814,4303,4558,2592,1510,3481,3611,4999,2897,1981,8295,7914,9557,5489,3491
"39025",2014,5985,7107,7294,4178,2093,5632,7947,6017,3916,2128,11617,15054,13311,8094,4221
"39029",2014,2683,2709,3744,2181,1148,2933,2961,3051,1968,1494,5616,5670,6795,4149,2642
"39035",2014,36944,35997,40070,24714,16549,35376,37709,36336,23933,14991,72320,73706,76406,48647,31540
"39041",2014,6271,9164,7142,4534,2396,5362,6649,8739,4313,2414,11633,15813,15881,8847,4810
"39043",2014,2106,2925,1965,1635,917,1611,2187,1809,1690,864,3717,5112,3774,3325,1781
"39045",2014,3997,4306,7112,3688,2083,4068,4583,5457,3588,1724,8065,8889,12569,7276,3807
"39049",2014,45006,42363,38106,22797,18386,43646,41345,36461,21799,17257,88652,83708,74567,44596,35643
"39055",2014,2392,3589,3370,2253,1222,2581,3359,3153,2205,1086,4973,6948,6523,4458,2308
"39057",2014,5083,4485,5538,2933,3343,3991,4551,4093,3035,3395,9074,9036,9631,5968,6738
"39061",2014,27557,26659,25944,15596,11032,25889,26024,25174,14839,10844,53446,52683,51118,30435,21876
"39063",2014,2111,2442,2238,1384,1069,2205,2336,2689,1509,1815,4316,4778,4927,2893,2884
"39081",2014,2035,1514,1910,1835,922,1379,1568,1756,1236,898,3414,3082,3666,3071,1820
"39085",2014,5701,6032,8110,4139,2591,5460,6348,7020,4980,2345,11161,12380,15130,9119,4936
"39089",2014,5103,6539,5384,3522,2288,4547,6203,4994,3741,2133,9650,12742,10378,7263,4421
"39093",2014,9045,9490,10981,6390,3905,8055,10118,9010,6094,4584,17100,19608,19991,12484,8489
"39095",2014,14138,14723,14315,8743,5985,13446,13637,13948,8137,6096,27584,28360,28263,16880,12081
"39099",2014,5871,7226,6494,4594,2861,6046,5695,7371,4477,2782,11917,12921,13865,9071,5643
"39101",2014,1987,2269,1401,1241,715,1672,1741,1971,1403,636,3659,4010,3372,2644,1351
"39103",2014,4762,6180,5974,4129,2364,4660,4962,6718,3996,1895,9422,11142,12692,8125,4259
"39109",2014,3609,3136,3739,2336,1358,3180,3294,3004,1989,1115,6789,6430,6743,4325,2473
"39113",2014,16781,16459,17724,10496,7034,15919,15040,17404,10030,6395,32700,31499,35128,20526,13429
"39119",2014,2939,2825,2675,2068,1194,2488,2686,2525,1687,1070,5427,5511,5200,3755,2264
"39133",2014,3557,4085,5562,3072,3651,3304,3848,4540,2968,4190,6861,7933,10102,6040,7841
"39139",2014,3320,4512,3664,2584,1623,3018,3649,3964,2006,1196,6338,8161,7628,4590,2819
"39141",2014,2218,2886,2172,1784,892,1856,2117,2195,1574,872,4074,5003,4367,3358,1764
"39145",2014,2101,1817,3149,1613,722,2172,1695,3040,1520,993,4273,3512,6189,3133,1715
"39151",2014,10389,11494,12231,7507,5500,10077,11093,11858,7457,4319,20466,22587,24089,14964,9819
"39153",2014,15705,15638,17489,11012,7212,15290,16145,15529,10860,6542,30995,31783,33018,21872,13754
"39155",2014,5335,6509,5818,4062,2231,5489,5116,6644,4120,2158,10824,11625,12462,8182,4389
"39157",2014,2715,3653,2731,2080,1000,2371,2767,3048,1874,964,5086,6420,5779,3954,1964
"39165",2014,7240,8105,8713,5400,2611,6609,6742,9575,4785,2368,13849,14847,18288,10185,4979
"39169",2014,3917,4259,4165,2387,1696,3573,3951,3603,2410,1791,7490,8210,7768,4797,3487
"39173",2014,3608,3794,3984,2373,2841,3492,3387,3865,2326,4054,7100,7181,7849,4699,6895
"40017",2014,4459,5251,4097,3000,1518,4450,5175,4595,2873,1538,8909,10426,8692,5873,3056
"40027",2014,8051,8943,8616,4723,5661,7905,8170,8824,5046,5567,15956,17113,17440,9769,11228
"40031",2014,5006,4485,3884,2412,4524,4472,5036,3119,2282,2837,9478,9521,7003,4694,7361
"40037",2014,2134,2418,2567,1677,720,2241,1760,2684,1633,891,4375,4178,5251,3310,1611
"40101",2014,2552,2610,2521,1635,1313,2048,2161,2350,1261,1139,4600,4771,4871,2896,2452
"40109",2014,30778,28132,26771,14496,9506,29171,28474,23771,14438,8653,59949,56606,50542,28934,18159
"40119",2014,2372,1985,2285,1423,2741,2624,1993,1823,944,2972,4996,3978,4108,2367,5713
"40125",2014,2326,2378,2610,1442,1185,2426,2402,2445,1435,1059,4752,4780,5055,2877,2244
"40131",2014,2611,3163,3354,2267,1175,2480,3266,2842,2035,1083,5091,6429,6196,4302,2258
"40143",2014,23582,24046,21625,13027,7662,22871,22236,21084,12395,7359,46453,46282,42709,25422,15021
"40145",2014,2486,2871,2711,1850,839,2257,3015,2385,1428,865,4743,5886,5096,3278,1704
"41003",2014,1797,2098,1969,1589,3136,1688,2294,1972,1321,2612,3485,4392,3941,2910,5748
"41005",2014,10759,12047,14414,8877,5372,10344,10652,13003,7934,3966,21103,22699,27417,16811,9338
"41017",2014,4266,6017,5282,3477,1396,4603,3243,6819,2951,1015,8869,9260,12101,6428,2411
"41019",2014,2411,2548,2846,2577,1312,2550,2771,2981,1846,996,4961,5319,5827,4423,2308
"41029",2014,6014,6205,6658,4266,2650,5753,5944,6160,3396,2598,11767,12149,12818,7662,5248
"41033",2014,1954,1771,2637,1923,392,2082,2164,2239,1488,699,4036,3935,4876,3411,1091
"41035",2014,1753,2270,1963,1174,1024,1817,2160,2084,971,676,3570,4430,4047,2145,1700
"41039",2014,9038,10257,9515,5804,6545,8203,9338,10700,5709,5794,17241,19595,20215,11513,12339
"41043",2014,3927,4042,4151,2599,1262,3276,3385,3949,2511,967,7203,7427,8100,5110,2229
"41047",2014,11502,13455,10193,6974,4616,10588,13314,10203,6648,4372,22090,26769,20396,13622,8988
"41051",2014,23446,21092,22292,11763,8110,22227,22609,18499,11481,8598,45673,43701,40791,23244,16708
"41053",2014,1937,2626,2654,1499,1445,2411,2744,2166,2091,1981,4348,5370,4820,3590,3426
"41059",2014,2282,3429,2325,1799,1222,3260,2688,2896,1376,716,5542,6117,5221,3175,1938
"41067",2014,18785,18836,20936,11367,6432,18412,18825,18877,10951,6074,37197,37661,39813,22318,12506
"41071",2014,3034,2742,3984,1819,1856,2651,3180,3741,2403,1906,5685,5922,7725,4222,3762
"42001",2014,2567,3490,2897,2034,1468,2292,2504,3280,1929,1329,4859,5994,6177,3963,2797
"42003",2014,32943,32081,33637,20875,16242,31723,28619,34469,20122,17064,64666,60700,68106,40997,33306
"42005",2014,1777,1696,2095,1396,727,1645,1665,1937,1123,621,3422,3361,4032,2519,1348
"42007",2014,4350,4527,5191,3066,1906,4215,5348,3990,2570,1454,8565,9875,9181,5636,3360
"42011",2014,12031,12041,15191,8995,6424,12231,12626,13164,8162,6108,24262,24667,28355,17157,12532
"42013",2014,3305,3698,4081,2135,1542,3086,3811,3646,2137,1436,6391,7509,7727,4272,2978
"42017",2014,15674,19268,20202,13097,8085,15092,18594,18824,13104,7091,30766,37862,39026,26201,15176
"42019",2014,4576,5355,5818,3977,2600,4573,3963,6867,3646,3218,9149,9318,12685,7623,5818
"42021",2014,3548,3824,3791,2303,1934,3325,4037,3664,2053,1935,6873,7861,7455,4356,3869
"42025",2014,1390,2681,1954,1197,560,1814,1275,2167,1019,441,3204,3956,4121,2216,1001
"42027",2014,3745,2638,3835,2396,8192,3278,3850,3273,1927,6191,7023,6488,7108,4323,14383
"42029",2014,14985,16561,18815,11339,6868,14219,16694,17307,10159,6950,29204,33255,36122,21498,13818
"42033",2014,1828,1442,2941,1406,834,1827,2117,2201,1302,797,3655,3559,5142,2708,1631
"42037",2014,1482,1875,1712,1098,1442,1436,1794,1679,952,2249,2918,3669,3391,2050,3691
"42039",2014,2450,3033,2553,1818,1303,2117,2048,3159,1489,1447,4567,5081,5712,3307,2750
"42041",2014,5975,6507,7575,4202,3466,6847,6394,7866,4047,3854,12822,12901,15441,8249,7320
"42043",2014,8168,9829,7628,5536,3211,8315,7874,8655,5038,2647,16483,17703,16283,10574,5858
"42045",2014,17116,16269,19241,11613,9188,16583,16355,17918,10934,9391,33699,32624,37159,22547,18579
"42049",2014,8138,8416,9260,5475,4487,7912,7494,8721,5223,4544,16050,15910,17981,10698,9031
"42051",2014,3476,3740,3745,2353,1421,3128,3502,3773,2404,1314,6604,7242,7518,4757,2735
"42055",2014,4625,4227,5773,3683,1534,4557,4504,5075,2693,1727,9182,8731,10848,6376,3261
"42063",2014,2097,2253,2522,1397,2211,1967,2160,2169,1483,2584,4064,4413,4691,2880,4795
"42069",2014,5622,6628,5587,3906,3414,5606,5931,5840,3457,3362,11228,12559,11427,7363,6776
"42071",2014,18318,19194,17409,10868,7628,16924,17512,17902,10426,7375,35242,36706,35311,21294,15003
"42073",2014,2361,2296,2798,1873,1069,2323,2490,2317,1729,986,4684,4786,5115,3602,2055
"42075",2014,4392,5049,3287,2686,1588,3904,4789,4645,2510,1703,8296,9838,7932,5196,3291
"42077",2014,10573,9858,13627,6923,4510,10630,11538,10776,7429,5021,21203,21396,24403,14352,9531
"42079",2014,8729,9774,8165,6116,4448,7411,7480,9416,5356,4303,16140,17254,17581,11472,8751
"42081",2014,3100,4071,3635,1968,2020,3006,2608,3466,2291,1420,6106,6679,7101,4259,3440
"42085",2014,2943,3231,2960,2449,1980,3417,3053,3016,2184,1806,6360,6284,5976,4633,3786
"42089",2014,3671,5606,4982,3627,3122,3473,5060,5123,3813,2889,7144,10666,10105,7440,6011
"42091",2014,23458,24636,27119,16665,9743,22382,23345,26327,15614,9755,45840,47981,53446,32279,19498
"42095",2014,7628,9589,9498,6385,5105,6841,7249,10092,5126,4557,14469,16838,19590,11511,9662
"42097",2014,2274,2267,3092,1798,1128,2315,2582,2685,1423,739,4589,4849,5777,3221,1867
"42101",2014,56072,44167,48921,26688,23212,54151,45933,44143,26272,23886,110223,90100,93064,52960,47098
"42107",2014,3434,3720,4979,2486,1289,3486,4058,3947,2437,1178,6920,7778,8926,4923,2467
"42111",2014,1606,2044,1966,1315,776,1634,1924,1942,1273,771,3240,3968,3908,2588,1547
"42125",2014,5352,5787,5861,3788,3292,4928,5353,6333,3582,2822,10280,11140,12194,7370,6114
"42129",2014,8641,9755,9633,6412,4106,8041,8366,10438,6168,3809,16682,18121,20071,12580,7915
"42133",2014,12847,13027,16185,9072,5966,12217,13475,13597,8232,4874,25064,26502,29782,17304,10840
"44003",2014,3835,4773,4569,2951,1589,4085,4318,4366,2815,1103,7920,9091,8935,5766,2692
"44005",2014,2113,1840,2410,1667,1365,1517,1534,2188,1818,1321,3630,3374,4598,3485,2686
"44007",2014,18572,20018,17480,12115,10273,17699,17148,18939,11276,11061,36271,37166,36419,23391,21334
"44009",2014,2465,2655,4254,2545,3328,2320,2640,3613,2448,3275,4785,5295,7867,4993,6603
"45003",2014,5359,5056,5408,3396,2253,4300,4727,5069,3057,1983,9659,9783,10477,6453,4236
"45007",2014,5531,6464,6660,4003,2516,5542,7045,5615,4031,2525,11073,13509,12275,8034,5041
"45013",2014,5071,6371,3887,2257,3393,4855,4825,5043,2890,2197,9926,11196,8930,5147,5590
"45015",2014,6959,7656,6067,4047,2725,6489,6848,6449,3543,2218,13448,14504,12516,7590,4943
"45019",2014,11848,11679,9800,5774,5841,11184,10421,10207,5778,4904,23032,22100,20007,11552,10745
"45031",2014,2033,2500,1986,1723,1360,1917,2580,1813,1081,1092,3950,5080,3799,2804,2452
"45035",2014,5440,6070,5083,3081,2122,3755,5398,5203,3665,1864,9195,11468,10286,6746,3986
"45041",2014,4446,5385,4247,2707,1890,4357,3867,5636,2791,2014,8803,9252,9883,5498,3904
"45045",2014,15984,17385,15074,9430,6133,14911,15349,15990,8911,6688,30895,32734,31064,18341,12821
"45047",2014,1744,2141,2882,1020,1021,2233,2280,2044,1761,1085,3977,4421,4926,2781,2106
"45051",2014,8396,7051,9322,4782,3019,7346,7541,8471,4832,3365,15742,14592,17793,9614,6384
"45057",2014,2849,2745,1908,2092,938,1960,2700,2943,1108,711,4809,5445,4851,3200,1649
"45059",2014,1736,2562,2260,1135,1269,1721,2341,1583,1556,856,3457,4903,3843,2691,2125
"45063",2014,8875,8969,10105,5713,2554,8085,8996,9720,5298,3082,16960,17965,19825,11011,5636
"45073",2014,1785,2214,2642,1341,537,2180,2209,1588,1358,536,3965,4423,4230,2699,1073
"45075",2014,2372,3391,2288,2083,1480,2922,3061,2524,1291,1661,5294,6452,4812,3374,3141
"45077",2014,3177,4179,2693,1903,3604,3631,3023,3348,1911,3266,6808,7202,6041,3814,6870
"45079",2014,11576,13377,11331,7458,9421,12180,11974,12792,7489,9784,23756,25351,24123,14947,19205
"45083",2014,9496,10179,10113,5610,4394,9084,9602,9736,5499,3411,18580,19781,19849,11109,7805
"45085",2014,3597,3807,3887,1892,2063,3441,3541,4008,2502,1145,7038,7348,7895,4394,3208
"45091",2014,7836,8459,9154,5642,3483,7662,7976,8502,5456,3228,15498,16435,17656,11098,6711
"46099",2014,7876,5748,6874,3334,2866,6232,5752,6717,3353,2652,14108,11500,13591,6687,5518
"46103",2014,3861,3447,4255,1665,1422,3948,4324,2722,1730,1009,7809,7771,6977,3395,2431
"47001",2014,1988,2821,1884,1350,690,1875,2325,1938,1443,706,3863,5146,3822,2793,1396
"47009",2014,3553,4088,3534,2558,1505,2733,3854,3977,2486,1384,6286,7942,7511,5044,2889
"47011",2014,2381,3664,3643,2195,1396,3041,3055,3544,1654,1646,5422,6719,7187,3849,3042
"47037",2014,22900,20684,18586,9901,9278,23622,19308,18898,10128,9066,46522,39992,37484,20029,18344
"47059",2014,1450,1942,1893,1350,965,1760,1707,2335,1143,721,3210,3649,4228,2493,1686
"47065",2014,10578,11002,10295,5670,4951,10037,11081,9861,5655,4930,20615,22083,20156,11325,9881
"47093",2014,13660,14543,12853,7986,7074,12637,13694,13336,7442,6702,26297,28237,26189,15428,13776
"47113",2014,3144,3201,3094,2322,1510,3291,3165,3009,1335,1833,6435,6366,6103,3657,3343
"47119",2014,2953,2184,3350,1658,611,2595,3285,2418,1845,1204,5548,5469,5768,3503,1815
"47125",2014,8063,7145,7149,3409,2554,8149,7575,6699,3482,2484,16212,14720,13848,6891,5038
"47141",2014,1839,2063,2700,1434,1814,2184,2188,1748,1484,1559,4023,4251,4448,2918,3373
"47147",2014,2121,2658,2538,1703,889,2398,2130,2361,1419,512,4519,4788,4899,3122,1401
"47149",2014,9298,11932,9418,5576,5629,9332,10490,9743,6455,5428,18630,22422,19161,12031,11057
"47155",2014,2819,3135,3539,1855,1512,2169,2652,2525,1696,1128,4988,5787,6064,3551,2640
"47157",2014,35259,33012,33210,20213,12671,32940,30770,34171,19789,12878,68199,63782,67381,40002,25549
"47163",2014,3815,4663,4868,2839,2032,3894,4200,4148,2871,1662,7709,8863,9016,5710,3694
"47165",2014,5866,6426,6393,3521,2410,4766,5826,5310,4034,1998,10632,12252,11703,7555,4408
"47179",2014,2935,3621,3289,2075,2401,3608,2910,4357,2107,2323,6543,6531,7646,4182,4724
"47187",2014,6737,7727,9755,6362,2320,5429,7439,9306,4865,2206,12166,15166,19061,11227,4526
"47189",2014,3729,4385,4977,2766,1497,3453,4381,3854,2842,903,7182,8766,8831,5608,2400
"48005",2014,3555,3762,2773,1823,1229,2579,3328,3057,2029,1941,6134,7090,5830,3852,3170
"48021",2014,3307,3529,2645,1166,1569,1632,2106,3201,2421,999,4939,5635,5846,3587,2568
"48027",2014,14239,12859,12653,6727,4957,14347,11741,12264,6400,4082,28586,24600,24917,13127,9039
"48029",2014,68390,68730,69096,40671,29191,66037,72891,61046,38890,25612,134427,141621,130142,79561,54803
"48037",2014,3026,4333,2408,1570,1516,2755,3344,2697,2148,836,5781,7677,5105,3718,2352
"48039",2014,11974,13126,13412,6422,3791,12035,13297,12789,7756,3649,24009,26423,26201,14178,7440
"48041",2014,6553,6145,5880,3502,8578,6480,5889,5504,3106,6994,13033,12034,11384,6608,15572
"48061",2014,19008,18763,18766,11198,6717,18063,17338,19374,10312,6720,37071,36101,38140,21510,13437
"48085",2014,29141,32720,39364,21131,11166,28173,34335,34974,20531,9239,57314,67055,74338,41662,20405
"48091",2014,3627,4280,4024,2390,1498,3536,3409,4726,3040,2356,7163,7689,8750,5430,3854
"48099",2014,2460,2477,2962,1356,1635,3081,2360,2823,1240,682,5541,4837,5785,2596,2317
"48113",2014,99210,96759,96252,52946,33460,94918,97885,87484,51131,31300,194128,194644,183736,104077,64760
"48121",2014,26033,28456,29651,16587,10586,24332,26983,28560,15935,10596,50365,55439,58211,32522,21182
"48135",2014,7128,7034,6156,3194,1873,6953,5833,6142,3049,1485,14081,12867,12298,6243,3358
"48139",2014,5142,5985,6819,4074,1872,5221,7482,4994,3376,2017,10363,13467,11813,7450,3889
"48141",2014,35272,29740,35688,19777,14437,32431,29886,33562,19226,12580,67703,59626,69250,39003,27017
"48157",2014,23905,29515,27949,16981,9123,22682,27249,26832,16350,8233,46587,56764,54781,33331,17356
"48167",2014,10452,10945,11599,6988,4111,9863,10369,10980,6408,3666,20315,21314,22579,13396,7777
"48181",2014,3692,4477,4280,2589,1765,3741,4274,4004,2462,1390,7433,8751,8284,5051,3155
"48183",2014,5148,5252,3973,2929,1202,4396,4389,3948,1935,1691,9544,9641,7921,4864,2893
"48187",2014,4750,5526,5417,3437,1928,4393,5036,6037,3689,2150,9143,10562,11454,7126,4078
"48201",2014,174788,171868,169778,97001,58674,168756,171568,159209,92264,54272,343544,343436,328987,189265,112946
"48203",2014,2417,3039,2169,1938,2439,1704,3049,1783,677,747,4121,6088,3952,2615,3186
"48209",2014,5670,6567,6302,3873,4305,5274,6645,5775,3343,4495,10944,13212,12077,7216,8800
"48213",2014,2357,3551,2315,1589,1146,1495,2254,2293,1579,923,3852,5805,4608,3168,2069
"48215",2014,41100,39498,38219,22664,13783,39007,37655,38836,21724,13868,80107,77153,77055,44388,27651
"48231",2014,3017,3268,3366,1855,1151,2415,2786,2451,2065,1270,5432,6054,5817,3920,2421
"48245",2014,8585,9156,7521,4753,4075,8720,8389,7928,4704,3241,17305,17545,15449,9457,7316
"48251",2014,5243,5690,6698,3130,1838,4860,6477,4947,4227,1959,10103,12167,11645,7357,3797
"48257",2014,3551,4762,4158,2980,1833,4122,4127,4786,2350,1801,7673,8889,8944,5330,3634
"48291",2014,2151,3188,3137,1789,744,2034,2271,2813,2206,1490,4185,5459,5950,3995,2234
"48303",2014,10469,10275,9765,5597,6494,9650,8408,12007,5098,6575,20119,18683,21772,10695,13069
"48309",2014,8768,8885,7753,5642,5787,8260,7966,8558,4387,5656,17028,16851,16311,10029,11443
"48329",2014,6495,6371,5805,3645,2089,6509,6650,4648,2796,1612,13004,13021,10453,6441,3701
"48339",2014,17283,20026,20759,12346,6352,17744,15614,23489,11626,6201,35027,35640,44248,23972,12553
"48347",2014,2457,2184,2474,1290,1624,1950,2422,1348,1136,2370,4407,4606,3822,2426,3994
"48355",2014,12033,12953,12519,7364,4850,12053,11621,13488,7865,4674,24086,24574,26007,15229,9524
"48361",2014,3368,2415,3213,1647,653,2462,3079,2716,1774,1608,5830,5494,5929,3421,2261
"48367",2014,3660,4410,4297,2700,1712,3578,3511,5113,2754,1358,7238,7921,9410,5454,3070
"48375",2014,4967,5480,3516,2573,1635,5127,5537,3711,2478,1102,10094,11017,7227,5051,2737
"48381",2014,4429,5054,4184,3194,1662,3832,4970,3611,2109,1664,8261,10024,7795,5303,3326
"48397",2014,2667,3190,4162,2110,1633,2398,3012,3975,2787,1140,5065,6202,8137,4897,2773
"48409",2014,2536,3297,2099,1751,851,2424,2190,2621,1382,393,4960,5487,4720,3133,1244
"48423",2014,7002,7660,7947,4687,3333,8221,6714,7732,4624,3723,15223,14374,15679,9311,7056
"48439",2014,71780,78108,74648,43402,25510,70399,71329,75660,41630,24872,142179,149437,150308,85032,50382
"48441",2014,5052,4819,4563,3018,3448,4827,4809,4255,1966,2642,9879,9628,8818,4984,6090
"48451",2014,3901,3769,4419,2070,1860,3752,4138,3019,2275,1526,7653,7907,7438,4345,3386
"48453",2014,40648,38640,36227,20053,15455,38243,40329,31819,19250,14328,78891,78969,68046,39303,29783
"48469",2014,3255,3815,2772,2003,1209,3522,2659,3502,1872,996,6777,6474,6274,3875,2205
"48471",2014,1237,1433,1660,588,2046,910,2668,1552,811,2281,2147,4101,3212,1399,4327
"48479",2014,13712,12112,12554,7332,4683,12882,13015,11998,7022,4678,26594,25127,24552,14354,9361
"48485",2014,4978,4481,3920,1985,3083,3590,4757,3949,2128,1057,8568,9238,7869,4113,4140
"48491",2014,17124,19000,20371,11914,5926,16272,20476,17390,10203,5773,33396,39476,37761,22117,11699
"49005",2014,5957,5463,4830,2845,2197,5021,5041,5196,2541,2762,10978,10504,10026,5386,4959
"49011",2014,15046,16420,17468,8914,4605,14031,16444,14096,8174,3804,29077,32864,31564,17088,8409
"49035",2014,44791,43430,45844,25161,13791,43055,44956,39808,22263,13151,87846,88386,85652,47424,26942
"49049",2014,29608,29185,27363,14607,10515,27379,27763,25595,14103,11741,56987,56948,52958,28710,22256
"49053",2014,5834,6647,6042,3457,1808,4725,6317,5943,3316,1770,10559,12964,11985,6773,3578
"49057",2014,9485,9434,11217,5638,3218,9159,9820,9712,5700,2812,18644,19254,20929,11338,6030
"50007",2014,4973,4248,4190,2590,3832,3727,4168,3394,2815,4319,8700,8416,7584,5405,8151
"51003",2014,2708,2992,3819,1831,2590,2593,2598,3183,2197,2961,5301,5590,7002,4028,5551
"51013",2014,7055,5728,4665,2298,1234,7025,4624,5169,2372,870,14080,10352,9834,4670,2104
"51015",2014,1563,2383,2081,1414,904,1547,2372,1767,1301,459,3110,4755,3848,2715,1363
"51019",2014,1811,2374,2015,1662,863,1666,1893,2630,1727,512,3477,4267,4645,3389,1375
"51041",2014,9739,12749,11543,7846,5541,9262,11100,11686,7457,5219,19001,23849,23229,15303,10760
"51059",2014,39058,40059,36627,23199,14008,37258,37720,35535,21788,13170,76316,77779,72162,44987,27178
"51061",2014,1815,2561,2797,1572,920,2054,2002,2286,1254,608,3869,4563,5083,2826,1528
"51069",2014,2700,2350,3092,1688,804,2193,3209,2424,1740,978,4893,5559,5516,3428,1782
"51085",2014,2758,3426,3333,2372,1337,2355,3324,3349,2233,1531,5113,6750,6682,4605,2868
"51087",2014,10033,10393,11483,6261,3756,10197,8801,11867,6363,3127,20230,19194,23350,12624,6883
"51095",2014,1540,1905,2224,1630,951,1320,1922,2600,2011,805,2860,3827,4824,3641,1756
"51107",2014,14603,16292,15325,8140,4434,13503,14211,16521,7988,3629,28106,30503,31846,16128,8063
"51121",2014,2160,2175,1806,1442,4948,1955,2892,1709,1428,4352,4115,5067,3515,2870,9300
"51153",2014,18028,19514,16395,10035,5366,17648,17796,16421,9585,5163,35676,37310,32816,19620,10529
"51161",2014,2262,2432,3065,2023,967,2270,2308,2963,2119,1219,4532,4740,6028,4142,2186
"51165",2014,1973,2137,3181,1415,1117,2252,1705,2887,2078,1290,4225,3842,6068,3493,2407
"51177",2014,4135,5198,5141,3033,1497,3726,4994,4076,2857,1259,7861,10192,9217,5890,2756
"51179",2014,5027,4883,6073,3673,1800,3808,4608,5968,3362,1912,8835,9491,12041,7035,3712
"51199",2014,1882,1426,2164,1551,998,2177,1534,3305,1938,435,4059,2960,5469,3489,1433
"51510",2014,5461,3820,2447,1118,1052,5927,4064,2623,1484,1024,11388,7884,5070,2602,2076
"51550",2014,7216,8259,8250,5150,3198,7112,7505,8365,5093,2523,14328,15764,16615,10243,5721
"51650",2014,4186,5037,3570,2516,2135,4322,4058,3810,2231,2507,8508,9095,7380,4747,4642
"51680",2014,2566,1699,2518,946,3118,2394,2099,1619,1758,3302,4960,3798,4137,2704,6420
"51700",2014,6466,6846,5075,3025,5484,6740,6718,4586,3418,3208,13206,13564,9661,6443,8692
"51710",2014,8921,7319,6136,3349,6033,8080,7593,5241,3257,4320,17001,14912,11377,6606,10353
"51740",2014,3794,2833,3218,1705,1100,3565,3309,2781,1374,1287,7359,6142,5999,3079,2387
"51760",2014,7026,5732,4678,2713,4024,6487,5783,4508,2992,4621,13513,11515,9186,5705,8645
"51770",2014,3675,2465,3408,1550,1684,3759,2741,2265,1494,1021,7434,5206,5673,3044,2705
"51800",2014,3006,3151,3107,1870,1104,2631,2752,3560,1662,987,5637,5903,6667,3532,2091
"51810",2014,15470,13529,15161,8784,6537,14548,14716,12620,8058,5113,30018,28245,27781,16842,11650
"53005",2014,7100,6586,7465,4562,3082,6282,6914,6395,3708,2037,13382,13500,13860,8270,5119
"53007",2014,2719,1469,3958,1471,579,2587,2936,2141,1484,861,5306,4405,6099,2955,1440
"53009",2014,1721,1327,2277,1534,866,1694,1377,1873,1121,593,3415,2704,4150,2655,1459
"53011",2014,14786,16446,16849,10453,5904,14130,15759,15941,9446,4952,28916,32205,32790,19899,10856
"53015",2014,2980,3473,3153,2273,1813,2565,3110,3574,1885,1006,5545,6583,6727,4158,2819
"53021",2014,4360,3717,4697,2757,1628,4197,3968,4015,1524,1031,8557,7685,8712,4281,2659
"53025",2014,3838,3429,4471,2138,852,3959,3603,4071,2313,883,7797,7032,8542,4451,1735
"53027",2014,1790,2132,2091,1186,936,1934,1794,2634,1109,957,3724,3926,4725,2295,1893
"53029",2014,2930,2452,1957,854,1063,1690,1680,2020,1423,456,4620,4132,3977,2277,1519
"53033",2014,65303,65252,56519,36126,23903,63004,60086,56110,33568,23349,128307,125338,112629,69694,47252
"53035",2014,7190,7619,7906,4954,3544,6645,7779,6786,4162,2917,13835,15398,14692,9116,6461
"53041",2014,2209,2200,2712,1586,1085,2024,2026,2483,1308,752,4233,4226,5195,2894,1837
"53053",2014,29126,28798,27110,16639,10158,28163,26938,26970,16121,9318,57289,55736,54080,32760,19476
"53057",2014,3571,3590,4187,2437,2121,3615,4196,3224,2360,1503,7186,7786,7411,4797,3624
"53061",2014,23992,25306,25532,15001,8654,22895,22950,25274,15140,7782,46887,48256,50806,30141,16436
"53063",2014,14692,15546,16105,8822,7021,14897,16288,13462,9020,6469,29589,31834,29567,17842,13490
"53067",2014,8201,8891,8160,4733,2812,7738,7991,8787,4336,2558,15939,16882,16947,9069,5370
"53073",2014,5100,6226,5876,3445,3701,6062,6986,5533,3400,3459,11162,13212,11409,6845,7160
"53077",2014,10588,10130,11006,5890,3853,10216,10718,9684,5661,3111,20804,20848,20690,11551,6964
"54003",2014,3198,3969,4373,2322,1345,3233,4041,3450,2413,1126,6431,8010,7823,4735,2471
"54011",2014,2894,2610,3096,1693,1760,2824,2001,2974,1385,1854,5718,4611,6070,3078,3614
"54033",2014,2188,2726,1621,1183,644,1891,1825,1994,1181,684,4079,4551,3615,2364,1328
"54039",2014,5057,5427,5599,3574,1847,5576,6032,4630,3051,1594,10633,11459,10229,6625,3441
"54061",2014,2650,2887,1898,1165,3732,2501,2191,1803,1379,2958,5151,5078,3701,2544,6690
"54081",2014,2605,1983,2680,1664,770,2467,1970,2324,1114,686,5072,3953,5004,2778,1456
"54107",2014,2570,2400,2564,1587,853,2505,2751,2212,1624,916,5075,5151,4776,3211,1769
"55009",2014,8892,7840,10112,4838,3061,8172,8618,7963,5993,3156,17064,16458,18075,10831,6217
"55025",2014,15740,15963,15358,8399,8605,14966,15006,14470,8849,8526,30706,30969,29828,17248,17131
"55027",2014,2124,2899,2499,1600,1110,2718,1986,3815,1617,712,4842,4885,6314,3217,1822
"55035",2014,3339,2582,3630,1709,2230,2507,3035,2290,1704,2385,5846,5617,5920,3413,4615
"55039",2014,3066,3255,2881,1934,1140,2750,2999,3429,1719,1219,5816,6254,6310,3653,2359
"55055",2014,2445,2409,3300,1871,1444,2063,2533,2217,1878,1162,4508,4942,5517,3749,2606
"55059",2014,4288,6276,5707,3825,2398,5551,4725,6542,3608,2012,9839,11001,12249,7433,4410
"55063",2014,3393,3420,3894,1950,2636,3023,3398,3094,1862,3112,6416,6818,6988,3812,5748
"55071",2014,2107,2130,2972,1462,746,2119,2550,1936,1543,961,4226,4680,4908,3005,1707
"55073",2014,4131,4204,4743,3036,1804,3898,4685,4064,2779,1290,8029,8889,8807,5815,3094
"55079",2014,35170,34159,31004,18467,13674,33911,33372,29544,18142,13303,69081,67531,60548,36609,26977
"55087",2014,6078,5737,7038,4129,2649,5167,6068,5873,3831,2099,11245,11805,12911,7960,4748
"55089",2014,2293,2135,3304,1784,1465,2159,2089,3285,1959,903,4452,4224,6589,3743,2368
"55097",2014,1927,1698,2506,1293,2138,1683,1528,2139,1077,1725,3610,3226,4645,2370,3863
"55101",2014,5930,6891,6584,3920,2519,6333,6033,6601,4421,1709,12263,12924,13185,8341,4228
"55105",2014,5103,5749,5586,3565,1697,4690,5833,4807,3184,1827,9793,11582,10393,6749,3524
"55109",2014,2584,3572,3059,1844,1044,2495,3191,3717,1929,1036,5079,6763,6776,3773,2080
"55117",2014,3772,3725,3862,2238,1311,3149,3335,3899,2196,1072,6921,7060,7761,4434,2383
"55127",2014,2618,2571,4199,2383,1759,2516,3053,3463,1900,1883,5134,5624,7662,4283,3642
"55131",2014,3569,4289,4993,2800,1529,3400,4273,4622,2933,1387,6969,8562,9615,5733,2916
"55133",2014,10261,12665,13740,9185,5015,9646,12659,12207,7921,5122,19907,25324,25947,17106,10137
"55139",2014,4922,5375,5155,2957,2797,4396,4484,5287,2754,2956,9318,9859,10442,5711,5753
"55141",2014,2151,2129,2617,1460,766,1930,2176,2431,1290,678,4081,4305,5048,2750,1444
"56021",2014,2692,3842,2768,1567,1072,3674,3810,2388,1850,1145,6366,7652,5156,3417,2217
"56025",2014,2531,2735,2730,1975,928,2595,2699,2314,1385,787,5126,5434,5044,3360,1715
"72013",2014,2360,2901,2650,1957,1341,2274,2573,2505,1820,1241,4634,5474,5155,3777,2582
"72021",2014,4986,4483,6947,4026,2862,4769,5618,4894,3691,2383,9755,10101,11841,7717,5245
"72025",2014,3632,3637,5157,2939,1933,3458,3778,4539,2647,1878,7090,7415,9696,5586,3811
"72031",2014,4252,5060,4885,3343,2415,4164,5225,4156,3237,2290,8416,10285,9041,6580,4705
"72061",2014,2210,2860,2230,1769,1272,2018,2184,2621,1613,1101,4228,5044,4851,3382,2373
"72097",2014,1958,2174,2281,1598,1864,1807,1641,2545,1475,1754,3765,3815,4826,3073,3618
"72113",2014,4550,4209,5559,3318,2328,4216,4955,4174,3199,2219,8766,9164,9733,6517,4547
"72127",2014,9525,12454,8273,6787,4869,9061,10817,9108,6926,5188,18586,23271,17381,13713,10057
"72135",2014,2036,2206,3172,1786,1203,1964,1376,3622,1808,1123,4000,3582,6794,3594,2326
"72137",2014,2369,2713,2660,1838,1147,2199,2051,3194,1669,1168,4568,4764,5854,3507,2315
"72139",2014,1904,2310,2531,1598,1033,1761,2023,2344,1409,960,3665,4333,4875,3007,1993
"01003",2015,5428,7082,7165,4057,1918,4576,6405,6316,3861,2825,10004,13487,13481,7918,4743
"01015",2015,3096,4232,3386,2944,1541,3030,3216,3543,2053,2118,6126,7448,6929,4997,3659
"01043",2015,2561,1473,3567,1611,904,2278,2696,2694,1518,1214,4839,4169,6261,3129,2118
"01049",2015,2923,1993,3170,1554,711,1408,3313,1678,1938,678,4331,5306,4848,3492,1389
"01051",2015,2335,2216,3249,1627,1249,2238,2175,3514,1508,765,4573,4391,6763,3135,2014
"01055",2015,2899,3988,2539,2050,1134,2806,2361,4021,1920,1202,5705,6349,6560,3970,2336
"01069",2015,3172,3215,4203,2138,1096,3070,3449,3196,2105,991,6242,6664,7399,4243,2087
"01073",2015,21910,22086,20688,12748,7955,20806,21750,19684,12613,7507,42716,43836,40372,25361,15462
"01077",2015,2512,2753,2921,1660,1171,2218,3347,1438,1815,1059,4730,6100,4359,3475,2230
"01081",2015,4105,5489,4476,2691,4688,4818,4828,4599,2626,4673,8923,10317,9075,5317,9361
"01083",2015,2498,3284,2356,2227,1156,2431,2688,3486,2454,1311,4929,5972,5842,4681,2467
"01089",2015,10687,11477,11158,7271,4678,9879,10695,10545,7059,4679,20566,22172,21703,14330,9357
"01095",2015,3179,3451,3621,1802,1263,2991,3198,2887,2212,1264,6170,6649,6508,4014,2527
"01097",2015,13922,13497,12986,8854,4950,13584,13507,14431,8373,4890,27506,27004,27417,17227,9840
"01101",2015,7640,8574,6944,4609,3473,7087,7851,7060,4347,2675,14727,16425,14004,8956,6148
"01103",2015,3529,4809,3575,2645,1869,3556,3313,3296,2842,1043,7085,8122,6871,5487,2912
"01115",2015,2308,2890,2724,1785,981,2494,2866,3000,2290,665,4802,5756,5724,4075,1646
"01117",2015,5986,6897,7637,4697,2482,6393,8261,6089,4240,3383,12379,15158,13726,8937,5865
"01121",2015,2506,1991,2915,1545,466,1937,2893,2202,1855,1932,4443,4884,5117,3400,2398
"01125",2015,6159,5969,5593,3766,4770,6087,4697,6782,3534,5693,12246,10666,12375,7300,10463
"01127",2015,1890,2175,1785,907,658,2384,1507,2285,1797,938,4274,3682,4070,2704,1596
"02020",2015,11423,10928,9490,5505,3690,11494,10814,8246,6056,3044,22917,21742,17736,11561,6734
"02090",2015,3955,3553,3726,2181,2384,3261,2979,2679,1784,1431,7216,6532,6405,3965,3815
"02170",2015,3613,3772,4208,2710,1484,3455,3872,3602,2330,1456,7068,7644,7810,5040,2940
"04001",2015,3005,3141,2781,1481,1082,3125,2448,3163,1515,1002,6130,5589,5944,2996,2084
"04003",2015,3719,4570,2714,2175,1514,3808,3312,4179,2621,1232,7527,7882,6893,4796,2746
"04005",2015,4291,4072,4157,2485,3823,3647,4766,2996,2753,7848,7938,8838,7153,5238,11671
"04013",2015,139695,143204,154134,89268,56588,132895,144909,140929,85634,53220,272590,288113,295063,174902,109808
"04015",2015,4309,5047,5668,3717,2240,4950,5309,5095,3440,1584,9259,10356,10763,7157,3824
"04017",2015,4059,4657,3902,2802,1698,3814,4437,3816,2218,1679,7873,9094,7718,5020,3377
"04019",2015,29910,33669,28399,19269,16058,29506,29142,30711,18172,15965,59416,62811,59110,37441,32023
"04021",2015,11777,14779,14624,7607,6249,12034,13414,14656,8035,3072,23811,28193,29280,15642,9321
"04025",2015,5203,4937,5927,3144,3065,4212,4965,5835,3666,1772,9415,9902,11762,6810,4837
"04027",2015,7740,7171,7512,4607,2873,7072,7082,7003,4423,2503,14812,14253,14515,9030,5376
"05007",2015,8902,10176,9968,5768,3576,8502,9495,9130,4943,3135,17404,19671,19098,10711,6711
"05031",2015,3459,3763,3690,2677,2151,3532,3452,2975,2225,1247,6991,7215,6665,4902,3398
"05045",2015,3724,3986,3393,3620,2843,3750,4346,3920,2042,2553,7474,8332,7313,5662,5396
"05051",2015,2675,3320,2301,1831,1781,2459,2697,2701,1776,1182,5134,6017,5002,3607,2963
"05069",2015,2351,2189,2536,1694,1264,2099,2056,2490,1163,859,4450,4245,5026,2857,2123
"05085",2015,2613,2780,2978,1551,519,2576,1917,2815,1607,552,5189,4697,5793,3158,1071
"05119",2015,13961,14290,11665,7078,4568,13039,13871,11417,7129,3997,27000,28161,23082,14207,8565
"05125",2015,3845,3855,3665,2478,1068,3746,4217,3652,2486,909,7591,8072,7317,4964,1977
"05131",2015,4879,4703,4217,2707,1420,3995,3234,5258,2084,2171,8874,7937,9475,4791,3591
"05143",2015,7037,8147,7059,5011,4391,9763,7550,8328,3431,5399,16800,15697,15387,8442,9790
"05145",2015,2833,2146,3393,1669,1144,2192,2831,2061,1703,1542,5025,4977,5454,3372,2686
"06001",2015,50045,51267,47282,28074,20078,48366,47266,47338,26663,19575,98411,98533,94620,54737,39653
"06007",2015,6510,7397,5647,3614,4003,5614,7741,5303,3522,3622,12124,15138,10950,7136,7625
"06013",2015,33747,34766,41636,23406,13790,32070,38317,35003,22376,12072,65817,73083,76639,45782,25862
"06017",2015,3445,5336,6980,3866,2001,3795,5060,5728,3645,2044,7240,10396,12708,7511,4045
"06019",2015,40709,39036,39828,23127,13943,38870,38891,36412,22331,13559,79579,77927,76240,45458,27502
"06023",2015,3518,4803,3020,1791,2170,3679,3264,4203,2239,2635,7197,8067,7223,4030,4805
"06025",2015,7612,6494,7907,3990,2747,7349,6597,6627,4391,2502,14961,13091,14534,8381,5249
"06029",2015,37084,34860,38044,20851,13859,35478,37282,34356,19974,11931,72562,72142,72400,40825,25790
"06031",2015,6130,6254,5829,3701,2476,5632,5684,5480,2725,2277,11762,11938,11309,6426,4753
"06033",2015,2383,1433,2148,939,448,1288,1831,1594,1717,740,3671,3264,3742,2656,1188
"06037",2015,327124,313803,321185,202066,139698,313838,302852,305324,193650,135650,640962,616655,626509,395716,275348
"06039",2015,5629,4837,7184,3490,1897,5675,6288,5809,3174,2381,11304,11125,12993,6664,4278
"06041",2015,6165,7152,8532,4381,2133,6540,7525,8048,5084,2411,12705,14677,16580,9465,4544
"06045",2015,2338,3318,2073,2079,842,2669,2794,2366,1053,892,5007,6112,4439,3132,1734
"06047",2015,10527,12763,10372,7230,5263,10183,12011,10879,6174,4658,20710,24774,21251,13404,9921
"06053",2015,16955,17610,14761,8684,6393,16413,15481,15816,8603,6244,33368,33091,30577,17287,12637
"06055",2015,3961,4557,4276,2860,1840,3761,3550,5081,2586,1668,7722,8107,9357,5446,3508
"06057",2015,2313,2410,1941,2142,1222,2511,2591,2062,1539,721,4824,5001,4003,3681,1943
"06059",2015,97948,101431,102278,65031,42616,92737,96346,98086,62296,40659,190685,197777,200364,127327,83275
"06061",2015,10218,11694,13412,8219,4315,9856,13368,10583,7628,4394,20074,25062,23995,15847,8709
"06065",2015,80264,88583,88015,55365,35432,76487,84201,85987,53946,33898,156751,172784,174002,109311,69330
"06067",2015,50709,53986,49606,30646,18506,47829,50996,48611,29236,16936,98538,104982,98217,59882,35442
"06071",2015,78146,82514,80701,50394,32264,74866,77666,77909,48757,29574,153012,160180,158610,99151,61838
"06073",2015,109240,102692,97352,60710,49031,105823,101094,92713,58414,42426,215063,203786,190065,119124,91457
"06075",2015,19446,16016,14540,8325,6286,20233,16251,12905,8349,7654,39679,32267,27445,16674,13940
"06077",2015,26239,28080,30300,17947,10115,25011,29533,25866,16572,10536,51250,57613,56166,34519,20651
"06079",2015,7244,7752,6387,4562,7456,6519,6760,7213,4575,6349,13763,14512,13600,9137,13805
"06081",2015,23546,23896,21883,13510,7949,22875,22157,21986,12431,7064,46421,46053,43869,25941,15013
"06083",2015,14763,13897,13553,8523,10482,13984,12890,14086,7665,10929,28747,26787,27639,16188,21411
"06085",2015,62533,64782,60828,35513,22889,58715,57141,63126,33760,22061,121248,121923,123954,69273,44950
"06087",2015,7667,7221,8246,4611,6486,7172,7684,7072,4514,6714,14839,14905,15318,9125,13200
"06089",2015,4971,5864,4715,3452,2072,5374,5870,4656,3152,2026,10345,11734,9371,6604,4098
"06095",2015,13524,14413,14175,8658,5502,12818,14368,12866,8567,4726,26342,28781,27041,17225,10228
"06097",2015,14417,14886,14150,9012,6484,13467,13585,14187,8436,6366,27884,28471,28337,17448,12850
"06099",2015,20512,21507,20586,12780,8348,18421,18994,20418,12843,7045,38933,40501,41004,25623,15393
"06101",2015,3475,3744,3782,2222,1189,2880,3911,3257,2044,474,6355,7655,7039,4266,1663
"06107",2015,20109,22221,19242,11754,7326,19443,21436,18155,11484,6235,39552,43657,37397,23238,13561
"06111",2015,26908,26094,31364,18210,11614,26278,26461,29506,17617,11389,53186,52555,60870,35827,23003
"06113",2015,6200,6309,6697,3707,5008,6214,5073,7831,3932,6273,12414,11382,14528,7639,11281
"06115",2015,5062,2912,2970,1130,784,1205,3258,2195,1875,508,6267,6170,5165,3005,1292
"08001",2015,19147,22001,17586,10655,5674,17324,18727,19237,10482,5360,36471,40728,36823,21137,11034
"08005",2015,20671,20804,23378,12946,7268,19677,20412,22397,12752,6472,40348,41216,45775,25698,13740
"08013",2015,8138,9913,8537,6007,7839,7323,8496,9459,5377,7176,15461,18409,17996,11384,15015
"08014",2015,1792,2576,1664,1455,752,2056,2809,2189,1312,428,3848,5385,3853,2767,1180
"08031",2015,23259,20743,17822,9008,6737,22242,20972,17699,8927,7354,45501,41715,35521,17935,14091
"08035",2015,10249,12753,14998,8026,4821,9317,13097,13090,8351,3632,19566,25850,28088,16377,8453
"08041",2015,24199,23817,24021,14356,10644,22133,21431,23528,13887,8642,46332,45248,47549,28243,19286
"08059",2015,14943,15511,18372,11125,6716,14697,16349,15604,9995,5545,29640,31860,33976,21120,12261
"08069",2015,9073,9775,9906,5443,5970,8839,9018,9569,6005,6157,17912,18793,19475,11448,12127
"08077",2015,4029,4410,5044,2698,2539,4951,4483,4762,2422,2542,8980,8893,9806,5120,5081
"08101",2015,4916,5129,5931,3553,2065,4720,5431,5039,3116,1915,9636,10560,10970,6669,3980
"08123",2015,10727,11910,10352,6575,4099,9573,10797,10674,5942,4385,20300,22707,21026,12517,8484
"09001",2015,27090,30997,33714,21195,13562,26106,30033,31609,20197,12329,53196,61030,65323,41392,25891
"09003",2015,24615,25484,30011,18343,11937,23611,25357,27418,17421,11603,48226,50841,57429,35764,23540
"09005",2015,3994,5026,5725,3632,2099,3416,4280,5898,3069,2311,7410,9306,11623,6701,4410
"09007",2015,3832,4380,4521,3124,2352,3451,3638,4829,3210,2059,7283,8018,9350,6334,4411
"09009",2015,22956,24568,26108,17213,12944,22044,24447,24581,16402,13284,45000,49015,50689,33615,26228
"09011",2015,6690,7495,8200,5600,4305,6801,7111,7864,4746,3491,13491,14606,16064,10346,7796
"09013",2015,2896,3559,4583,2877,5050,2961,3489,3920,2813,5423,5857,7048,8503,5690,10473
"09015",2015,3006,4325,3144,2275,1565,3059,3554,2541,2271,1702,6065,7879,5685,4546,3267
"10001",2015,5898,5110,5955,4393,1923,4828,4806,6716,2641,2893,10726,9916,12671,7034,4816
"10003",2015,16773,15522,18761,10724,8321,16565,16350,16951,10579,8579,33338,31872,35712,21303,16900
"10005",2015,5778,5265,6883,3183,2351,5603,5589,6050,3277,1852,11381,10854,12933,6460,4203
"11001",2015,22126,16204,13429,8317,10034,21104,16358,13061,7239,12935,43230,32562,26490,15556,22969
"12001",2015,7209,7361,5562,3804,7665,7404,6344,5804,3554,11346,14613,13705,11366,7358,19011
"12005",2015,6144,5626,5266,3087,1776,5352,5724,5503,3031,1805,11496,11350,10769,6118,3581
"12009",2015,13544,13743,16383,10135,7577,12562,12664,16063,9990,5738,26106,26407,32446,20125,13315
"12011",2015,56721,59059,54793,35996,21382,55146,56689,53949,35150,19467,111867,115748,108742,71146,40849
"12015",2015,3065,2767,2984,2061,1645,2514,2913,3286,2368,2164,5579,5680,6270,4429,3809
"12017",2015,2702,3424,2939,2045,1121,2583,2014,3479,1978,820,5285,5438,6418,4023,1941
"12019",2015,6206,6246,8329,4205,2617,4396,7193,6645,5884,2999,10602,13439,14974,10089,5616
"12021",2015,7983,9341,9328,5477,3629,8599,8175,9396,5656,3526,16582,17516,18724,11133,7155
"12023",2015,1783,1861,2399,1302,1253,1869,2451,1845,1319,845,3652,4312,4244,2621,2098
"12031",2015,31452,29678,28527,16344,10593,29851,26901,28889,16230,10661,61303,56579,57416,32574,21254
"12033",2015,9632,8523,9054,5797,7094,8979,8285,8405,5556,3831,18611,16808,17459,11353,10925
"12035",2015,1780,3262,2443,1747,1507,2242,3028,2599,1757,2007,4022,6290,5042,3504,3514
"12053",2015,4035,4103,5161,3320,1525,3681,4777,4400,3209,2148,7716,8880,9561,6529,3673
"12055",2015,2449,2341,2910,1422,626,1965,1702,3224,1703,1276,4414,4043,6134,3125,1902
"12057",2015,44059,45999,42461,27514,17286,41489,43595,40771,25361,17100,85548,89594,83232,52875,34386
"12061",2015,3003,3769,3687,1895,1961,3449,3977,3494,2149,593,6452,7746,7181,4044,2554
"12069",2015,8612,9384,9111,5701,3563,7749,6494,11392,5996,3190,16361,15878,20503,11697,6753
"12071",2015,16940,17695,19738,11131,7428,16432,18596,17190,11391,7145,33372,36291,36928,22522,14573
"12073",2015,7470,8950,6662,4516,7583,7461,8147,6963,4211,9424,14931,17097,13625,8727,17007
"12081",2015,9338,9660,10186,6628,3968,8710,11012,8390,5764,3236,18048,20672,18576,12392,7204
"12083",2015,9460,8653,9323,6405,3594,8453,9733,7476,4695,4257,17913,18386,16799,11100,7851
"12085",2015,3089,3074,4314,2617,2529,3161,3440,4418,2400,1815,6250,6514,8732,5017,4344
"12086",2015,80642,75669,78090,48589,31500,77245,73905,72713,45981,30420,157887,149574,150803,94570,61920
"12087",2015,1759,1573,1685,1048,927,1854,1067,1731,972,1199,3613,2640,3416,2020,2126
"12089",2015,2130,2491,2196,1820,641,1708,1538,2510,1398,1006,3838,4029,4706,3218,1647
"12091",2015,7170,6663,5370,3480,2606,6334,5597,6076,3301,1755,13504,12260,11446,6781,4361
"12095",2015,40724,40425,41915,24864,18380,39000,39623,39156,24660,18466,79724,80048,81071,49524,36846
"12097",2015,9848,11321,11897,7694,4854,10415,11479,11151,6966,4194,20263,22800,23048,14660,9048
"12099",2015,36962,39373,39026,25568,15557,35718,35944,39731,24086,14859,72680,75317,78757,49654,30416
"12101",2015,12481,15272,14386,9411,5877,12273,14587,14184,9055,5146,24754,29859,28570,18466,11023
"12103",2015,22093,22339,22417,14623,8538,21027,20540,22763,14078,8220,43120,42879,45180,28701,16758
"12105",2015,18864,21674,21614,13622,7822,18515,21764,19032,12727,7592,37379,43438,40646,26349,15414
"12107",2015,2262,2988,1643,1573,648,1469,1611,3076,940,512,3731,4599,4719,2513,1160
"12109",2015,5770,6917,7559,5235,2772,5087,7251,6972,4588,2583,10857,14168,14531,9823,5355
"12111",2015,7818,7870,9488,3617,3617,7962,9410,8070,7047,2148,15780,17280,17558,10664,5765
"12113",2015,3852,5728,5122,3401,1946,4891,4028,6686,2946,1480,8743,9756,11808,6347,3426
"12115",2015,7075,9810,7385,5100,3257,7558,9016,7070,6624,4018,14633,18826,14455,11724,7275
"12117",2015,12141,12000,15460,9022,5531,10901,14256,12227,9675,5313,23042,26256,27687,18697,10844
"12119",2015,1223,878,1482,1118,1663,1145,975,1316,376,1388,2368,1853,2798,1494,3051
"12127",2015,12136,12217,14392,8297,5749,11681,11443,13573,8970,5870,23817,23660,27965,17267,11619
"13013",2015,2911,3484,2629,1777,445,2426,2936,3060,1127,838,5337,6420,5689,2904,1283
"13015",2015,2956,4008,4393,2474,1402,2612,2986,4376,2252,1299,5568,6994,8769,4726,2701
"13021",2015,5222,7562,3515,3171,2082,5765,4568,5650,2879,2904,10987,12130,9165,6050,4986
"13031",2015,1599,1860,2367,1109,3657,2514,1852,2308,1185,2969,4113,3712,4675,2294,6626
"13045",2015,4087,4585,4017,2625,2138,2470,3466,3718,2714,2121,6557,8051,7735,5339,4259
"13047",2015,1642,2118,2203,1577,703,1579,2739,1328,1465,518,3221,4857,3531,3042,1221
"13051",2015,10027,10152,7524,4897,4155,9160,7386,9518,4539,4765,19187,17538,17042,9436,8920
"13057",2015,7413,7460,10701,5806,3086,6744,8409,8953,5274,1986,14157,15869,19654,11080,5072
"13059",2015,2705,3439,2714,1176,4597,4060,2962,3162,1412,5858,6765,6401,5876,2588,10455
"13063",2015,11054,11642,10713,6285,3689,9820,11200,10531,5855,4329,20874,22842,21244,12140,8018
"13067",2015,24599,25710,25879,16187,9291,23888,26070,24932,14799,8743,48487,51780,50811,30986,18034
"13073",2015,4733,6180,4834,3100,2564,4317,4678,5623,3786,1658,9050,10858,10457,6886,4222
"13077",2015,4485,5344,5544,3020,1543,3808,4955,4629,3564,1092,8293,10299,10173,6584,2635
"13089",2015,27306,25024,22783,12793,7978,26051,21189,25379,12817,7929,53357,46213,48162,25610,15907
"13095",2015,2944,3289,2990,1767,1403,3553,2751,3292,1726,1787,6497,6040,6282,3493,3190
"13097",2015,5610,4626,6250,4491,2458,3816,5014,5490,2242,1961,9426,9640,11740,6733,4419
"13113",2015,1772,2926,5145,3338,2206,2341,2737,4637,3123,1839,4113,5663,9782,6461,4045
"13115",2015,3053,2853,3973,2558,1552,2605,3364,2538,1628,1829,5658,6217,6511,4186,3381
"13117",2015,6316,9723,9843,5784,2347,5995,8946,8964,5110,2467,12311,18669,18807,10894,4814
"13121",2015,32719,34539,30794,19095,15138,31374,31163,32858,19116,14727,64093,65702,63652,38211,29865
"13127",2015,3190,2620,2430,1734,1093,1840,2818,3173,1317,725,5030,5438,5603,3051,1818
"13135",2015,30841,36472,36352,21975,12064,30158,34402,36165,21321,10947,60999,70874,72517,43296,23011
"13139",2015,6670,7970,6832,4628,2328,6313,7165,6923,4154,2385,12983,15135,13755,8782,4713
"13151",2015,6097,8572,7695,6930,2974,6043,8348,8584,5720,3014,12140,16920,16279,12650,5988
"13153",2015,5054,5695,5431,2820,1671,5777,5200,5300,3035,1183,10831,10895,10731,5855,2854
"13179",2015,3875,2019,2371,1075,1817,2795,2159,2179,837,582,6670,4178,4550,1912,2399
"13185",2015,4111,4628,2815,2278,1826,4178,4005,3581,2055,3207,8289,8633,6396,4333,5033
"13215",2015,7776,6108,6933,3823,3463,7239,6971,6143,3611,2692,15015,13079,13076,7434,6155
"13217",2015,3294,4483,3507,2753,799,3164,3898,4817,2615,1749,6458,8381,8324,5368,2548
"13223",2015,4544,6296,6384,4108,1958,4955,6031,5780,3567,1535,9499,12327,12164,7675,3493
"13245",2015,7207,6780,6187,3531,3801,6822,7130,5935,3798,2708,14029,13910,12122,7329,6509
"13247",2015,2429,3102,3408,2269,1302,2656,2919,3867,2084,765,5085,6021,7275,4353,2067
"13285",2015,2134,1922,3288,1305,1410,2201,2392,3229,1140,1113,4335,4314,6517,2445,2523
"13295",2015,1843,2983,1535,1900,799,1802,2215,1612,1286,886,3645,5198,3147,3186,1685
"13297",2015,2654,3203,4137,2350,1228,2672,2297,3488,1827,1166,5326,5500,7625,4177,2394
"13313",2015,4314,4197,3765,1865,1849,3167,4264,3570,2688,985,7481,8461,7335,4553,2834
"15001",2015,5456,6326,5983,3537,1761,6657,6062,6243,3492,1440,12113,12388,12226,7029,3201
"15003",2015,33427,30008,29817,16825,12252,32032,28686,28353,15706,10548,65459,58694,58170,32531,22800
"15007",2015,2435,1639,3349,889,342,2093,2422,1858,1247,662,4528,4061,5207,2136,1004
"15009",2015,5240,5477,5085,3012,1536,4753,5088,4813,3196,1457,9993,10565,9898,6208,2993
"16001",2015,13685,17334,14427,9479,5856,12529,14547,16181,8879,5130,26214,31881,30608,18358,10986
"16005",2015,2835,3352,3210,1755,1037,3391,2742,3527,1557,1655,6226,6094,6737,3312,2692
"16019",2015,4687,5366,4675,2573,1206,4666,4409,5587,2267,1091,9353,9775,10262,4840,2297
"16027",2015,7812,8596,9679,5308,2659,7805,8534,8911,4891,2465,15617,17130,18590,10199,5124
"16055",2015,4542,4326,6272,3183,1861,4185,5696,4245,2900,1807,8727,10022,10517,6083,3668
"16083",2015,2701,4815,2420,2019,1146,3145,2236,4002,1408,1019,5846,7051,6422,3427,2165
"17001",2015,2063,2525,1942,1281,663,1934,2037,2910,1118,606,3997,4562,4852,2399,1269
"17019",2015,5965,5984,5566,2770,8087,5238,6335,4961,3019,7070,11203,12319,10527,5789,15157
"17031",2015,170621,167023,160413,98421,63886,164858,155590,161989,96203,62730,335479,322613,322402,194624,126616
"17037",2015,2747,3615,3239,1965,2486,2728,3171,3778,1570,2613,5475,6786,7017,3535,5099
"17043",2015,28138,29881,32631,20189,11789,26731,28611,31358,19238,11336,54869,58492,63989,39427,23125
"17089",2015,17078,20603,21419,13451,7787,16840,17277,22380,12176,6598,33918,37880,43799,25627,14385
"17091",2015,3261,3803,4231,2468,1721,3321,4662,2821,2060,1476,6582,8465,7052,4528,3197
"17093",2015,3832,5526,5718,2753,1181,4470,6490,4735,2832,2420,8302,12016,10453,5585,3601
"17097",2015,20828,26051,26248,17333,11853,20249,22239,27272,16292,10093,41077,48290,53520,33625,21946
"17099",2015,3142,3197,3915,2444,1487,2891,2622,3815,2048,1068,6033,5819,7730,4492,2555
"17111",2015,8883,11100,10939,7508,3981,7996,10157,11317,7350,3505,16879,21257,22256,14858,7486
"17113",2015,4880,5658,5210,3619,4656,5057,5770,4945,2840,5321,9937,11428,10155,6459,9977
"17115",2015,3744,3750,2875,1913,1458,3319,3670,2607,2076,1407,7063,7420,5482,3989,2865
"17119",2015,8325,7968,9242,5158,3030,7087,6891,9281,4809,3009,15412,14859,18523,9967,6039
"17143",2015,6853,6195,6398,3181,2178,6341,6043,5645,3749,2189,13194,12238,12043,6930,4367
"17161",2015,3620,5118,5261,2588,2389,4253,4582,4792,2505,2250,7873,9700,10053,5093,4639
"17163",2015,8528,9283,9041,5309,3211,8033,9635,8040,5154,2982,16561,18918,17081,10463,6193
"17167",2015,6068,5822,6830,4390,2594,5725,6297,6344,4017,2759,11793,12119,13174,8407,5353
"17179",2015,3985,4979,4054,2750,1314,3962,4190,4439,2421,1691,7947,9169,8493,5171,3005
"17183",2015,2609,2969,2305,1426,763,2818,2864,2387,1643,1112,5427,5833,4692,3069,1875
"17197",2015,20572,25705,27677,17702,9814,19816,24664,26617,16483,8771,40388,50369,54294,34185,18585
"17199",2015,2116,1854,2422,1298,511,2089,1649,2310,1202,781,4205,3503,4732,2500,1292
"17201",2015,8627,9307,10587,6335,3261,8583,9272,9376,6019,2971,17210,18579,19963,12354,6232
"18003",2015,13421,13278,14867,7420,5463,12670,13133,12564,8628,4903,26091,26411,27431,16048,10366
"18005",2015,2587,2385,2891,1535,1279,2680,3157,2685,1611,890,5267,5542,5576,3146,2169
"18019",2015,3239,2809,4710,2137,1749,3999,3753,4003,2255,1084,7238,6562,8713,4392,2833
"18035",2015,3433,2652,3282,2469,3203,3305,3062,2622,1829,4142,6738,5714,5904,4298,7345
"18039",2015,8312,6930,9256,4838,1806,6948,7939,7503,5199,2967,15260,14869,16759,10037,4773
"18043",2015,2027,1994,2968,1825,880,2613,2639,2212,1754,986,4640,4633,5180,3579,1866
"18053",2015,1549,2722,1905,1212,897,1572,2146,1885,1188,2145,3121,4868,3790,2400,3042
"18057",2015,11169,13615,12432,7187,3983,9702,12437,13325,7460,3493,20871,26052,25757,14647,7476
"18059",2015,1942,2456,2329,1881,819,1994,2482,2079,1454,1281,3936,4938,4408,3335,2100
"18063",2015,5111,5147,6646,3598,1838,4574,5457,6287,3841,2305,9685,10604,12933,7439,4143
"18067",2015,2497,3095,2638,1642,762,2411,2090,2675,1565,849,4908,5185,5313,3207,1611
"18081",2015,5039,5902,5166,3219,1726,4926,4990,5893,3167,1733,9965,10892,11059,6386,3459
"18085",2015,2622,3604,1988,1639,1146,2646,2624,2375,1767,774,5268,6228,4363,3406,1920
"18089",2015,15651,16928,17343,10658,6097,14774,15739,16464,10560,5575,30425,32667,33807,21218,11672
"18091",2015,3337,2709,3626,2544,1243,3364,3037,3700,2134,1260,6701,5746,7326,4678,2503
"18095",2015,3927,3957,4275,2745,1591,3588,3525,4091,2508,1869,7515,7482,8366,5253,3460
"18097",2015,36200,31210,34262,18298,10945,34133,31724,30795,17621,10955,70333,62934,65057,35919,21900
"18105",2015,3171,2946,3321,2097,5730,3221,3540,3016,1862,5961,6392,6486,6337,3959,11691
"18109",2015,1936,2190,2299,1625,299,1986,2101,2625,1447,763,3922,4291,4924,3072,1062
"18127",2015,4400,5111,6118,3935,2886,4693,5615,4906,3297,2094,9093,10726,11024,7232,4980
"18141",2015,8828,8655,9632,5703,4072,8594,9600,7820,5430,4851,17422,18255,17452,11133,8923
"18157",2015,5099,5674,5626,2854,6119,5633,5373,5594,2585,5637,10732,11047,11220,5439,11756
"18163",2015,5692,5730,5362,3341,2417,5600,4774,6060,3111,3414,11292,10504,11422,6452,5831
"18167",2015,3336,3184,2771,1865,3154,3185,3104,2647,1961,1917,6521,6288,5418,3826,5071
"18177",2015,2302,1582,2295,1461,1044,2170,1731,2490,1195,818,4472,3313,4785,2656,1862
"19013",2015,4223,4380,4199,2332,2915,3883,3800,3617,2365,2709,8106,8180,7816,4697,5624
"19049",2015,2887,3345,3071,1831,1243,3141,3827,3380,1676,442,6028,7172,6451,3507,1685
"19061",2015,3294,3016,3102,2006,1989,2757,3212,2940,2079,1664,6051,6228,6042,4085,3653
"19103",2015,4625,4553,3228,1777,5442,4003,4582,3805,2634,4281,8628,9135,7033,4411,9723
"19113",2015,6951,7316,7904,4561,2466,6805,6085,8099,4377,2863,13756,13401,16003,8938,5329
"19153",2015,17545,16616,16717,9519,6282,16370,14343,17611,9097,5734,33915,30959,34328,18616,12016
"19155",2015,2797,3130,3160,1727,1294,2881,3391,2835,2046,1165,5678,6521,5995,3773,2459
"19163",2015,6099,6829,5173,3632,1990,5006,5195,6025,3170,2262,11105,12024,11198,6802,4252
"19169",2015,2284,1507,2959,1290,6071,2077,3035,1549,1575,3649,4361,4542,4508,2865,9720
"19193",2015,2996,3872,3418,2276,1970,5175,3694,3278,2220,2178,8171,7566,6696,4496,4148
"20015",2015,1721,1599,3414,2259,1028,1683,2610,1976,1972,829,3404,4209,5390,4231,1857
"20045",2015,2638,3381,2636,2071,3132,4148,2720,2992,1685,3832,6786,6101,5628,3756,6964
"20091",2015,19618,19956,22243,12934,6586,18606,20206,19906,12128,5837,38224,40162,42149,25062,12423
"20103",2015,2443,2493,2763,1618,446,2713,2712,2704,1337,1212,5156,5205,5467,2955,1658
"20161",2015,2824,1053,1493,357,3409,2866,1539,1551,1214,4380,5690,2592,3044,1571,7789
"20173",2015,19478,17445,20912,11173,5898,18031,19520,17332,10609,5880,37509,36965,38244,21782,11778
"20177",2015,5544,6281,5915,4094,2221,6404,5866,6184,3031,1755,11948,12147,12099,7125,3976
"20209",2015,7014,6856,6284,3307,2300,6386,6475,6099,3309,2102,13400,13331,12383,6616,4402
"21015",2015,4778,4260,5576,2700,1369,4451,4170,6303,2607,1136,9229,8430,11879,5307,2505
"21029",2015,2009,2961,2677,1896,839,1832,2259,2483,2093,775,3841,5220,5160,3989,1614
"21037",2015,2726,3184,2610,1830,1568,2296,2640,2325,2100,1643,5022,5824,4935,3930,3211
"21047",2015,3406,3197,2577,1062,1491,3726,2468,2790,978,656,7132,5665,5367,2040,2147
"21059",2015,3350,3568,3356,1943,921,3364,4150,2689,1721,1603,6714,7718,6045,3664,2524
"21067",2015,10151,9691,8661,4828,4937,9613,7590,10405,5056,5983,19764,17281,19066,9884,10920
"21093",2015,3420,3596,4028,2432,1532,3699,4533,2595,2276,1032,7119,8129,6623,4708,2564
"21111",2015,25337,24564,23467,14983,8819,24097,23129,22762,13486,8951,49434,47693,46229,28469,17770
"21117",2015,5870,6085,5321,3484,1932,5465,5623,5174,3025,1659,11335,11708,10495,6509,3591
"21145",2015,1977,2075,2069,1368,694,1817,1460,2147,1135,966,3794,3535,4216,2503,1660
"21151",2015,2487,3189,2247,1673,2248,2348,3049,2040,1584,2539,4835,6238,4287,3257,4787
"21195",2015,1799,1656,1909,1131,722,1806,1657,1774,1076,542,3605,3313,3683,2207,1264
"21227",2015,3793,2631,4422,2433,2485,3684,4504,3972,2183,3726,7477,7135,8394,4616,6211
"22005",2015,3959,5335,4645,2722,1729,4252,5170,3782,3042,1708,8211,10505,8427,5764,3437
"22015",2015,4481,4556,4820,2871,965,3979,5021,3356,2288,1450,8460,9577,8176,5159,2415
"22017",2015,9326,6687,10115,5005,3012,8967,7442,9024,4939,2738,18293,14129,19139,9944,5750
"22019",2015,6844,7034,7700,3945,2450,6413,6716,6640,3961,2036,13257,13750,14340,7906,4486
"22033",2015,14927,15248,13626,8434,6935,13966,14266,13174,8108,7837,28893,29514,26800,16542,14772
"22045",2015,2573,3275,2497,1780,577,2706,3596,2092,1140,865,5279,6871,4589,2920,1442
"22051",2015,13716,14684,12294,7770,4334,13004,12451,13377,7469,4380,26720,27135,25671,15239,8714
"22055",2015,8326,9106,7185,4910,4441,8136,8255,7308,4645,2984,16462,17361,14493,9555,7425
"22057",2015,3582,2853,3140,2176,1305,2964,4598,2424,1502,1112,6546,7451,5564,3678,2417
"22063",2015,4733,4601,5100,3234,2150,4013,5776,6417,2843,1932,8746,10377,11517,6077,4082
"22071",2015,12062,13079,8904,6028,4580,11646,12104,9665,5983,4811,23708,25183,18569,12011,9391
"22073",2015,5419,5786,5175,3517,2339,5627,6301,4595,3430,2431,11046,12087,9770,6947,4770
"22079",2015,4512,5201,4064,2989,1885,4145,4127,5041,2857,1206,8657,9328,9105,5846,3091
"22097",2015,3437,2908,3511,1900,1264,3158,2754,3232,1769,1039,6595,5662,6743,3669,2303
"22103",2015,7315,8617,9183,5928,2542,7276,6985,9916,5585,2664,14591,15602,19099,11513,5206
"22105",2015,5021,4987,3840,2563,2493,4366,4479,4176,2791,3251,9387,9466,8016,5354,5744
"22109",2015,4639,4739,4872,1885,2039,3796,4031,3826,2370,1415,8435,8770,8698,4255,3454
"23001",2015,3330,2724,3932,2085,1312,3259,3174,3101,1864,1332,6589,5898,7033,3949,2644
"23003",2015,1679,1616,1851,1325,879,1668,1221,2080,1117,702,3347,2837,3931,2442,1581
"23005",2015,6795,8461,7808,5103,3990,7517,7986,6902,5215,4050,14312,16447,14710,10318,8040
"23011",2015,3126,3249,3968,2140,1587,2745,3254,3479,1999,1332,5871,6503,7447,4139,2919
"23019",2015,3963,3953,4348,2517,2862,3500,3314,4165,2503,2433,7463,7267,8513,5020,5295
"23031",2015,4543,5061,6587,3747,2272,4538,4338,6041,4138,2439,9081,9399,12628,7885,4711
"24001",2015,1651,1377,2208,1161,1794,1550,1550,1621,1272,1436,3201,2927,3829,2433,3230
"24003",2015,18339,17698,18114,10393,7068,17275,15796,18596,10721,5440,35614,33494,36710,21114,12508
"24005",2015,25098,24410,25807,15739,10575,24930,26358,22368,14662,11498,50028,50768,48175,30401,22073
"24009",2015,2205,2652,4058,1999,1155,2209,2812,3058,2235,1379,4414,5464,7116,4234,2534
"24013",2015,3751,4922,6100,3896,2128,4163,4604,6031,3557,2548,7914,9526,12131,7453,4676
"24015",2015,2644,3334,3979,2491,972,2456,3009,3139,2776,1586,5100,6343,7118,5267,2558
"24017",2015,4744,5824,5045,3821,2149,4547,5367,5260,3695,1690,9291,11191,10305,7516,3839
"24021",2015,7302,7598,9369,4992,3761,7069,6273,9705,5649,2761,14371,13871,19074,10641,6522
"24025",2015,7252,7753,9773,5845,3359,6682,6989,7376,4933,2649,13934,14742,17149,10778,6008
"24027",2015,9570,11826,10607,7474,3946,9063,10271,11010,6944,3831,18633,22097,21617,14418,7777
"24031",2015,34637,35053,33464,20795,11621,33398,32882,33373,19865,10935,68035,67935,66837,40660,22556
"24033",2015,30724,31732,25679,16394,13653,29192,28905,25919,15827,13481,59916,60637,51598,32221,27134
"24037",2015,3226,4561,3472,2545,1091,3764,3535,4106,2300,1230,6990,8096,7578,4845,2321
"24043",2015,4448,4767,4532,2623,1607,4098,4699,4607,3410,1643,8546,9466,9139,6033,3250
"24045",2015,3183,3065,3458,1991,1766,2251,3262,2882,2312,2098,5434,6327,6340,4303,3864
"24510",2015,21187,18657,17781,10085,7975,20182,19012,14857,9588,8688,41369,37669,32638,19673,16663
"25001",2015,3865,4522,5019,3404,2338,4182,4182,5251,3599,1888,8047,8704,10270,7003,4226
"25003",2015,2759,3169,3342,2418,2066,2517,2704,3319,2180,2010,5276,5873,6661,4598,4076
"25005",2015,15447,16773,17040,11319,7463,13385,15749,16655,10255,6630,28832,32522,33695,21574,14093
"25009",2015,22359,21927,26706,15781,10412,21506,21542,24485,14958,10124,43865,43469,51191,30739,20536
"25011",2015,1373,1603,2128,1225,634,1442,1357,2213,1196,555,2815,2960,4341,2421,1189
"25013",2015,14109,13678,16411,9895,7917,13322,15835,12392,9346,6782,27431,29513,28803,19241,14699
"25015",2015,2638,3303,3493,3123,5226,2489,3285,3981,2172,7915,5127,6588,7474,5295,13141
"25017",2015,45293,46521,43709,28996,23281,43568,42920,44488,27383,22941,88861,89441,88197,56379,46222
"25021",2015,19317,19464,23436,13321,8069,18421,21983,19563,14011,9283,37738,41447,42999,27332,17352
"25023",2015,13637,15452,17868,11431,7173,13020,15153,15859,10523,6323,26657,30605,33727,21954,13496
"25025",2015,22597,16404,18343,10527,14532,21756,17709,16291,10032,17101,44353,34113,34634,20559,31633
"25027",2015,23152,24634,26733,16827,11997,22055,23177,25480,16214,11977,45207,47811,52213,33041,23974
"26005",2015,3450,4505,4251,2896,1377,3082,3880,3987,2666,1134,6532,8385,8238,5562,2511
"26017",2015,2776,3146,3322,1986,1074,2498,3072,3362,2001,977,5274,6218,6684,3987,2051
"26021",2015,4741,5389,4020,3172,2357,4698,5179,4152,3164,1969,9439,10568,8172,6336,4326
"26025",2015,4272,3858,4834,2879,1930,4089,4117,4498,2592,1371,8361,7975,9332,5471,3301
"26037",2015,2053,2875,2108,1734,1014,2159,3046,2021,1482,1017,4212,5921,4129,3216,2031
"26045",2015,2737,3867,3067,2357,1678,2815,3107,3334,2042,1390,5552,6974,6401,4399,3068
"26049",2015,12524,14358,13093,8970,5258,12093,12783,13456,8197,4705,24617,27141,26549,17167,9963
"26055",2015,2816,2447,2936,1488,920,2261,2900,1964,1846,956,5077,5347,4900,3334,1876
"26065",2015,8340,6961,9126,4914,8169,7646,9085,6992,4626,8653,15986,16046,16118,9540,16822
"26073",2015,1675,1645,1699,1030,2797,1472,1824,1783,963,3558,3147,3469,3482,1993,6355
"26075",2015,4417,5091,5488,3099,2374,4241,4091,5415,3225,1811,8658,9182,10903,6324,4185
"26077",2015,7990,8295,8036,4613,4924,7706,7445,7911,5152,5088,15696,15740,15947,9765,10012
"26081",2015,22880,21154,23666,13448,8742,21695,18834,23867,13121,8122,44575,39988,47533,26569,16864
"26087",2015,2189,2298,2834,1884,1182,2166,2566,3314,1889,1003,4355,4864,6148,3773,2185
"26091",2015,2947,2985,3085,2020,1576,2773,2403,3282,1805,1337,5720,5388,6367,3825,2913
"26093",2015,4726,5208,7159,4472,2254,4498,4392,7079,4410,2242,9224,9600,14238,8882,4496
"26099",2015,23855,25285,28660,18085,9971,23259,24703,26658,16938,8637,47114,49988,55318,35023,18608
"26103",2015,1547,1431,2095,1080,1491,1402,1856,1560,973,1408,2949,3287,3655,2053,2899
"26111",2015,2603,3351,2009,1711,1120,2093,2953,2204,1593,943,4696,6304,4213,3304,2063
"26115",2015,4211,4390,4907,3493,1856,3655,4335,5065,2995,1812,7866,8725,9972,6488,3668
"26121",2015,5001,6412,5468,3345,2058,5350,5088,6179,3673,1386,10351,11500,11647,7018,3444
"26125",2015,35320,37665,39407,26242,14246,33141,33377,40624,24918,13283,68461,71042,80031,51160,27529
"26139",2015,8970,9495,10523,6888,5160,8922,8449,10423,5816,7367,17892,17944,20946,12704,12527
"26145",2015,5825,6506,5080,3852,2474,5280,6231,5143,3901,3185,11105,12737,10223,7753,5659
"26147",2015,4250,4318,6052,3273,1716,3880,4637,4952,3272,1649,8130,8955,11004,6545,3365
"26155",2015,1838,2147,2308,1451,1000,1783,2062,2199,1397,817,3621,4209,4507,2848,1817
"26159",2015,2288,1973,2435,1932,1069,2294,2539,2898,1467,1004,4582,4512,5333,3399,2073
"26161",2015,9414,9267,10451,6216,9486,9279,8239,10587,5962,9070,18693,17506,21038,12178,18556
"26163",2015,59487,57463,61086,37628,20918,56074,57463,56895,36949,20335,115561,114926,117981,74577,41253
"27003",2015,11609,12732,11398,7463,4439,9932,10657,12551,7082,3881,21541,23389,23949,14545,8320
"27013",2015,2003,1910,1515,907,1712,2090,1788,1438,969,2002,4093,3698,2953,1876,3714
"27019",2015,3279,3624,4354,2338,1338,3327,4006,4076,2219,1307,6606,7630,8430,4557,2645
"27037",2015,13572,14764,14838,9606,5181,13273,13601,14843,8371,4148,26845,28365,29681,17977,9329
"27053",2015,41498,37187,37963,21581,14436,39901,37268,35412,20590,13922,81399,74455,73375,42171,28358
"27109",2015,5964,4937,5238,3114,1804,4962,5237,5049,2901,1340,10926,10174,10287,6015,3144
"27123",2015,19730,16524,18207,9949,7128,18868,16941,16200,9408,7790,38598,33465,34407,19357,14918
"27131",2015,2172,1743,2423,1542,1438,1455,1851,2199,1086,1559,3627,3594,4622,2628,2997
"27137",2015,5312,5098,6073,3235,3834,5053,5064,5089,3422,3582,10365,10162,11162,6657,7416
"27139",2015,5744,5324,5806,3397,2120,5099,4848,6506,3618,1544,10843,10172,12312,7015,3664
"27141",2015,2966,4388,3944,2286,1062,2925,3527,3067,2282,914,5891,7915,7011,4568,1976
"27145",2015,4756,5713,4431,2942,3722,4980,4879,4879,2777,3635,9736,10592,9310,5719,7357
"27163",2015,8156,9881,8302,5643,2739,7169,7781,9991,5455,2595,15325,17662,18293,11098,5334
"27171",2015,4455,5752,5758,3140,1386,4577,5609,5407,2813,1381,9032,11361,11165,5953,2767
"28033",2015,5936,6718,6529,3422,2411,5026,6100,6801,5300,1745,10962,12818,13330,8722,4156
"28035",2015,1835,2184,2804,1231,1523,3422,3283,2043,887,3037,5257,5467,4847,2118,4560
"28047",2015,6885,8617,4567,3904,3613,6869,7774,6374,3964,2125,13754,16391,10941,7868,5738
"28049",2015,8092,9675,8095,5303,3723,7962,8634,7860,5163,3969,16054,18309,15955,10466,7692
"28059",2015,4042,4737,5381,3744,1087,4287,5374,4193,2450,1110,8329,10111,9574,6194,2197
"28067",2015,1744,3803,1571,1778,2048,3160,2729,1536,1131,1224,4904,6532,3107,2909,3272
"28075",2015,2288,2612,2840,1748,725,2509,2055,2975,1631,1733,4797,4667,5815,3379,2458
"28081",2015,3010,3324,3003,1823,1162,3059,2661,3314,1781,687,6069,5985,6317,3604,1849
"28089",2015,3309,4221,3308,2242,1366,3167,3263,4012,2301,1762,6476,7484,7320,4543,3128
"28121",2015,4566,5481,5051,3275,1532,4764,3625,6357,3207,1981,9330,9106,11408,6482,3513
"29019",2015,6119,4865,4650,3026,6197,5131,4785,4701,2591,4742,11250,9650,9351,5617,10939
"29021",2015,2693,2576,2714,1512,1058,2611,2621,3430,2179,1430,5304,5197,6144,3691,2488
"29031",2015,2411,2386,1963,1196,1272,2916,2434,1976,1921,1510,5327,4820,3939,3117,2782
"29037",2015,2795,4327,3547,2153,993,2704,4777,3003,2201,884,5499,9104,6550,4354,1877
"29043",2015,3010,3788,2710,2090,875,2462,3312,2964,1721,761,5472,7100,5674,3811,1636
"29047",2015,7543,8916,8015,4743,3132,7392,8195,8145,4762,2962,14935,17111,16160,9505,6094
"29051",2015,2332,2001,2958,1674,751,2545,1813,2605,1592,1060,4877,3814,5563,3266,1811
"29071",2015,3566,3620,3260,2234,1060,2984,2978,3308,1940,939,6550,6598,6568,4174,1999
"29077",2015,8849,8098,8309,4633,4917,8744,9392,7459,4826,4931,17593,17490,15768,9459,9848
"29095",2015,23446,23545,23283,13426,7415,23331,24352,20927,12978,7554,46777,47897,44210,26404,14969
"29097",2015,4214,3928,4540,3136,1417,3538,4048,4447,2449,1278,7752,7976,8987,5585,2695
"29099",2015,6896,7983,7807,5027,2277,6880,8583,6020,4534,2311,13776,16566,13827,9561,4588
"29165",2015,4059,3295,2885,1868,1218,3383,3312,2518,1816,985,7442,6607,5403,3684,2203
"29183",2015,12425,13218,13715,8138,4870,10456,12672,14285,7747,4925,22881,25890,28000,15885,9795
"29187",2015,1783,1831,2141,1202,1217,1621,1400,2665,1167,483,3404,3231,4806,2369,1700
"29189",2015,29615,29488,34002,20474,12791,28653,30048,30738,20085,12034,58268,59536,64740,40559,24825
"29510",2015,11073,7975,9140,4741,3770,9944,8591,7622,4413,3775,21017,16566,16762,9154,7545
"30013",2015,2768,2353,3031,1360,818,2587,2615,2373,1168,915,5355,4968,5404,2528,1733
"30029",2015,3212,2110,3804,1941,1116,2811,3536,2619,1893,1023,6023,5646,6423,3834,2139
"30031",2015,2758,2765,2616,1559,4308,2640,2943,3062,1596,1765,5398,5708,5678,3155,6073
"30049",2015,1784,2274,2134,1111,825,1785,2252,1801,1239,733,3569,4526,3935,2350,1558
"30063",2015,2719,3086,3563,1779,1748,2894,3372,3109,1629,2201,5613,6458,6672,3408,3949
"30111",2015,4676,6916,3911,3165,1577,5444,5138,5006,2602,1445,10120,12054,8917,5767,3022
"31055",2015,21372,20302,19664,11289,7199,20454,20359,17766,11162,6322,41826,40661,37430,22451,13521
"31109",2015,9038,9707,10534,5448,5613,11109,9512,10077,5219,5867,20147,19219,20611,10667,11480
"31153",2015,7482,9320,5039,4363,2328,5818,6975,6674,3572,2055,13300,16295,11713,7935,4383
"32003",2015,67810,75640,68419,41871,24489,64264,65978,73681,40901,23106,132074,141618,142100,82772,47595
"32031",2015,13663,14290,14367,8655,5450,13182,14542,12664,7914,5662,26845,28832,27031,16569,11112
"33005",2015,1712,1766,2257,1264,1491,1707,1656,2255,1215,2334,3419,3422,4512,2479,3825
"33009",2015,2347,1818,2404,1377,2067,1817,2501,1564,1257,2255,4164,4319,3968,2634,4322
"33011",2015,11313,11677,12730,8317,5688,10635,11237,13538,7443,5135,21948,22914,26268,15760,10823
"33013",2015,3612,4119,4202,2982,2362,3170,3691,4399,2671,2103,6782,7810,8601,5653,4465
"33015",2015,6800,8156,9882,6599,3743,6532,8135,8521,5863,2724,13332,16291,18403,12462,6467
"33017",2015,2904,3271,3967,2188,3091,3024,3518,3178,2100,4000,5928,6789,7145,4288,7091
"34001",2015,8278,8231,8544,5282,3574,8177,7449,8847,5324,4698,16455,15680,17391,10606,8272
"34003",2015,24962,29649,29071,19156,11566,23908,28161,28029,18493,10597,48870,57810,57100,37649,22163
"34005",2015,12105,12913,14745,9316,5685,11253,14465,12632,8944,4779,23358,27378,27377,18260,10464
"34007",2015,16475,17155,16534,10385,6238,15631,14794,17068,10257,5372,32106,31949,33602,20642,11610
"34009",2015,2332,2389,2513,1560,1023,1835,2138,1937,1968,945,4167,4527,4450,3528,1968
"34011",2015,5105,6213,4193,3461,1218,4999,4363,5739,2513,1457,10104,10576,9932,5974,2675
"34013",2015,27196,25246,28642,15935,10201,26257,23489,28608,15894,9994,53453,48735,57250,31829,20195
"34015",2015,7963,9517,9738,6375,3623,7810,9366,8979,6136,3812,15773,18883,18717,12511,7435
"34017",2015,24031,19081,16368,10345,7121,22936,17968,16227,9435,6003,46967,37049,32595,19780,13124
"34019",2015,2335,3783,4540,3549,1825,2159,3075,4481,2755,1495,4494,6858,9021,6304,3320
"34021",2015,10859,11091,11733,7278,6598,10717,10588,11351,7143,7111,21576,21679,23084,14421,13709
"34023",2015,25790,24854,27047,16534,12897,24281,24843,25516,15128,11540,50071,49697,52563,31662,24437
"34025",2015,16385,18787,21064,13778,8026,16025,20183,18624,13310,7119,32410,38970,39688,27088,15145
"34027",2015,13133,15914,16250,10876,6156,12130,14001,16669,10613,5989,25263,29915,32919,21489,12145
"34029",2015,20868,20855,18105,11784,5827,19295,17729,19352,10291,5634,40163,38584,37457,22075,11461
"34031",2015,18609,16453,17888,11402,7459,16969,16247,16806,9405,8123,35578,32700,34694,20807,15582
"34033",2015,1666,2190,1967,1314,631,1765,1546,2139,1465,636,3431,3736,4106,2779,1267
"34035",2015,9195,10412,11819,7629,4314,8715,9798,12002,6551,3139,17910,20210,23821,14180,7453
"34037",2015,3408,3597,5316,3482,1741,2910,4353,4403,2824,1755,6318,7950,9719,6306,3496
"34039",2015,18194,18004,19427,11826,6921,17651,20505,15793,10597,6291,35845,38509,35220,22423,13212
"34041",2015,2131,3086,3138,2147,1420,2811,3685,2931,2210,1507,4942,6771,6069,4357,2927
"35001",2015,21812,21667,21709,12714,8584,19927,20917,21320,13323,8421,41739,42584,43029,26037,17005
"35005",2015,2029,3018,2241,1945,1920,2438,2303,2471,969,1331,4467,5321,4712,2914,3251
"35013",2015,7615,7541,8079,4651,3415,7841,6755,7622,4332,4652,15456,14296,15701,8983,8067
"35025",2015,2509,3309,3388,1828,889,3201,4090,2347,1177,931,5710,7399,5735,3005,1820
"35031",2015,3520,3131,3063,2012,901,3293,3144,3843,1758,1120,6813,6275,6906,3770,2021
"35035",2015,2104,2574,1689,758,1094,2334,2208,2469,1126,1018,4438,4782,4158,1884,2112
"35043",2015,3816,5629,4979,3016,1847,3848,4613,4987,3041,1607,7664,10242,9966,6057,3454
"35045",2015,4241,4758,4237,2492,1474,4331,4435,4182,2532,1237,8572,9193,8419,5024,2711
"35049",2015,3425,4708,3494,2589,1524,3575,3854,4528,2444,1321,7000,8562,8022,5033,2845
"35061",2015,2515,1928,3799,1629,1445,2063,2182,2714,1728,1507,4578,4110,6513,3357,2952
"36001",2015,8649,7558,8747,5491,7091,6906,7857,8045,5029,5878,15555,15415,16792,10520,12969
"36005",2015,56315,50960,50787,30459,20866,53080,47474,50334,29319,19518,109395,98434,101121,59778,40384
"36007",2015,5093,5579,5576,4036,4227,4515,5422,4748,3424,4343,9608,11001,10324,7460,8570
"36009",2015,2297,2247,2430,1528,1062,2581,2287,2545,1528,1224,4878,4534,4975,3056,2286
"36011",2015,2050,2047,2747,1849,890,1849,2283,1843,1473,765,3899,4330,4590,3322,1655
"36013",2015,3466,3375,4521,3028,2269,3441,3125,3921,2321,2415,6907,6500,8442,5349,4684
"36015",2015,2368,2632,2445,1699,614,2689,2639,2428,1740,989,5057,5271,4873,3439,1603
"36019",2015,2061,1884,2203,1300,1402,1923,1567,2189,1230,2081,3984,3451,4392,2530,3483
"36027",2015,7064,7944,9057,6032,5290,6340,6978,9049,5803,5633,13404,14922,18106,11835,10923
"36029",2015,25642,24630,28755,17881,12148,24399,26090,25315,17189,12125,50041,50720,54070,35070,24273
"36045",2015,5512,4436,3153,2005,1570,5323,3890,3061,1924,1233,10835,8326,6214,3929,2803
"36047",2015,102041,86736,76641,46872,27624,97771,78916,78088,45333,27191,199812,165652,154729,92205,54815
"36051",2015,2122,1598,1494,1176,1560,1636,1303,2094,1139,1670,3758,2901,3588,2315,3230
"36053",2015,1577,2264,1787,1655,1861,1481,2411,1761,1361,1895,3058,4675,3548,3016,3756
"36055",2015,21585,23473,21630,15128,12251,20795,20336,22863,13704,11040,42380,43809,44493,28832,23291
"36059",2015,37578,40951,45162,29089,17900,35949,39084,42148,27531,16819,73527,80035,87310,56620,34719
"36061",2015,43557,30583,30800,16997,15324,41146,32507,27506,17111,20907,84703,63090,58306,34108,36231
"36063",2015,5545,5353,6684,4110,2752,5662,6200,5531,4092,2423,11207,11553,12215,8202,5175
"36065",2015,6999,7220,7009,3999,3551,6356,7013,6511,4555,2878,13355,14233,13520,8554,6429
"36067",2015,13547,15268,13327,9565,7675,13041,12423,15252,9441,9548,26588,27691,28579,19006,17223
"36069",2015,3222,2869,3488,2135,1781,2462,3227,2775,1969,1686,5684,6096,6263,4104,3467
"36071",2015,12180,14568,13664,9640,6671,12196,14359,12416,8006,4803,24376,28927,26080,17646,11474
"36075",2015,3222,3469,4011,2575,1934,3023,3636,3314,2637,2319,6245,7105,7325,5212,4253
"36079",2015,2295,2472,3508,2219,1553,2142,2690,3549,2001,1170,4437,5162,7057,4220,2723
"36081",2015,75785,64305,65446,38571,24247,72419,62202,62288,37387,22977,148204,126507,127734,75958,47224
"36083",2015,4759,3889,4928,3322,3150,4244,5073,3555,2520,2515,9003,8962,8483,5842,5665
"36085",2015,14023,16115,14035,9680,5417,13575,12552,16007,8924,5042,27598,28667,30042,18604,10459
"36087",2015,12598,13400,12409,7932,4327,11972,11754,12713,7514,4308,24570,25154,25122,15446,8635
"36089",2015,3234,3412,3153,1864,3210,2989,3002,3202,1865,3164,6223,6414,6355,3729,6374
"36091",2015,6324,6693,6986,4564,2410,5723,5550,7596,4172,2572,12047,12243,14582,8736,4982
"36093",2015,4661,5965,4645,2803,2519,4141,3975,4543,3032,1753,8802,9940,9188,5835,4272
"36101",2015,2651,2983,3126,2144,1063,2727,2840,3089,2038,1013,5378,5823,6215,4182,2076
"36103",2015,41065,44066,51447,32277,20714,39427,42758,47350,30898,18421,80492,86824,98797,63175,39135
"36105",2015,2192,2385,2020,1664,969,2237,1763,2023,1427,1209,4429,4148,4043,3091,2178
"36109",2015,2132,1702,2486,1717,5101,1759,1956,2075,1372,5123,3891,3658,4561,3089,10224
"36111",2015,4317,4175,5361,3077,2689,3818,4852,4766,2971,2792,8135,9027,10127,6048,5481
"36113",2015,1430,1961,1760,1527,587,1338,2077,1285,1199,314,2768,4038,3045,2726,901
"36117",2015,2791,2901,2754,2092,957,2509,2107,3015,1903,883,5300,5008,5769,3995,1840
"36119",2015,28241,31224,33287,21327,13091,27019,29592,30956,19788,13491,55260,60816,64243,41115,26582
"37001",2015,4929,4863,5565,3488,2768,4275,4830,5178,2886,2491,9204,9693,10743,6374,5259
"37019",2015,2621,2725,2819,1932,1919,2577,2565,2911,2193,603,5198,5290,5730,4125,2522
"37021",2015,6442,6377,7246,4533,2709,6714,7637,5562,4081,2723,13156,14014,12808,8614,5432
"37023",2015,2132,2090,3061,1885,1119,2149,2322,2538,1324,905,4281,4412,5599,3209,2024
"37025",2015,6424,8216,7171,5109,2045,5780,5870,9065,3758,1741,12204,14086,16236,8867,3786
"37027",2015,1894,2967,2128,1614,749,2283,1974,2527,1618,859,4177,4941,4655,3232,1608
"37031",2015,1229,1437,1842,1515,711,1734,1291,2168,1518,457,2963,2728,4010,3033,1168
"37035",2015,4195,5626,5270,4133,1761,3922,3660,5261,2970,1594,8117,9286,10531,7103,3355
"37037",2015,2126,2272,1537,1570,442,1268,1758,2562,1168,131,3394,4030,4099,2738,573
"37045",2015,2837,2913,2974,1721,1894,2107,3341,3222,1815,920,4944,6254,6196,3536,2814
"37049",2015,4021,2801,2727,1624,1919,3414,2964,3644,1631,1115,7435,5765,6371,3255,3034
"37051",2015,13428,11613,10950,6513,4336,12597,11076,10388,6304,4241,26025,22689,21338,12817,8577
"37057",2015,4457,3782,7402,3613,1566,4025,5991,4526,3263,1709,8482,9773,11928,6876,3275
"37063",2015,10526,10910,7057,4596,4488,10118,9149,8050,4665,4701,20644,20059,15107,9261,9189
"37067",2015,11529,11380,13759,7464,5596,11740,12891,11243,7259,6278,23269,24271,25002,14723,11874
"37071",2015,6843,6660,7074,4230,2441,6278,7303,6238,4228,2113,13121,13963,13312,8458,4554
"37081",2015,15914,16131,17315,10211,7754,15262,17122,15425,10089,9321,31176,33253,32740,20300,17075
"37085",2015,4896,4869,5152,2659,2164,4841,5059,4390,2691,1901,9737,9928,9542,5350,4065
"37089",2015,2393,3742,3288,1934,843,2630,2730,3207,1896,946,5023,6472,6495,3830,1789
"37097",2015,4768,5843,6009,3955,2245,4590,5028,6468,3513,1985,9358,10871,12477,7468,4230
"37101",2015,5566,8058,6870,4592,2146,6182,7653,6088,3892,1592,11748,15711,12958,8484,3738
"37109",2015,1923,3337,2373,1584,978,1822,2767,2136,1719,979,3745,6104,4509,3303,1957
"37119",2015,36379,36405,34693,19716,12863,34843,36064,33961,19929,12720,71222,72469,68654,39645,25583
"37125",2015,2720,2364,3521,1565,1490,2478,2889,2453,1991,1106,5198,5253,5974,3556,2596
"37127",2015,2696,3053,3550,1928,1780,2520,2726,2585,2095,1623,5216,5779,6135,4023,3403
"37129",2015,5410,5154,7426,3183,2600,5701,4517,7091,4023,3586,11111,9671,14517,7206,6186
"37133",2015,9696,7279,4763,2782,4647,8739,6336,4970,3336,2099,18435,13615,9733,6118,6746
"37135",2015,3371,4645,4469,2812,3532,2865,3701,3846,2948,4763,6236,8346,8315,5760,8295
"37147",2015,5466,5119,6113,3105,3737,5003,5519,5164,3027,4498,10469,10638,11277,6132,8235
"37151",2015,4537,4574,5089,2596,1770,3825,3702,5329,3477,1808,8362,8276,10418,6073,3578
"37155",2015,4887,5054,4783,2960,2173,4561,5152,4290,2828,2110,9448,10206,9073,5788,4283
"37157",2015,2399,2411,3323,1509,734,2440,2729,2895,1616,896,4839,5140,6218,3125,1630
"37159",2015,4023,4032,5328,2686,2124,3457,4460,4886,2430,1494,7480,8492,10214,5116,3618
"37161",2015,2230,2107,1652,1533,812,1815,1514,1955,1249,894,4045,3621,3607,2782,1706
"37171",2015,2078,2009,2254,1927,1199,1883,2187,1955,1530,674,3961,4196,4209,3457,1873
"37179",2015,5962,9300,10175,5716,3348,6911,9224,9163,6091,2898,12873,18524,19338,11807,6246
"37183",2015,33627,36329,37210,21187,14575,31699,36435,35482,21213,14102,65326,72764,72692,42400,28677
"37191",2015,3839,4089,3562,2173,1795,4815,4469,4217,2355,2278,8654,8558,7779,4528,4073
"37193",2015,1506,2142,2156,1310,878,1899,1793,2097,1239,1061,3405,3935,4253,2549,1939
"37195",2015,2883,2854,2989,1551,1371,1642,3147,2068,1868,563,4525,6001,5057,3419,1934
"38015",2015,3178,2984,2699,1602,1244,2948,2652,2830,1353,1351,6126,5636,5529,2955,2595
"38017",2015,6059,5531,5184,3063,3358,5497,5171,5142,2399,3035,11556,10702,10326,5462,6393
"38035",2015,2488,1904,1701,1280,1800,2640,2243,1218,887,1820,5128,4147,2919,2167,3620
"38101",2015,2402,2053,1842,1004,1473,3130,2872,1999,1162,1049,5532,4925,3841,2166,2522
"39003",2015,3201,3782,3193,2210,1696,3163,3128,3643,2058,1245,6364,6910,6836,4268,2941
"39007",2015,2564,2861,3276,2046,1043,2524,3311,3051,2466,1115,5088,6172,6327,4512,2158
"39009",2015,1288,1048,1673,1092,3540,1154,1404,1360,916,4450,2442,2452,3033,2008,7990
"39013",2015,1821,1900,2081,1345,532,1604,1415,1810,1213,522,3425,3315,3891,2558,1054
"39017",2015,11467,12974,13800,8103,6813,10614,11513,13880,7885,7300,22081,24487,27680,15988,14113
"39023",2015,3732,4918,4504,2742,1834,3805,3681,5000,2775,1953,7537,8599,9504,5517,3787
"39025",2015,5782,5883,8531,4069,2039,5524,6779,6924,4312,2126,11306,12662,15455,8381,4165
"39029",2015,2737,3696,2728,2064,1125,2728,2855,3089,1887,1021,5465,6551,5817,3951,2146
"39035",2015,37162,36074,38489,24553,15354,35753,34620,37759,23761,14900,72915,70694,76248,48314,30254
"39041",2015,6127,8020,9030,4532,2725,5120,7792,7809,4494,2675,11247,15812,16839,9026,5400
"39043",2015,1922,2296,2206,1498,1248,1844,3217,1354,1375,584,3766,5513,3560,2873,1832
"39045",2015,4220,5258,5636,3459,2229,4184,4877,5505,3483,1667,8404,10135,11141,6942,3896
"39049",2015,46372,43860,37156,23113,18224,44280,38764,39788,22393,16798,90652,82624,76944,45506,35022
"39055",2015,2374,2498,4005,2463,1299,2248,3285,3317,2142,1165,4622,5783,7322,4605,2464
"39057",2015,4824,5215,5113,3311,2816,4294,4628,4489,2470,3794,9118,9843,9602,5781,6610
"39061",2015,27339,25631,26439,15890,11810,26279,25029,26238,15092,10729,53618,50660,52677,30982,22539
"39063",2015,2392,2167,2751,1501,863,2046,2361,2314,1473,1207,4438,4528,5065,2974,2070
"39081",2015,1693,1866,1863,1202,865,1820,1965,1813,1232,1015,3513,3831,3676,2434,1880
"39085",2015,6087,6733,7651,4498,2648,5161,6287,6994,4242,2247,11248,13020,14645,8740,4895
"39089",2015,5295,5650,6013,3824,2457,4783,5426,5567,3573,2435,10078,11076,11580,7397,4892
"39093",2015,8884,9898,10012,6779,4493,8511,9055,9783,5980,3748,17395,18953,19795,12759,8241
"39095",2015,13782,15127,13790,8861,5702,13530,13806,13857,7876,5637,27312,28933,27647,16737,11339
"39099",2015,6004,6251,7454,4246,2736,6125,5984,7296,4391,2688,12129,12235,14750,8637,5424
"39101",2015,2016,1865,2118,1193,760,1972,1506,2030,1094,555,3988,3371,4148,2287,1315
"39103",2015,5114,5586,6522,4028,2126,4462,4352,7013,3785,1812,9576,9938,13535,7813,3938
"39109",2015,3049,3449,3206,2172,1296,3239,3496,3296,2343,1255,6288,6945,6502,4515,2551
"39113",2015,16679,18451,15994,10621,7112,15945,14191,17389,9887,6460,32624,32642,33383,20508,13572
"39119",2015,2832,3523,2251,1813,1004,2416,2347,3098,1831,1221,5248,5870,5349,3644,2225
"39133",2015,3974,3557,5063,3055,3224,3591,4055,4306,3426,4858,7565,7612,9369,6481,8082
"39139",2015,3280,3425,3459,2354,1607,3628,3706,4207,2322,1413,6908,7131,7666,4676,3020
"39141",2015,2186,2552,2588,1608,884,1865,2104,2748,1358,753,4051,4656,5336,2966,1637
"39145",2015,2129,2199,2479,1840,1035,2076,2742,2025,1431,545,4205,4941,4504,3271,1580
"39151",2015,10611,9581,13341,8166,5104,10230,10182,12495,7315,4969,20841,19763,25836,15481,10073
"39153",2015,15272,15729,17778,10905,6970,14847,16383,15118,10558,6068,30119,32112,32896,21463,13038
"39155",2015,5693,5368,6680,4275,2181,5499,5314,6033,3738,1968,11192,10682,12713,8013,4149
"39157",2015,3122,2976,2874,2086,975,2879,2952,2404,1795,861,6001,5928,5278,3881,1836
"39165",2015,6485,7274,10040,6119,2940,6441,7661,8339,5356,2199,12926,14935,18379,11475,5139
"39169",2015,4123,4168,3875,2585,1578,3651,3798,3493,2767,1846,7774,7966,7368,5352,3424
"39173",2015,3598,4303,3622,2493,3186,3237,3734,3404,2268,3297,6835,8037,7026,4761,6483
"40017",2015,4397,5478,4972,3062,1548,4458,5212,4779,3010,2155,8855,10690,9751,6072,3703
"40027",2015,8184,10217,8128,5282,5502,7568,8127,8217,5101,5119,15752,18344,16345,10383,10621
"40031",2015,5348,4447,4266,2249,3198,3503,4163,4221,1931,1736,8851,8610,8487,4180,4934
"40037",2015,2389,1890,3332,1540,974,2032,1793,2720,1434,818,4421,3683,6052,2974,1792
"40101",2015,2681,2707,2532,1281,1127,1802,2396,2062,1627,965,4483,5103,4594,2908,2092
"40109",2015,31508,29443,26294,14853,9106,29911,26812,26473,14660,9578,61419,56255,52767,29513,18684
"40119",2015,1914,1955,2441,1462,3393,1741,1910,2718,983,3285,3655,3865,5159,2445,6678
"40125",2015,2387,2425,2327,1501,951,2407,2436,2309,1662,1150,4794,4861,4636,3163,2101
"40131",2015,2575,3258,3139,2239,1219,2734,2654,3267,2221,1209,5309,5912,6406,4460,2428
"40143",2015,23818,24475,21587,13084,7867,22995,22325,21686,13081,7284,46813,46800,43273,26165,15151
"40145",2015,2397,2827,2823,1780,978,2087,2727,2675,1771,825,4484,5554,5498,3551,1803
"41003",2015,1796,2541,1404,1574,2464,1660,1481,2704,1401,3043,3456,4022,4108,2975,5507
"41005",2015,10587,12424,13814,9183,5244,10139,12669,11704,7950,4672,20726,25093,25518,17133,9916
"41017",2015,4870,5779,5301,3085,1815,4593,4519,6316,2530,985,9463,10298,11617,5615,2800
"41019",2015,3193,3130,2927,1647,1083,2599,2838,2651,1743,988,5792,5968,5578,3390,2071
"41029",2015,5829,6001,6151,3581,2132,6035,6217,5943,3862,2534,11864,12218,12094,7443,4666
"41033",2015,2245,1698,3118,2346,848,1839,1459,2372,1279,937,4084,3157,5490,3625,1785
"41035",2015,1943,1728,1741,1414,991,2120,2765,1500,952,631,4063,4493,3241,2366,1622
"41039",2015,9228,9605,9882,6150,6019,8752,10275,8620,6373,6254,17980,19880,18502,12523,12273
"41043",2015,3717,3909,3878,2509,1490,3839,3504,4263,2493,957,7556,7413,8141,5002,2447
"41047",2015,11201,11293,12862,7364,4122,10682,12409,10234,7104,4625,21883,23702,23096,14468,8747
"41051",2015,23840,23510,19323,12467,8027,22768,23032,18046,11621,7434,46608,46542,37369,24088,15461
"41053",2015,1972,2803,1978,1540,1250,2519,3432,2280,1547,1635,4491,6235,4258,3087,2885
"41059",2015,2903,2685,2842,1517,1084,2671,2685,2720,1658,1050,5574,5370,5562,3175,2134
"41067",2015,18851,19708,20080,11673,6884,17515,19806,18642,11291,6437,36366,39514,38722,22964,13321
"41071",2015,2391,2549,4175,2169,1668,3273,3142,3658,2109,1478,5664,5691,7833,4278,3146
"42001",2015,2752,2813,3420,1988,1806,2288,2980,2785,2107,1439,5040,5793,6205,4095,3245
"42003",2015,33622,34279,30506,20612,16100,32382,32090,30002,20183,16778,66004,66369,60508,40795,32878
"42005",2015,1759,2298,1387,1313,662,1637,1717,1854,1136,610,3396,4015,3241,2449,1272
"42007",2015,4643,4670,4817,3083,1791,4077,4493,4585,2831,1672,8720,9163,9402,5914,3463
"42011",2015,12649,14474,12423,9279,6470,11709,12859,12910,8039,6676,24358,27333,25333,17318,13146
"42013",2015,3327,3744,3489,2202,1835,3121,3690,3727,2581,1444,6448,7434,7216,4783,3279
"42017",2015,15635,17983,20771,13342,8156,15099,17221,19615,12710,6835,30734,35204,40386,26052,14991
"42019",2015,4652,5852,5272,3858,2892,4487,5305,5341,3599,2677,9139,11157,10613,7457,5569
"42021",2015,3343,3534,3792,2802,1999,3100,3801,3513,2471,3055,6443,7335,7305,5273,5054
"42025",2015,1627,2262,1505,1167,829,1374,1879,1767,1180,767,3001,4141,3272,2347,1596
"42027",2015,3589,3657,3186,2158,6028,3061,2888,3649,1957,5718,6650,6545,6835,4115,11746
"42029",2015,14989,15653,19714,11311,6935,14236,15736,18082,10441,7710,29225,31389,37796,21752,14645
"42033",2015,2236,2139,2262,1396,977,2177,1910,2042,1340,680,4413,4049,4304,2736,1657
"42037",2015,1448,1180,2436,1135,1662,1475,1537,1757,1011,2146,2923,2717,4193,2146,3808
"42039",2015,2495,2271,3096,1774,1479,2225,2432,2473,1501,1304,4720,4703,5569,3275,2783
"42041",2015,6906,6712,7341,4193,3935,6263,7476,6721,4508,4753,13169,14188,14062,8701,8688
"42043",2015,8905,7136,9880,5597,3536,8118,9114,7953,4862,3090,17023,16250,17833,10459,6626
"42045",2015,17101,19508,15692,11972,8959,16402,15765,18318,10618,9033,33503,35273,34010,22590,17992
"42049",2015,8107,9056,8458,5585,4928,8009,7420,8660,5116,4989,16116,16476,17118,10701,9917
"42051",2015,3287,3860,3812,2222,1281,3306,3616,3567,2625,1231,6593,7476,7379,4847,2512
"42055",2015,4804,5397,4807,3021,2136,4278,4213,5566,3166,1656,9082,9610,10373,6187,3792
"42063",2015,2282,2194,2204,1511,2379,2037,2321,1907,1226,2611,4319,4515,4111,2737,4990
"42069",2015,5179,6028,7073,3945,3190,5542,6099,5356,3505,3411,10721,12127,12429,7450,6601
"42071",2015,17811,17647,19011,10466,6991,17411,18882,15979,11494,7630,35222,36529,34990,21960,14621
"42073",2015,2548,2689,2108,1709,1072,2169,2268,2831,1578,925,4717,4957,4939,3287,1997
"42075",2015,4330,4472,4438,2541,1966,4294,5266,3697,2610,1629,8624,9738,8135,5151,3595
"42077",2015,10748,11896,12013,7548,4513,10653,11740,10439,7186,5012,21401,23636,22452,14734,9525
"42079",2015,8192,7796,9988,5835,4111,8013,7985,8977,5564,4443,16205,15781,18965,11399,8554
"42081",2015,3718,3465,3190,2311,1741,3350,2907,3166,1787,1466,7068,6372,6356,4098,3207
"42085",2015,3213,2439,3978,2803,2504,2423,2516,3408,2061,1741,5636,4955,7386,4864,4245
"42089",2015,3264,5107,4583,4268,3137,4488,4752,5043,3132,2788,7752,9859,9626,7400,5925
"42091",2015,23339,25047,26577,16495,9462,22091,25148,24272,15660,9750,45430,50195,50849,32155,19212
"42095",2015,7364,9819,8446,6017,5065,7157,7507,9815,5289,4944,14521,17326,18261,11306,10009
"42097",2015,2614,2985,2294,1856,915,2232,2547,2189,1540,951,4846,5532,4483,3396,1866
"42101",2015,55906,46333,47261,26685,22620,53751,46460,43592,26500,23537,109657,92793,90853,53185,46157
"42107",2015,3520,4422,4199,2621,1481,3207,4456,3351,2456,1151,6727,8878,7550,5077,2632
"42111",2015,1714,1531,2345,1351,691,1695,2194,1914,1253,606,3409,3725,4259,2604,1297
"42125",2015,5051,6925,4804,4132,2868,5218,6527,4954,3591,3069,10269,13452,9758,7723,5937
"42129",2015,8571,8838,9973,6819,4017,8296,9541,8875,6054,3924,16867,18379,18848,12873,7941
"42133",2015,12822,15713,13349,8769,5445,12485,14108,13334,8442,4823,25307,29821,26683,17211,10268
"44003",2015,4155,4088,5253,3007,2048,3484,4493,4289,2895,1333,7639,8581,9542,5902,3381
"44005",2015,1673,2733,2026,1375,841,2034,2285,1739,1263,1462,3707,5018,3765,2638,2303
"44007",2015,18808,18543,18942,11422,10446,17814,18347,17407,11664,10313,36622,36890,36349,23086,20759
"44009",2015,2508,3461,3248,2265,2997,2140,4421,2521,2202,3710,4648,7882,5769,4467,6707
"45003",2015,5173,5310,5536,3100,2404,4065,5466,4448,3488,1600,9238,10776,9984,6588,4004
"45007",2015,5932,6614,5695,4724,2888,5841,5611,6541,4026,2848,11773,12225,12236,8750,5736
"45013",2015,4827,5197,4776,2598,4017,5232,5349,4344,2912,1984,10059,10546,9120,5510,6001
"45015",2015,6939,7278,6821,3964,3208,6573,7537,6214,3818,1764,13512,14815,13035,7782,4972
"45019",2015,12003,11757,9998,5964,4896,11739,12499,8372,5771,4934,23742,24256,18370,11735,9830
"45031",2015,2510,2875,1635,1780,690,1501,1188,2940,1023,889,4011,4063,4575,2803,1579
"45035",2015,5032,4573,5911,4089,2497,4984,6103,5205,2866,1693,10016,10676,11116,6955,4190
"45041",2015,4458,5417,4006,3440,1553,4620,5231,4180,2110,1442,9078,10648,8186,5550,2995
"45045",2015,16093,16362,16543,9862,6202,15369,16518,15238,8916,6633,31462,32880,31781,18778,12835
"45047",2015,2213,2537,2746,1307,678,2212,1989,1698,1423,1300,4425,4526,4444,2730,1978
"45051",2015,7976,8234,8614,5449,3462,7534,8604,7568,4919,3353,15510,16838,16182,10368,6815
"45057",2015,2151,2051,3463,2231,784,2664,3231,1982,1123,1517,4815,5282,5445,3354,2301
"45059",2015,2728,1283,2921,1366,915,1458,2064,1960,973,1224,4186,3347,4881,2339,2139
"45063",2015,8475,9605,9603,6591,3053,8394,8637,9555,5197,3165,16869,18242,19158,11788,6218
"45073",2015,1976,2446,1620,1454,642,2159,1597,2682,1283,568,4135,4043,4302,2737,1210
"45075",2015,2817,3008,2775,1411,960,2580,3131,2343,1948,1896,5397,6139,5118,3359,2856
"45077",2015,2904,3777,3137,2441,3508,2702,3909,2353,2072,3181,5606,7686,5490,4513,6689
"45079",2015,12033,11430,13283,7733,10516,11628,12737,11969,7564,11387,23661,24167,25252,15297,21903
"45083",2015,9338,10236,9550,6061,4568,8940,10515,9263,5884,4028,18278,20751,18813,11945,8596
"45085",2015,3132,3485,4059,2598,2096,3931,3731,3307,1769,1435,7063,7216,7366,4367,3531
"45091",2015,7295,8160,10688,4993,3401,7380,8954,8444,5923,3354,14675,17114,19132,10916,6755
"46099",2015,6931,7096,6435,3950,2426,6891,5280,6701,2998,2239,13822,12376,13136,6948,4665
"46103",2015,4317,4247,2588,2646,1588,3297,3318,3312,1739,1077,7614,7565,5900,4385,2665
"47001",2015,2068,2482,2084,1280,743,1917,2157,2031,1607,634,3985,4639,4115,2887,1377
"47009",2015,3161,3666,4221,2559,1612,3237,3267,3930,2602,1559,6398,6933,8151,5161,3171
"47011",2015,3186,3302,3211,2058,1408,3137,3387,3166,2146,2148,6323,6689,6377,4204,3556
"47037",2015,22756,21835,17413,10713,9317,24445,21252,17333,9658,8990,47201,43087,34746,20371,18307
"47059",2015,1789,1706,2119,1261,1110,1447,1074,2481,1652,744,3236,2780,4600,2913,1854
"47065",2015,10916,9463,11880,6028,4309,10103,9999,10615,5644,5464,21019,19462,22495,11672,9773
"47093",2015,13455,13547,14181,8430,7848,12222,15066,11410,7879,6587,25677,28613,25591,16309,14435
"47113",2015,2858,3300,2931,1776,1459,3583,2728,3296,2117,1716,6441,6028,6227,3893,3175
"47119",2015,2723,3927,2074,1649,828,2889,2775,3173,1415,683,5612,6702,5247,3064,1511
"47125",2015,8491,7060,7341,3412,2488,7597,8314,6458,3500,1950,16088,15374,13799,6912,4438
"47141",2015,2444,2115,1878,1407,1645,2002,1990,2344,1377,1239,4446,4105,4222,2784,2884
"47147",2015,2187,2484,2530,1500,915,1967,2026,2816,1525,495,4154,4510,5346,3025,1410
"47149",2015,9664,11856,10109,6870,4790,9335,9830,10498,6032,4969,18999,21686,20607,12902,9759
"47155",2015,2810,3578,1900,1682,905,2563,1778,3487,1821,490,5373,5356,5387,3503,1395
"47157",2015,34316,32363,33483,19889,12040,33591,32638,31764,19877,11933,67907,65001,65247,39766,23973
"47163",2015,3785,4310,4589,3350,1746,3710,3764,4576,2802,1981,7495,8074,9165,6152,3727
"47165",2015,5667,6121,6150,3664,2321,4742,6272,6335,3570,1837,10409,12393,12485,7234,4158
"47179",2015,3368,3464,3406,2169,1798,3228,2944,3685,2403,2189,6596,6408,7091,4572,3987
"47187",2015,5998,8862,9430,5491,2481,5861,9999,7286,6180,2160,11859,18861,16716,11671,4641
"47189",2015,4128,4645,4697,2552,1607,3258,4969,4403,2469,988,7386,9614,9100,5021,2595
"48005",2015,3661,4453,2044,2318,904,2549,3845,3121,1088,1031,6210,8298,5165,3406,1935
"48021",2015,1093,3658,3617,1663,848,2102,2103,3964,2330,2021,3195,5761,7581,3993,2869
"48027",2015,14076,14618,10807,7420,4209,15182,13649,10725,6902,3875,29258,28267,21532,14322,8084
"48029",2015,69453,72744,67138,41286,29702,66560,68025,68839,40218,26264,136013,140769,135977,81504,55966
"48037",2015,2418,3235,3075,2005,1781,3553,3336,3417,1597,596,5971,6571,6492,3602,2377
"48039",2015,12371,13989,11906,8270,4575,11942,15499,10457,7857,4627,24313,29488,22363,16127,9202
"48041",2015,6659,4914,7219,3546,6636,6394,5894,6589,2908,8639,13053,10808,13808,6454,15275
"48061",2015,18833,19763,16769,11571,6895,18034,17491,18543,11066,6630,36867,37254,35312,22637,13525
"48085",2015,29587,36486,36974,22378,11024,28836,34653,35665,21452,10500,58423,71139,72639,43830,21524
"48091",2015,4194,3922,4440,3046,1725,3706,3488,4609,2708,1386,7900,7410,9049,5754,3111
"48099",2015,2396,3209,1990,808,690,3100,2324,3049,1483,385,5496,5533,5039,2291,1075
"48113",2015,100543,100542,93136,53870,33234,95343,98305,88868,51877,31480,195886,198847,182004,105747,64714
"48121",2015,26321,30982,28355,17546,9820,24901,28747,28130,16662,10444,51222,59729,56485,34208,20264
"48135",2015,7523,6214,7533,3876,2049,6762,5759,6655,3446,2309,14285,11973,14188,7322,4358
"48139",2015,5336,5608,7225,4233,2339,5356,5873,6768,3693,1804,10692,11481,13993,7926,4143
"48141",2015,34191,32411,32006,20398,12674,34159,30642,31028,18252,12036,68350,63053,63034,38650,24710
"48157",2015,24596,28539,30680,17676,9285,23507,28156,27817,17506,8502,48103,56695,58497,35182,17787
"48167",2015,9055,11932,13405,6572,4296,9115,11246,10685,7335,3619,18170,23178,24090,13907,7915
"48181",2015,3478,3072,5475,2814,1798,4379,3570,4187,2943,1586,7857,6642,9662,5757,3384
"48183",2015,4698,4590,4680,2690,1604,4579,3637,4877,2323,1336,9277,8227,9557,5013,2940
"48187",2015,5057,5536,6087,3666,2286,4682,5061,5686,3639,2260,9739,10597,11773,7305,4546
"48201",2015,177571,178872,168477,98946,59447,170569,175933,159193,94852,54847,348140,354805,327670,193798,114294
"48203",2015,2110,2564,2539,1378,624,2176,2837,1788,1518,1373,4286,5401,4327,2896,1997
"48209",2015,5669,6882,6549,4106,4654,5565,6779,5758,3811,5086,11234,13661,12307,7917,9740
"48213",2015,2034,1746,3140,1750,1155,2185,2561,2188,1594,1038,4219,4307,5328,3344,2193
"48215",2015,41480,36105,41584,22828,13863,40157,38787,38216,22124,13731,81637,74892,79800,44952,27594
"48231",2015,3009,3384,2693,1718,1156,2523,3247,3143,1505,1548,5532,6631,5836,3223,2704
"48245",2015,8980,9018,7695,4679,3164,8436,8732,7899,5024,3253,17416,17750,15594,9703,6417
"48251",2015,5317,5606,6023,4074,2326,5183,4754,7222,3361,2056,10500,10360,13245,7435,4382
"48257",2015,4100,4232,5029,2152,1433,3919,3758,5422,2997,1369,8019,7990,10451,5149,2802
"48291",2015,2985,2589,3023,1787,888,2507,2831,2699,1623,475,5492,5420,5722,3410,1363
"48303",2015,10053,11088,9618,5588,7042,10250,9948,10072,5707,7011,20303,21036,19690,11295,14053
"48309",2015,8983,8382,8337,5663,4537,8679,8803,7258,4835,5526,17662,17185,15595,10498,10063
"48329",2015,7001,6114,5721,3525,1846,6354,6207,6248,3577,2104,13355,12321,11969,7102,3950
"48339",2015,18367,19780,22506,12114,6643,17851,19594,21323,12010,6184,36218,39374,43829,24124,12827
"48347",2015,3189,2471,1358,880,1215,1600,2445,2422,1025,2817,4789,4916,3780,1905,4032
"48355",2015,12602,13794,12106,7938,5706,11884,12293,11694,7928,5616,24486,26087,23800,15866,11322
"48361",2015,2886,3452,2809,1984,1167,2880,2811,2481,1613,1011,5766,6263,5290,3597,2178
"48367",2015,3284,5314,4504,2972,1655,2983,3784,5290,2711,1672,6267,9098,9794,5683,3327
"48375",2015,5752,5527,3800,2248,1073,4501,4927,4224,2409,1753,10253,10454,8024,4657,2826
"48381",2015,4439,5010,4051,2969,1516,4195,4897,3753,2237,2273,8634,9907,7804,5206,3789
"48397",2015,2813,3776,3436,2607,991,2467,2936,4346,2566,1369,5280,6712,7782,5173,2360
"48409",2015,2419,2557,2758,1590,541,2279,2895,2280,1503,966,4698,5452,5038,3093,1507
"48423",2015,7303,8554,7017,4741,2859,8309,7897,7157,4314,3374,15612,16451,14174,9055,6233
"48439",2015,72801,76706,77169,44775,25991,70590,75242,73054,43139,25948,143391,151948,150223,87914,51939
"48441",2015,4894,4615,5030,2587,2678,4868,4564,4451,2681,2640,9762,9179,9481,5268,5318
"48451",2015,3761,3761,3919,2874,2523,3859,4007,3792,1623,2027,7620,7768,7711,4497,4550
"48453",2015,41106,40979,34364,20885,15919,38505,36312,36136,19655,15301,79611,77291,70500,40540,31220
"48469",2015,3293,2936,3945,1463,2412,3378,3532,2957,2292,1203,6671,6468,6902,3755,3615
"48471",2015,2158,2403,1565,572,1916,779,1051,1659,811,2078,2937,3454,3224,1383,3994
"48479",2015,14118,11983,13162,7278,4489,12984,11902,12118,7631,4625,27102,23885,25280,14909,9114
"48485",2015,4415,4203,4369,2520,3942,4017,3761,3529,2292,1936,8432,7964,7898,4812,5878
"48491",2015,17153,21508,18837,11617,6073,16532,18176,20633,11308,6039,33685,39684,39470,22925,12112
"49005",2015,4432,5001,5551,3214,2155,5953,5422,4609,2852,3124,10385,10423,10160,6066,5279
"49011",2015,14705,16850,16071,8618,4776,14566,14059,17429,8739,3907,29271,30909,33500,17357,8683
"49035",2015,45410,47138,42290,25259,14996,42574,43048,42141,23526,13690,87984,90186,84431,48785,28686
"49049",2015,30284,28321,28970,15270,10725,26917,27894,26107,15186,12427,57201,56215,55077,30456,23152
"49053",2015,5546,5662,7087,3606,2416,5281,6608,5296,3959,2489,10827,12270,12383,7565,4905
"49057",2015,9517,10470,10123,5758,3304,9553,9394,9962,5551,3035,19070,19864,20085,11309,6339
"50007",2015,3964,3460,4891,2916,4071,4343,3741,3826,2582,4415,8307,7201,8717,5498,8486
"51003",2015,3029,2956,3054,1922,3340,3073,2711,3412,1689,2761,6102,5667,6466,3611,6101
"51013",2015,6889,6194,4379,2274,1062,7451,6363,4009,2448,1259,14340,12557,8388,4722,2321
"51015",2015,2014,1733,2411,1825,1233,1510,1061,2734,1352,698,3524,2794,5145,3177,1931
"51019",2015,1673,2643,1725,2092,674,1657,1808,2793,1540,634,3330,4451,4518,3632,1308
"51041",2015,9433,11063,12606,8019,4817,10467,11991,10622,7323,4641,19900,23054,23228,15342,9458
"51059",2015,39047,40598,36345,23094,14284,37315,38683,34490,22007,13067,76362,79281,70835,45101,27351
"51061",2015,1971,1981,2585,1623,685,1745,1567,3227,1500,656,3716,3548,5812,3123,1341
"51069",2015,2474,2659,2422,1729,1058,2474,2471,2964,1767,724,4948,5130,5386,3496,1782
"51085",2015,2310,3217,3980,2433,1352,2410,2452,4203,2219,1837,4720,5669,8183,4652,3189
"51087",2015,10307,11913,9700,6255,3949,9973,10009,11336,5991,3092,20280,21922,21036,12246,7041
"51095",2015,2376,1870,2538,1547,777,1359,1391,1938,1907,380,3735,3261,4476,3454,1157
"51107",2015,14533,17063,15545,8614,4882,13558,15629,15841,8463,3728,28091,32692,31386,17077,8610
"51121",2015,2340,2233,1728,1457,3975,2380,1927,2495,1071,4330,4720,4160,4223,2528,8305
"51153",2015,18108,18375,17508,10292,5808,17192,17586,16748,9750,4628,35300,35961,34256,20042,10436
"51161",2015,2428,2215,3079,1871,892,2822,2824,2455,2170,1141,5250,5039,5534,4041,2033
"51165",2015,2222,2173,3004,1671,1156,1854,2086,2741,1623,1402,4076,4259,5745,3294,2558
"51177",2015,4046,3489,6218,3220,1608,3651,4456,4910,3164,1562,7697,7945,11128,6384,3170
"51179",2015,4474,4691,6666,3416,1774,4110,4769,5852,3722,2197,8584,9460,12518,7138,3971
"51199",2015,1625,2441,2820,1563,1041,1807,2116,2494,1659,712,3432,4557,5314,3222,1753
"51510",2015,6967,3963,2562,1399,551,4633,4517,2271,1243,515,11600,8480,4833,2642,1066
"51550",2015,7292,7728,8510,5282,3076,7412,7900,7848,5040,2811,14704,15628,16358,10322,5887
"51650",2015,3963,4566,4190,2000,1499,4143,3778,3735,2391,1907,8106,8344,7925,4391,3406
"51680",2015,2168,2026,3289,1467,4664,1493,1692,2245,1094,3629,3661,3718,5534,2561,8293
"51700",2015,6351,6860,4928,3219,3002,6756,6586,4741,3194,2779,13107,13446,9669,6413,5781
"51710",2015,9007,7235,5870,3526,4756,8102,6372,6243,3309,4655,17109,13607,12113,6835,9411
"51740",2015,3556,3255,2776,1858,907,3860,2789,3186,1780,1660,7416,6044,5962,3638,2567
"51760",2015,6951,5453,5226,2578,3711,6372,6222,4482,2703,5060,13323,11675,9708,5281,8771
"51770",2015,3601,3170,2755,910,991,3304,3672,2293,1970,958,6905,6842,5048,2880,1949
"51800",2015,3225,3503,2630,1888,712,2638,3107,2881,1782,1022,5863,6610,5511,3670,1734
"51810",2015,15360,13038,15114,8776,4765,14488,13547,13628,8191,5031,29848,26585,28742,16967,9796
"53005",2015,6692,7923,6532,4325,2276,7403,7023,6544,4852,2119,14095,14946,13076,9177,4395
"53007",2015,1488,3240,2858,1858,828,2045,2408,3111,1182,975,3533,5648,5969,3040,1803
"53009",2015,1448,1289,2267,1087,945,1986,1625,1759,1341,556,3434,2914,4026,2428,1501
"53011",2015,14700,16581,16574,10381,5486,13832,16985,14825,10343,5420,28532,33566,31399,20724,10906
"53015",2015,2791,3004,3749,1997,935,3391,3779,3206,1897,901,6182,6783,6955,3894,1836
"53021",2015,4506,4408,3855,2253,1845,4193,4502,3785,2265,1499,8699,8910,7640,4518,3344
"53025",2015,3988,3763,3970,2314,1244,4151,4222,3445,2185,1207,8139,7985,7415,4499,2451
"53027",2015,1861,2673,1641,1625,908,1841,2425,1436,1216,1043,3702,5098,3077,2841,1951
"53029",2015,2206,2261,1735,1227,662,1845,1864,2672,1355,454,4051,4125,4407,2582,1116
"53033",2015,65814,65035,57862,34982,23153,62928,63441,54153,34358,22231,128742,128476,112015,69340,45384
"53035",2015,7286,8517,7069,5102,4832,7326,6301,7798,4542,2586,14612,14818,14867,9644,7418
"53041",2015,2098,2302,2159,1801,966,2124,1926,2669,1636,781,4222,4228,4828,3437,1747
"53053",2015,29584,29648,26623,16787,10736,28077,28431,25723,16347,10471,57661,58079,52346,33134,21207
"53057",2015,3824,3621,4048,2211,1096,3594,4311,3401,2133,1262,7418,7932,7449,4344,2358
"53061",2015,24387,25156,25245,15739,8438,23370,21696,26914,14729,8216,47757,46852,52159,30468,16654
"53063",2015,15449,17068,14737,9843,6247,14176,15265,14428,8931,6515,29625,32333,29165,18774,12762
"53067",2015,8490,8542,8362,5540,3780,7414,7786,8060,4192,3195,15904,16328,16422,9732,6975
"53073",2015,5428,6238,5229,3732,4165,5542,5927,6065,3939,4377,10970,12165,11294,7671,8542
"53077",2015,11098,10594,10518,5933,3470,9762,11120,9388,5653,3380,20860,21714,19906,11586,6850
"54003",2015,3193,3995,4114,2508,819,3385,3356,4235,2265,1003,6578,7351,8349,4773,1822
"54011",2015,2979,2060,3238,1715,1900,2800,2451,2846,1648,1403,5779,4511,6084,3363,3303
"54033",2015,2090,1948,2444,1171,765,1896,2015,1812,1462,688,3986,3963,4256,2633,1453
"54039",2015,5226,5860,4780,3372,1858,5668,4019,6112,3328,1591,10894,9879,10892,6700,3449
"54061",2015,2408,1941,2621,1359,3281,2355,2175,2040,1221,2769,4763,4116,4661,2580,6050
"54081",2015,2374,2964,2002,541,903,1983,2060,2622,1901,707,4357,5024,4624,2442,1610
"54107",2015,2626,2460,2708,1573,995,2664,2541,2437,1605,887,5290,5001,5145,3178,1882
"55009",2015,9179,9499,8909,5120,3175,7809,9298,7862,5002,3355,16988,18797,16771,10122,6530
"55025",2015,15196,16313,15141,9388,8503,16021,15556,13945,8391,8760,31217,31869,29086,17779,17263
"55027",2015,2144,2671,3104,1548,973,2067,2978,2606,1769,736,4211,5649,5710,3317,1709
"55035",2015,3478,3714,2740,1490,1796,2521,2994,2429,1611,2681,5999,6708,5169,3101,4477
"55039",2015,2890,3323,3071,1951,1497,2513,2763,2886,2680,1594,5403,6086,5957,4631,3091
"55055",2015,2124,2272,2963,1820,1433,2518,2437,2734,1602,1416,4642,4709,5697,3422,2849
"55059",2015,5152,4678,6966,4011,2370,4780,5201,5999,3453,2214,9932,9879,12965,7464,4584
"55063",2015,3173,3824,2894,1823,2373,3721,3116,3142,2032,3282,6894,6940,6036,3855,5655
"55071",2015,2008,2432,2386,1562,761,1939,2140,2418,1366,690,3947,4572,4804,2928,1451
"55073",2015,4410,4774,4543,2602,1481,4072,4774,3449,2699,1162,8482,9548,7992,5301,2643
"55079",2015,35287,32552,32239,18343,13520,33795,31816,31097,18074,12937,69082,64368,63336,36417,26457
"55087",2015,6077,7140,5632,3824,2294,5483,5636,6358,3732,2007,11560,12776,11990,7556,4301
"55089",2015,2242,2651,2918,1886,1288,2219,2539,2923,1910,1232,4461,5190,5841,3796,2520
"55097",2015,1775,2286,1911,1176,1558,1514,1661,2182,1227,1803,3289,3947,4093,2403,3361
"55101",2015,6798,6392,6919,4440,2356,5334,6164,6252,3779,2092,12132,12556,13171,8219,4448
"55105",2015,4858,5221,5895,3428,2234,4891,5548,5406,3079,1843,9749,10769,11301,6507,4077
"55109",2015,2993,3702,3138,1895,963,2594,3700,2677,1950,889,5587,7402,5815,3845,1852
"55117",2015,3234,3065,4426,2624,1580,3195,3626,3656,2279,1143,6429,6691,8082,4903,2723
"55127",2015,2546,3200,3311,2374,1883,2676,3441,2823,1812,1554,5222,6641,6134,4186,3437
"55131",2015,3028,4259,4886,2714,1365,3680,4972,4171,2992,1209,6708,9231,9057,5706,2574
"55133",2015,10140,12524,13687,8864,4492,10175,12300,11819,8201,4878,20315,24824,25506,17065,9370
"55139",2015,4399,4349,5859,3382,2714,4228,5879,4228,2834,2716,8627,10228,10087,6216,5430
"55141",2015,1860,2745,2043,1397,864,1779,2383,2315,1273,584,3639,5128,4358,2670,1448
"56021",2015,3125,2574,4099,1960,1237,2939,3657,2486,1855,1676,6064,6231,6585,3815,2913
"56025",2015,3094,3203,2533,1335,1296,3099,2140,4426,1202,1153,6193,5343,6959,2537,2449
"72013",2015,2226,1900,3386,1873,1328,2163,1909,2933,1807,1174,4389,3809,6319,3680,2502
"72021",2015,4689,5331,5486,3924,2716,4416,5379,4699,3536,2366,9105,10710,10185,7460,5082
"72025",2015,3315,4899,3514,2875,1896,3225,4323,3668,2638,1754,6540,9222,7182,5513,3650
"72031",2015,3919,4130,5299,3285,2228,3983,2651,6275,3234,2155,7902,6781,11574,6519,4383
"72061",2015,2035,2650,2182,2301,1174,1921,2425,2164,975,1078,3956,5075,4346,3276,2252
"72097",2015,1754,2615,1705,1542,1798,1715,1307,2715,1423,1691,3469,3922,4420,2965,3489
"72113",2015,4260,3984,5313,3149,2270,3942,4811,3943,3135,2134,8202,8795,9256,6284,4404
"72127",2015,8966,10534,8950,6577,4628,8454,8822,10183,6840,5057,17420,19356,19133,13417,9685
"72135",2015,1937,2014,3122,1803,1168,1778,2574,2286,1755,632,3715,4588,5408,3558,1800
"72137",2015,2203,2731,2313,1874,497,2021,3118,1843,1681,1127,4224,5849,4156,3555,1624
"72139",2015,1724,2992,1658,1542,994,1622,1788,2402,1393,715,3346,4780,4060,2935,1709
"01003",2016,5586,6896,6500,4300,2592,5352,6620,6690,4011,2575,10938,13516,13190,8311,5167
"01015",2016,3006,3792,3585,2595,1558,3067,3505,3311,2092,1877,6073,7297,6896,4687,3435
"01043",2016,2384,2376,2561,1750,816,2472,2274,2645,1538,965,4856,4650,5206,3288,1781
"01049",2016,1602,1837,3431,1524,963,2349,2383,2087,1896,1204,3951,4220,5518,3420,2167
"01051",2016,1970,3272,2746,1878,618,2314,2554,2735,1158,879,4284,5826,5481,3036,1497
"01055",2016,2916,2977,3073,2793,1267,2589,2923,3630,1761,1316,5505,5900,6703,4554,2583
"01069",2016,3217,3479,3814,2292,1198,3004,3433,3053,2145,1038,6221,6912,6867,4437,2236
"01073",2016,21850,22817,19887,12396,7979,20981,19858,21391,12602,8021,42831,42675,41278,24998,16000
"01077",2016,2904,2898,2558,2130,1312,2040,1990,2494,1911,1457,4944,4888,5052,4041,2769
"01081",2016,4588,6097,4954,2709,3361,4582,4320,3843,2986,4705,9170,10417,8797,5695,8066
"01083",2016,2177,3568,3846,2545,1643,2524,1839,2967,1854,928,4701,5407,6813,4399,2571
"01089",2016,10284,11139,11929,7094,4980,9837,12464,9354,6752,4430,20121,23603,21283,13846,9410
"01095",2016,2903,3038,3715,2185,1344,3351,3515,2814,1979,770,6254,6553,6529,4164,2114
"01097",2016,13126,12170,15091,8913,4972,13770,14772,12004,8473,5187,26896,26942,27095,17386,10159
"01101",2016,7940,8766,5594,4560,3654,7477,7431,6599,4201,2719,15417,16197,12193,8761,6373
"01103",2016,3390,5045,3326,2919,1613,3361,3373,3323,2604,1708,6751,8418,6649,5523,3321
"01115",2016,2580,2893,3206,2173,737,2745,2152,3017,1450,551,5325,5045,6223,3623,1288
"01117",2016,5992,5869,9006,4369,2542,6488,6818,7105,4904,2441,12480,12687,16111,9273,4983
"01121",2016,2669,3222,2061,2094,1175,1509,2825,2113,1086,975,4178,6047,4174,3180,2150
"01125",2016,6254,6317,5790,3597,4752,6122,5702,6080,3505,5770,12376,12019,11870,7102,10522
"01127",2016,2222,2264,1904,1578,711,1736,1941,1566,1184,744,3958,4205,3470,2762,1455
"02020",2016,11310,10133,11099,6197,3836,10351,10522,8369,5987,3392,21661,20655,19468,12184,7228
"02090",2016,3694,3140,4384,2105,2128,3491,4522,1959,1214,963,7185,7662,6343,3319,3091
"02170",2016,3683,3877,4774,2354,1529,3618,4081,3606,2378,1111,7301,7958,8380,4732,2640
"04001",2016,2203,2971,3116,1628,1242,2657,2776,3367,2232,1233,4860,5747,6483,3860,2475
"04003",2016,3891,4727,2686,2375,1860,3666,3528,4642,2279,1226,7557,8255,7328,4654,3086
"04005",2016,3637,3843,4711,2952,5259,3987,3725,3903,2286,6875,7624,7568,8614,5238,12134
"04013",2016,144673,150318,145828,90424,58041,137088,138585,146626,86573,54078,281761,288903,292454,176997,112119
"04015",2016,4802,5466,5196,3383,1997,4155,5080,5260,3523,2135,8957,10546,10456,6906,4132
"04017",2016,3774,4737,3996,3064,1535,4018,4057,4462,2606,981,7792,8794,8458,5670,2516
"04019",2016,29995,30352,31238,19495,15841,29034,30455,28356,18742,15577,59029,60807,59594,38237,31418
"04021",2016,12469,13711,15590,8036,5177,11977,15839,12255,8363,4386,24446,29550,27845,16399,9563
"04025",2016,4156,6492,5647,3430,3428,4200,5255,4879,3221,3148,8356,11747,10526,6651,6576
"04027",2016,7538,8293,6795,4313,3287,7378,7682,6212,4172,2654,14916,15975,13007,8485,5941
"05007",2016,9737,9772,10402,5621,3569,8839,9997,9538,5300,2846,18576,19769,19940,10921,6415
"05031",2016,3567,4022,3616,2315,2376,3306,4612,2391,2267,2950,6873,8634,6007,4582,5326
"05045",2016,3717,3520,4838,2372,2479,3719,4270,3818,2116,3192,7436,7790,8656,4488,5671
"05051",2016,3322,3753,2149,1339,1934,2161,3436,2190,2045,727,5483,7189,4339,3384,2661
"05069",2016,2381,1806,2672,1501,750,1834,1760,2530,1356,1289,4215,3566,5202,2857,2039
"05085",2016,2408,2548,3054,1702,713,2334,1865,2527,1997,665,4742,4413,5581,3699,1378
"05119",2016,13700,14956,11496,7411,4991,12398,14500,10743,7431,4745,26098,29456,22239,14842,9736
"05125",2016,3746,4692,3708,2459,1630,3431,3098,4394,2297,1560,7177,7790,8102,4756,3190
"05131",2016,4117,5033,3690,2654,1532,3943,4037,4474,3005,1663,8060,9070,8164,5659,3195
"05143",2016,7970,7656,8514,4209,4487,7431,7428,8243,4783,5603,15401,15084,16757,8992,10090
"05145",2016,2642,2795,2456,1510,1133,2815,1948,2979,1609,2217,5457,4743,5435,3119,3350
"06001",2016,50262,51785,46584,28436,19457,47530,45981,48052,26856,19928,97792,97766,94636,55292,39385
"06007",2016,5980,7443,6493,3945,4019,5508,7109,5666,3534,4486,11488,14552,12159,7479,8505
"06013",2016,33322,37119,38822,23743,13395,32702,36350,36936,22562,12607,66024,73469,75758,46305,26002
"06017",2016,4939,6131,5332,3864,2414,3584,5619,4644,3828,1754,8523,11750,9976,7692,4168
"06019",2016,40530,40252,39719,22623,13948,38397,37786,39091,22061,13312,78927,78038,78810,44684,27260
"06023",2016,3280,3086,4707,1926,2281,3539,4055,3451,2532,2373,6819,7141,8158,4458,4654
"06025",2016,7664,8567,6199,4395,2759,7284,5350,7967,4328,2894,14948,13917,14166,8723,5653
"06029",2016,36095,35812,38052,21534,12285,34835,37274,34505,20092,11941,70930,73086,72557,41626,24226
"06031",2016,6138,5436,6095,2872,1467,5564,4862,6616,3355,2174,11702,10298,12711,6227,3641
"06033",2016,1728,1725,2258,734,1003,1641,2246,1611,1344,369,3369,3971,3869,2078,1372
"06037",2016,321901,316869,314443,198678,134704,306404,305004,299740,190076,131744,628305,621873,614183,388754,266448
"06039",2016,5623,6081,6110,3520,2190,5590,6675,5644,3299,2255,11213,12756,11754,6819,4445
"06041",2016,5834,6891,8756,5039,2500,6920,7961,7654,4105,2953,12754,14852,16410,9144,5453
"06045",2016,2696,2101,3190,1268,1569,2630,3094,2469,1870,1070,5326,5195,5659,3138,2639
"06047",2016,11248,11962,10928,7070,4641,10440,11253,10950,6421,4545,21688,23215,21878,13491,9186
"06053",2016,16706,16378,17095,9183,6919,15953,16012,14877,8582,6272,32659,32390,31972,17765,13191
"06055",2016,3625,4270,4656,2696,2020,3741,4112,4291,2704,1107,7366,8382,8947,5400,3127
"06057",2016,1984,2467,3277,2344,879,1714,2191,2968,782,618,3698,4658,6245,3126,1497
"06059",2016,96268,97154,105762,64855,41212,92605,91794,101824,62379,40361,188873,188948,207586,127234,81573
"06061",2016,10125,12767,12514,7885,5258,9987,11682,12593,7821,4293,20112,24449,25107,15706,9551
"06065",2016,80073,89182,87928,55214,34784,77442,83383,86978,53737,33653,157515,172565,174906,108951,68437
"06067",2016,50419,48964,54983,30538,17825,48883,47908,51708,29655,16595,99302,96872,106691,60193,34420
"06071",2016,78592,78224,84997,50402,31931,75332,81210,76235,48315,29521,153924,159434,161232,98717,61452
"06073",2016,109372,99050,103243,60540,48526,104243,98393,95690,57797,42153,213615,197443,198933,118337,90679
"06075",2016,20361,17082,13927,8586,6836,19307,16094,14016,8602,6869,39668,33176,27943,17188,13705
"06077",2016,26724,29524,28937,17981,11004,25203,29951,26233,16807,9544,51927,59475,55170,34788,20548
"06079",2016,6742,7322,7235,4282,7455,6377,6402,8018,4315,6642,13119,13724,15253,8597,14097
"06081",2016,22584,23685,23344,13643,7655,21174,21778,22860,12457,6757,43758,45463,46204,26100,14412
"06083",2016,15022,15508,12398,8009,9891,13930,13647,13202,8408,10617,28952,29155,25600,16417,20508
"06085",2016,60638,64288,61315,35942,22406,57456,59258,60022,34259,21285,118094,123546,121337,70201,43691
"06087",2016,7287,8214,7411,5054,7055,7221,7005,7617,4347,6998,14508,15219,15028,9401,14053
"06089",2016,5697,4736,6036,3919,2421,4917,5447,5196,2666,1946,10614,10183,11232,6585,4367
"06095",2016,14196,13525,14706,8443,5319,13174,13911,12741,8210,4675,27370,27436,27447,16653,9994
"06097",2016,12912,14870,14474,8883,5527,12607,13068,15511,8358,6417,25519,27938,29985,17241,11944
"06099",2016,20062,19108,23248,11512,7688,19534,20582,20209,12861,7101,39596,39690,43457,24373,14789
"06101",2016,3226,3738,4277,2156,1643,3334,3199,3210,1815,1350,6560,6937,7487,3971,2993
"06107",2016,19643,21179,20187,11665,6711,19745,19223,20651,11677,6581,39388,40402,40838,23342,13292
"06111",2016,26245,27621,29615,17969,11263,25618,28038,27582,17762,10677,51863,55659,57197,35731,21940
"06113",2016,6091,6929,5950,4008,5365,6383,6982,5737,3600,7222,12474,13911,11687,7608,12587
"06115",2016,2913,3272,3371,1184,396,2782,3295,2359,1791,1398,5695,6567,5730,2975,1794
"08001",2016,18583,19261,20382,10902,6163,17981,18207,19751,10929,5590,36564,37468,40133,21831,11753
"08005",2016,20705,22967,21745,14438,7023,20210,20693,21317,11041,6381,40915,43660,43062,25479,13404
"08013",2016,7913,9361,9547,5543,6989,7638,7528,10165,5745,7617,15551,16889,19712,11288,14606
"08014",2016,2047,1760,2491,1345,375,1745,2225,2412,1642,321,3792,3985,4903,2987,696
"08031",2016,22467,22038,17239,9728,7052,21604,20115,18091,9358,7962,44071,42153,35330,19086,15014
"08035",2016,10477,12903,14284,8597,4123,8989,12241,13538,8377,3539,19466,25144,27822,16974,7662
"08041",2016,24375,23915,24271,14630,10800,23105,23462,21791,13482,8555,47480,47377,46062,28112,19355
"08059",2016,15266,16722,16617,10619,7091,14893,15875,15852,10090,5979,30159,32597,32469,20709,13070
"08069",2016,8854,8890,11044,6645,6019,8902,9494,9353,4844,6579,17756,18384,20397,11489,12598
"08077",2016,4963,5676,4057,2956,2668,4464,4888,4185,2597,2212,9427,10564,8242,5553,4880
"08101",2016,4906,5543,5509,3329,1629,4897,5718,4722,3195,1568,9803,11261,10231,6524,3197
"08123",2016,11235,12858,9977,6286,4265,10340,11655,9858,6108,4913,21575,24513,19835,12394,9178
"09001",2016,26902,30374,32895,21129,13618,25793,30484,30212,19880,13335,52695,60858,63107,41009,26953
"09003",2016,24677,24922,29525,18248,12186,23250,24630,27865,17265,12059,47927,49552,57390,35513,24245
"09005",2016,3906,4634,5958,3663,1828,3590,3519,5489,3494,1715,7496,8153,11447,7157,3543
"09007",2016,3783,4325,4636,3246,1904,3078,2933,5467,2725,2163,6861,7258,10103,5971,4067
"09009",2016,22921,24746,25635,17084,13347,21724,21822,26463,16187,13299,44645,46568,52098,33271,26646
"09011",2016,6592,7605,7519,5152,5158,7248,6574,8185,4730,3079,13840,14179,15704,9882,8237
"09013",2016,2605,4948,3603,2374,5196,3243,3195,3981,2654,4453,5848,8143,7584,5028,9649
"09015",2016,2863,2444,3250,2599,1986,2854,3733,3327,1805,1754,5717,6177,6577,4404,3740
"10001",2016,5979,5225,6256,3285,3110,5195,6177,4682,3732,2485,11174,11402,10938,7017,5595
"10003",2016,16682,14949,19118,10804,8179,15865,16609,17491,10333,8724,32547,31558,36609,21137,16903
"10005",2016,5715,5979,5955,3603,1705,5805,5777,5773,3248,1626,11520,11756,11728,6851,3331
"11001",2016,22166,18314,12478,7905,9419,21380,16395,14397,7747,12520,43546,34709,26875,15652,21939
"12001",2016,6700,7605,5293,4170,8012,7699,6879,5878,3548,8726,14399,14484,11171,7718,16738
"12005",2016,6268,5950,4112,4154,2164,5070,6661,4958,2787,1747,11338,12611,9070,6941,3911
"12009",2016,14178,14764,15976,9699,4971,13352,14274,15073,9853,5382,27530,29038,31049,19552,10353
"12011",2016,56807,56917,56794,36326,21356,54540,49952,60722,35301,19538,111347,106869,117516,71627,40894
"12015",2016,3071,2895,3423,2628,1731,2388,3562,2696,2142,1204,5459,6457,6119,4770,2935
"12017",2016,2906,3159,2760,1824,1706,2450,2393,2799,1975,997,5356,5552,5559,3799,2703
"12019",2016,6105,7681,5850,5390,3153,5541,7048,7425,4361,2177,11646,14729,13275,9751,5330
"12021",2016,8356,9679,8859,5641,4091,8073,9190,8821,5347,4087,16429,18869,17680,10988,8178
"12023",2016,1821,2942,1554,1139,1259,2121,1914,1900,1370,1013,3942,4856,3454,2509,2272
"12031",2016,31940,29797,28586,16376,11110,30728,28537,27455,16340,10104,62668,58334,56041,32716,21214
"12033",2016,9307,9730,8759,5341,7088,9902,6979,10479,5370,5739,19209,16709,19238,10711,12827
"12035",2016,2389,2695,2785,2086,1429,1643,1692,3336,2199,1290,4032,4387,6121,4285,2719
"12053",2016,3339,5678,4607,3677,2117,4414,3726,5601,3125,1616,7753,9404,10208,6802,3733
"12055",2016,1754,3267,1691,1157,1138,2617,2854,2631,1710,1692,4371,6121,4322,2867,2830
"12057",2016,45065,44217,45275,27278,17653,42974,44585,41303,26073,17166,88039,88802,86578,53351,34819
"12061",2016,3260,2132,4202,2947,2077,2063,2767,4481,2994,3996,5323,4899,8683,5941,6073
"12069",2016,9724,8071,10600,6200,2379,7086,8443,9472,5804,3941,16810,16514,20072,12004,6320
"12071",2016,17786,17491,20396,11699,7337,16588,15289,20711,11390,7084,34374,32780,41107,23089,14421
"12073",2016,7823,6823,8013,4547,6852,7035,7124,7545,4654,9527,14858,13947,15558,9201,16379
"12081",2016,9329,10975,9164,6310,3446,9373,10428,9365,6239,4535,18702,21403,18529,12549,7981
"12083",2016,9680,8910,10245,5414,3523,7516,8601,9861,5054,3711,17196,17511,20106,10468,7234
"12085",2016,3381,4083,4179,2176,2276,3766,2928,3954,2491,2606,7147,7011,8133,4667,4882
"12086",2016,79810,78742,75087,47804,31621,77677,74242,72945,45899,30372,157487,152984,148032,93703,61993
"12087",2016,2241,1502,1594,898,1584,1752,1328,1562,961,497,3993,2830,3156,1859,2081
"12089",2016,1945,2240,2594,1507,827,1858,2033,2305,1398,843,3803,4273,4899,2905,1670
"12091",2016,7147,5808,6386,3722,2610,6414,5557,6082,3195,2034,13561,11365,12468,6917,4644
"12095",2016,42295,41492,42257,25128,18548,40405,38939,40190,25095,19145,82700,80431,82447,50223,37693
"12097",2016,10831,12197,10076,7407,5363,12405,9424,13103,7557,4650,23236,21621,23179,14964,10013
"12099",2016,38097,38863,40130,25996,15982,36481,38147,38130,23881,15318,74578,77010,78260,49877,31300
"12101",2016,13695,13949,15878,9507,5806,12960,13967,14704,9230,4902,26655,27916,30582,18737,10708
"12103",2016,21728,20295,24750,14522,8724,21593,21388,21754,14147,8031,43321,41683,46504,28669,16755
"12105",2016,19806,23660,19600,13105,8246,19194,20345,21048,12738,7804,39000,44005,40648,25843,16050
"12107",2016,1967,2787,2344,1975,375,1521,1646,2513,869,776,3488,4433,4857,2844,1151
"12109",2016,6076,6942,9350,5316,2184,5238,5920,8590,4801,2668,11314,12862,17940,10117,4852
"12111",2016,8110,9202,8545,5836,3030,7557,8277,9108,5417,4031,15667,17479,17653,11253,7061
"12113",2016,4984,4373,6251,3256,2122,5169,5211,5269,3433,2022,10153,9584,11520,6689,4144
"12115",2016,6725,8473,11361,5198,3807,7102,7579,8008,5438,4272,13827,16052,19369,10636,8079
"12117",2016,12053,13379,14161,9727,4894,11784,15419,11389,8805,5257,23837,28798,25550,18532,10151
"12119",2016,1227,465,1760,709,1115,839,1149,1558,1058,1000,2066,1614,3318,1767,2115
"12127",2016,12194,14126,12374,10424,6150,12125,13315,11886,7894,5506,24319,27441,24260,18318,11656
"12131",2016,1651,919,3050,1545,901,1447,1030,2010,1276,399,3098,1949,5060,2821,1300
"13013",2016,2327,2825,3822,1590,1101,2537,3438,2333,1653,702,4864,6263,6155,3243,1803
"13015",2016,3929,4754,3365,1857,1186,2868,3681,3475,1923,1040,6797,8435,6840,3780,2226
"13021",2016,5633,5089,5418,3476,1970,5219,5305,5149,2870,2636,10852,10394,10567,6346,4606
"13031",2016,2881,1897,1984,1294,3752,1484,1804,2306,994,5061,4365,3701,4290,2288,8813
"13045",2016,3597,3125,5260,3141,2557,3264,3593,3643,2386,2820,6861,6718,8903,5527,5377
"13047",2016,2140,1665,2865,2226,652,1909,1957,1759,664,282,4049,3622,4624,2890,934
"13051",2016,9769,9484,8138,5014,4069,9315,9108,8085,4502,5796,19084,18592,16223,9516,9865
"13057",2016,7990,8174,10261,6078,3029,6603,8824,8378,4846,2370,14593,16998,18639,10924,5399
"13059",2016,5053,3482,2235,1350,4458,2857,2458,2982,874,6303,7910,5940,5217,2224,10761
"13063",2016,10146,10867,10567,5844,3660,12433,11724,10987,6465,4149,22579,22591,21554,12309,7809
"13067",2016,24299,26007,25297,15832,9973,23779,25798,24899,15597,9624,48078,51805,50196,31429,19597
"13073",2016,5001,5613,5155,3448,2164,4633,5482,5206,3700,1029,9634,11095,10361,7148,3193
"13077",2016,4686,4950,5544,3023,1775,4162,4217,5907,2941,1765,8848,9167,11451,5964,3540
"13089",2016,27081,25005,23647,13016,7781,26547,24989,21813,13500,7920,53628,49994,45460,26516,15701
"13095",2016,2751,2384,4006,1840,1236,3271,2358,3803,2045,1125,6022,4742,7809,3885,2361
"13097",2016,4491,5824,5430,3746,1270,4208,5208,5353,2928,2045,8699,11032,10783,6674,3315
"13113",2016,2639,3907,3850,2880,1733,2274,2620,5079,2774,1644,4913,6527,8929,5654,3377
"13115",2016,3196,2361,3969,2278,1065,2084,2721,3441,2385,2087,5280,5082,7410,4663,3152
"13117",2016,7103,8578,10561,5705,2623,6462,8476,9624,5509,2213,13565,17054,20185,11214,4836
"13121",2016,32255,31382,33746,19754,14926,31057,32978,30735,19719,14654,63312,64360,64481,39473,29580
"13127",2016,2170,3937,1904,1822,1160,2747,2465,3084,1313,928,4917,6402,4988,3135,2088
"13135",2016,31043,34492,38419,22828,11910,30035,32081,38341,22067,11093,61078,66573,76760,44895,23003
"13139",2016,6893,7478,7422,4365,2569,6354,6782,7353,4438,2713,13247,14260,14775,8803,5282
"13151",2016,6130,9011,9174,6033,2828,6431,6843,9059,5794,3095,12561,15854,18233,11827,5923
"13153",2016,5464,5794,5512,3396,2080,4868,5840,5158,3123,1440,10332,11634,10670,6519,3520
"13179",2016,3027,2169,2766,1220,1247,3106,1703,2585,1011,398,6133,3872,5351,2231,1645
"13185",2016,4049,4100,3673,2304,2168,3873,4258,3095,2075,1483,7922,8358,6768,4379,3651
"13215",2016,7384,6415,7046,3810,4634,7254,6595,6575,3538,2382,14638,13010,13621,7348,7016
"13217",2016,3310,4401,3736,1974,2396,4068,3800,4248,2992,1927,7378,8201,7984,4966,4323
"13223",2016,5837,5035,7166,3465,2176,4161,6048,6266,4056,1844,9998,11083,13432,7521,4020
"13245",2016,7059,7668,5242,3772,3812,6741,6684,6086,3623,2554,13800,14352,11328,7395,6366
"13247",2016,2384,3299,3379,2332,1435,2604,3424,2844,2302,1060,4988,6723,6223,4634,2495
"13285",2016,2508,2209,2932,1955,1087,2089,2728,2180,924,735,4597,4937,5112,2879,1822
"13295",2016,2719,2411,1945,1360,859,1603,1713,2162,1395,1067,4322,4124,4107,2755,1926
"13297",2016,2687,3458,3436,2353,1921,2628,2881,2903,2430,1134,5315,6339,6339,4783,3055
"13313",2016,3445,3651,4144,3315,1586,3315,4579,3957,1881,1512,6760,8230,8101,5196,3098
"15001",2016,6498,6253,5994,3224,1636,5552,6819,4907,3532,2048,12050,13072,10901,6756,3684
"15003",2016,33657,30070,29370,16856,11155,30553,26682,29246,15515,10387,64210,56752,58616,32371,21542
"15007",2016,1818,2618,1910,1142,737,2720,2882,2155,945,1081,4538,5500,4065,2087,1818
"15009",2016,5111,5980,5063,2960,1732,4813,4999,4854,3067,2034,9924,10979,9917,6027,3766
"16001",2016,13410,15642,16205,10024,5334,13242,16531,14487,8791,5245,26652,32173,30692,18815,10579
"16005",2016,2800,2918,3500,1911,1416,3490,3094,2750,2047,1213,6290,6012,6250,3958,2629
"16019",2016,4838,5595,4739,3068,1496,4469,4861,4840,2369,1254,9307,10456,9579,5437,2750
"16027",2016,8341,10059,7650,5133,3143,8177,8399,9150,5307,3059,16518,18458,16800,10440,6202
"16055",2016,5066,5380,4881,3274,1770,4485,4979,4509,2827,1659,9551,10359,9390,6101,3429
"16083",2016,3105,3448,3312,1603,726,3258,3436,3073,1956,811,6363,6884,6385,3559,1537
"17001",2016,1900,2188,2585,1233,711,2002,1998,1870,1284,624,3902,4186,4455,2517,1335
"17019",2016,5547,6161,4273,3224,7515,5988,5526,5537,2918,7608,11535,11687,9810,6142,15123
"17031",2016,166580,163515,162452,97582,62649,160471,155967,158913,96239,61553,327051,319482,321365,193821,124202
"17037",2016,3195,3691,3536,1889,2248,2390,2584,3429,2116,3832,5585,6275,6965,4005,6080
"17043",2016,27518,31423,30098,19805,11821,27013,30748,28133,19065,10952,54531,62171,58231,38870,22773
"17089",2016,18206,17853,22785,13465,7069,16105,18564,20565,12276,6520,34311,36417,43350,25741,13589
"17091",2016,3421,3737,3692,2515,1531,3054,3448,4119,1928,1852,6475,7185,7811,4443,3383
"17093",2016,5141,4730,6093,2966,1096,3383,4068,6022,3441,2196,8524,8798,12115,6407,3292
"17097",2016,20928,24245,26921,17064,12636,20087,23021,25660,16267,9631,41015,47266,52581,33331,22267
"17099",2016,2700,3372,3369,2354,1659,3127,3666,2760,2241,1234,5827,7038,6129,4595,2893
"17111",2016,8550,10146,12001,7329,4291,8164,9989,11244,6864,3399,16714,20135,23245,14193,7690
"17113",2016,4624,5772,5351,3742,3864,4997,5495,4427,3160,4494,9621,11267,9778,6902,8358
"17115",2016,3353,3382,3359,1808,1957,3172,3268,3069,2213,1527,6525,6650,6428,4021,3484
"17119",2016,7794,8389,8745,5167,3435,7390,7546,7846,5370,3179,15184,15935,16591,10537,6614
"17143",2016,6743,6648,5862,3394,2657,6274,6399,5400,3702,2664,13017,13047,11262,7096,5321
"17161",2016,4484,4110,4989,2065,1788,4613,4893,4376,2679,2159,9097,9003,9365,4744,3947
"17163",2016,8805,9888,8020,5333,2696,7995,8096,9163,5169,2697,16800,17984,17183,10502,5393
"17167",2016,6478,6867,6016,3785,2281,4783,6751,5983,4112,2337,11261,13618,11999,7897,4618
"17179",2016,3940,5204,3377,2931,1487,3708,3690,4928,2529,1313,7648,8894,8305,5460,2800
"17183",2016,3020,2867,2224,1531,877,2105,2141,3011,1726,953,5125,5008,5235,3257,1830
"17197",2016,20990,23699,28297,17575,9704,19834,23845,26414,16704,8894,40824,47544,54711,34279,18598
"17199",2016,2817,1663,2267,1424,604,1695,1224,2606,1391,448,4512,2887,4873,2815,1052
"17201",2016,8966,10807,8885,6166,3367,8562,7876,9983,5920,3073,17528,18683,18868,12086,6440
"18003",2016,13672,13277,13924,8184,4908,12694,13272,13123,8218,4235,26366,26549,27047,16402,9143
"18005",2016,3187,3433,2572,1485,986,2432,2469,2375,1528,904,5619,5902,4947,3013,1890
"18019",2016,3905,3854,3784,2006,1337,3183,4273,3369,2362,1031,7088,8127,7153,4368,2368
"18035",2016,3137,2431,3457,2051,2718,2780,2747,2559,2013,3635,5917,5178,6016,4064,6353
"18039",2016,7907,8658,7046,4962,2976,7552,6490,9149,4734,2015,15459,15148,16195,9696,4991
"18043",2016,2261,2058,2809,1383,799,2137,2719,2107,1611,1179,4398,4777,4916,2994,1978
"18053",2016,1810,2513,1895,1275,1064,1753,1783,1830,1065,1613,3563,4296,3725,2340,2677
"18057",2016,9928,12123,13617,7345,3503,11834,11395,13525,8130,3136,21762,23518,27142,15475,6639
"18059",2016,2033,2868,2454,1762,268,1971,2379,2368,1567,754,4004,5247,4822,3329,1022
"18063",2016,4829,4753,6433,4266,1652,5251,5671,5811,3968,1547,10080,10424,12244,8234,3199
"18067",2016,2297,2861,2982,1669,702,2129,1731,3138,2006,939,4426,4592,6120,3675,1641
"18081",2016,5160,6168,4157,3208,2137,5216,6761,4654,3279,1615,10376,12929,8811,6487,3752
"18085",2016,2446,2533,2776,1816,996,2622,2597,2841,1528,916,5068,5130,5617,3344,1912
"18089",2016,15447,16276,16766,10860,5908,14619,17366,14582,10658,5742,30066,33642,31348,21518,11650
"18091",2016,3246,3897,3941,1882,1308,3071,2444,3698,1794,1134,6317,6341,7639,3676,2442
"18095",2016,3689,3684,4642,2759,1463,3625,3753,3759,2407,2295,7314,7437,8401,5166,3758
"18097",2016,36000,34712,30799,18577,10407,34050,32774,30018,17783,11268,70050,67486,60817,36360,21675
"18105",2016,3462,3180,3142,2392,5797,2907,2945,3162,1686,6739,6369,6125,6304,4078,12536
"18109",2016,1952,2300,2137,1536,983,1681,1815,2590,1476,663,3633,4115,4727,3012,1646
"18127",2016,4651,5724,5383,3465,2181,4416,5388,5005,3740,2379,9067,11112,10388,7205,4560
"18141",2016,9171,8312,9989,5702,4441,8403,8154,9367,5239,5619,17574,16466,19356,10941,10060
"18157",2016,6359,5833,5733,2582,6839,5588,6391,3644,2987,5466,11947,12224,9377,5569,12305
"18163",2016,5958,5810,5649,3584,2416,4842,5317,5546,2970,3155,10800,11127,11195,6554,5571
"18167",2016,3146,3742,2742,1968,2287,3056,3393,2803,1567,2041,6202,7135,5545,3535,4328
"18177",2016,1860,2225,1767,1379,1021,2030,2336,1759,1238,801,3890,4561,3526,2617,1822
"19013",2016,4521,5009,3966,1893,2134,3796,4191,2890,2188,2928,8317,9200,6856,4081,5062
"19049",2016,3543,3889,2955,1692,739,3015,3670,3378,1630,680,6558,7559,6333,3322,1419
"19061",2016,3256,2773,3512,1918,1937,2929,3442,2441,1898,1687,6185,6215,5953,3816,3624
"19103",2016,4525,3783,4618,2055,5085,4109,4224,3749,2450,4737,8634,8007,8367,4505,9822
"19113",2016,7314,7330,7198,4704,2383,7149,7343,7137,4203,2933,14463,14673,14335,8907,5316
"19153",2016,17656,18653,14806,9227,6291,17135,14993,17259,9517,6151,34791,33646,32065,18744,12442
"19155",2016,2581,2960,3619,1839,1523,2988,2978,3026,1744,1128,5569,5938,6645,3583,2651
"19163",2016,5752,5593,6476,3576,2131,5325,6054,5747,2944,2345,11077,11647,12223,6520,4476
"19169",2016,2269,2404,1916,1564,5870,2145,1515,2431,1304,4018,4414,3919,4347,2868,9888
"19193",2016,4474,3774,3940,2272,1567,3156,3234,3972,2376,1183,7630,7008,7912,4648,2750
"20015",2016,2032,2259,2525,1726,996,1950,2098,2693,1676,857,3982,4357,5218,3402,1853
"20045",2016,3430,2306,3543,2015,6477,3203,3383,2192,1832,4030,6633,5689,5735,3847,10507
"20091",2016,19183,21761,20857,12352,6829,18360,19524,20491,12576,6143,37543,41285,41348,24928,12972
"20103",2016,2365,3212,2845,2527,806,2583,2104,2712,710,816,4948,5316,5557,3237,1622
"20161",2016,2868,1682,1322,917,2954,1936,1962,757,537,3182,4804,3644,2079,1454,6136
"20173",2016,19026,21504,16484,11079,6440,18105,18376,18356,10748,5825,37131,39880,34840,21827,12265
"20177",2016,6119,6322,5974,3728,1912,5554,6653,5080,3397,1600,11673,12975,11054,7125,3512
"20209",2016,6975,5981,7350,3399,1709,6609,5863,6648,3368,2190,13584,11844,13998,6767,3899
"21015",2016,5014,4684,5052,3537,1903,3759,4687,4653,3195,1233,8773,9371,9705,6732,3136
"21029",2016,2148,3025,2639,1612,890,2039,2526,2388,1525,920,4187,5551,5027,3137,1810
"21037",2016,2649,3069,2406,1692,1623,2578,3099,2341,1702,1501,5227,6168,4747,3394,3124
"21047",2016,3455,2913,2606,1341,1566,3478,2183,2649,1197,387,6933,5096,5255,2538,1953
"21059",2016,3606,3299,3125,2081,1379,3599,2973,3397,1859,1495,7205,6272,6522,3940,2874
"21067",2016,10111,9681,8993,5228,5927,9704,9229,8729,5156,6776,19815,18910,17722,10384,12703
"21093",2016,3783,2589,4664,2485,1719,3380,3709,3737,2180,1336,7163,6298,8401,4665,3055
"21111",2016,24753,25323,22921,14829,9456,23988,21430,24558,13796,8822,48741,46753,47479,28625,18278
"21117",2016,5760,5911,5264,3170,1696,5417,6382,4811,3162,1582,11177,12293,10075,6332,3278
"21145",2016,2162,2258,1525,1432,690,1940,1706,1824,1418,1004,4102,3964,3349,2850,1694
"21151",2016,2426,3340,2479,1556,3057,2605,2546,2626,1440,4052,5031,5886,5105,2996,7109
"21185",2016,1510,1642,3125,1945,989,1657,2746,2379,1702,677,3167,4388,5504,3647,1666
"21227",2016,4337,3620,4326,2267,3437,4021,3648,4262,2003,4429,8358,7268,8588,4270,7866
"22005",2016,3641,5912,6513,2247,2642,4646,4328,3770,2299,1856,8287,10240,10283,4546,4498
"22015",2016,5201,4767,3954,3154,1343,4118,4665,3827,2128,1411,9319,9432,7781,5282,2754
"22017",2016,8712,8679,8209,4984,2330,9015,7241,8829,4746,2911,17727,15920,17038,9730,5241
"22019",2016,7154,8314,6028,4641,3868,6834,5715,7575,3647,3179,13988,14029,13603,8288,7047
"22033",2016,14610,13750,13817,8771,7187,14586,13414,13993,8197,7444,29196,27164,27810,16968,14631
"22045",2016,1668,2434,2910,1878,932,3562,2308,3496,1455,1090,5230,4742,6406,3333,2022
"22051",2016,14026,11914,14453,8027,4780,13556,14489,11482,7794,4284,27582,26403,25935,15821,9064
"22055",2016,9218,6901,8733,4838,3212,7707,8831,6764,4473,3299,16925,15732,15497,9311,6511
"22057",2016,3080,2256,4321,1894,1608,2877,2239,3847,2529,1673,5957,4495,8168,4423,3281
"22063",2016,5208,5696,5462,2794,2533,4778,5426,4030,3199,1576,9986,11122,9492,5993,4109
"22071",2016,12056,12086,10051,6582,4577,11309,12076,9515,6131,4825,23365,24162,19566,12713,9402
"22073",2016,5730,5486,5624,3583,2148,5340,4928,5740,3408,2164,11070,10414,11364,6991,4312
"22079",2016,4667,4758,4767,3076,2264,4387,3354,5477,2696,1851,9054,8112,10244,5772,4115
"22097",2016,2815,3490,3038,1937,1278,3463,3312,2848,1813,746,6278,6802,5886,3750,2024
"22103",2016,6998,8764,9355,5942,3172,7951,6779,9993,5397,2621,14949,15543,19348,11339,5793
"22105",2016,4530,4105,4812,2993,1702,4444,5566,2553,2908,2753,8974,9671,7365,5901,4455
"22109",2016,4917,3226,4781,2486,1455,3092,4709,3617,2361,1003,8009,7935,8398,4847,2458
"23001",2016,3033,3417,2948,1835,1481,3262,3787,2731,1980,1680,6295,7204,5679,3815,3161
"23003",2016,1783,1697,1797,1153,843,1556,1973,1387,1180,701,3339,3670,3184,2333,1544
"23005",2016,7310,9218,6570,5435,3770,7330,8010,7352,4894,3748,14640,17228,13922,10329,7518
"23011",2016,3012,3709,3622,2151,1549,2697,3520,2901,2176,1590,5709,7229,6523,4327,3139
"23019",2016,3620,4868,3269,2676,3420,3298,4008,3684,2558,2500,6918,8876,6953,5234,5920
"23031",2016,5291,4492,6941,3949,1988,4304,4587,6355,3559,2109,9595,9079,13296,7508,4097
"24001",2016,1864,2147,1623,1208,1345,1428,1583,1744,1159,1555,3292,3730,3367,2367,2900
"24003",2016,18194,18131,17989,11003,6699,16668,16940,18231,10165,5164,34862,35071,36220,21168,11863
"24005",2016,24780,27822,22878,15605,11035,24228,24542,24459,15224,11640,49008,52364,47337,30829,22675
"24009",2016,2213,3331,3464,2446,1598,1901,2697,3229,2290,1085,4114,6028,6693,4736,2683
"24013",2016,4662,5101,5322,3737,2458,3683,4750,5961,3414,1985,8345,9851,11283,7151,4443
"24015",2016,2770,4470,3151,1995,1206,2763,2639,3527,2345,820,5533,7109,6678,4340,2026
"24017",2016,4636,5389,6167,3793,2081,4514,4593,5813,3292,1849,9150,9982,11980,7085,3930
"24021",2016,7102,7966,8865,5419,3330,7396,8114,7902,5434,2732,14498,16080,16767,10853,6062
"24025",2016,7319,8457,7780,5445,2804,6667,6763,9004,4851,2473,13986,15220,16784,10296,5277
"24027",2016,10023,11327,11479,7296,3083,9036,9829,11969,7048,3284,19059,21156,23448,14344,6367
"24031",2016,34418,34505,34715,20995,11532,32519,34004,32492,20649,10896,66937,68509,67207,41644,22428
"24033",2016,30558,28992,27716,16381,13713,29270,31620,23274,15794,12990,59828,60612,50990,32175,26703
"24037",2016,3614,3238,4846,2005,2016,3301,3662,4247,2729,1195,6915,6900,9093,4734,3211
"24043",2016,4252,4811,4816,3031,1405,4355,4573,4647,2879,1137,8607,9384,9463,5910,2542
"24045",2016,3013,3523,3271,2178,2624,2843,2681,3176,1938,2560,5856,6204,6447,4116,5184
"24510",2016,20462,17466,17452,9783,7735,19883,17256,16789,10063,8840,40345,34722,34241,19846,16575
"25001",2016,4105,3900,5317,3217,2558,4248,5076,4753,3224,1571,8353,8976,10070,6441,4129
"25003",2016,2320,2814,4084,2025,1870,2429,3267,2847,2343,1984,4749,6081,6931,4368,3854
"25005",2016,14825,16998,17331,10868,7617,14325,16908,15402,9510,7187,29150,33906,32733,20378,14804
"25009",2016,21732,22538,27026,15417,10210,20686,21137,25069,14845,10260,42418,43675,52095,30262,20470
"25011",2016,1807,1743,1810,1306,650,1353,1287,1939,1166,647,3160,3030,3749,2472,1297
"25013",2016,12858,15499,14247,9933,7200,13401,12507,15019,9651,6802,26259,28006,29266,19584,14002
"25015",2016,3176,3721,3885,2232,5051,2831,3631,2805,2294,8377,6007,7352,6690,4526,13428
"25017",2016,44179,42264,48356,29194,23179,42662,41715,45282,27958,22604,86841,83979,93638,57152,45783
"25021",2016,18853,19689,22878,14099,8204,18462,19226,21799,13596,10289,37315,38915,44677,27695,18493
"25023",2016,14276,15012,17615,10953,6972,12988,13517,17306,10900,6727,27264,28529,34921,21853,13699
"25025",2016,21472,16902,18515,11079,15946,20987,17520,16917,10581,17876,42459,34422,35432,21660,33822
"25027",2016,22859,22867,28061,16678,12735,21789,23153,24951,16079,12038,44648,46020,53012,32757,24773
"26005",2016,3817,3781,4234,2733,1316,3793,3573,4306,2191,1157,7610,7354,8540,4924,2473
"26017",2016,2840,3123,3197,2205,1594,2570,2787,3008,1684,815,5410,5910,6205,3889,2409
"26021",2016,4808,5263,4552,2920,1579,4139,5239,4096,3220,1693,8947,10502,8648,6140,3272
"26025",2016,4442,4008,4350,2458,2050,4041,4007,4254,3486,2402,8483,8015,8604,5944,4452
"26037",2016,2040,3336,1948,1689,854,2046,2430,2636,1748,996,4086,5766,4584,3437,1850
"26045",2016,2768,2853,4159,2257,2012,2769,3482,3029,1899,1340,5537,6335,7188,4156,3352
"26049",2016,12451,15623,11376,8512,5008,12013,12965,12562,8565,4808,24464,28588,23938,17077,9816
"26055",2016,2445,2927,2407,1611,889,2361,2127,3379,1800,862,4806,5054,5786,3411,1751
"26065",2016,8176,7914,7800,4428,8755,8182,7288,9011,4835,8858,16358,15202,16811,9263,17613
"26073",2016,1629,1861,1758,1147,2751,1508,1890,1601,995,3966,3137,3751,3359,2142,6717
"26075",2016,4592,4163,5793,2985,2235,4208,5537,4131,2909,1920,8800,9700,9924,5894,4155
"26077",2016,7857,6327,9777,4728,3928,7813,8003,7663,4794,4872,15670,14330,17440,9522,8800
"26081",2016,22656,22000,23235,13770,8458,21461,23273,19440,13006,8135,44117,45273,42675,26776,16593
"26087",2016,2307,3229,1905,1902,1290,2246,1969,3137,1730,812,4553,5198,5042,3632,2102
"26091",2016,2647,2797,3603,2301,1340,2447,3167,2327,1898,1207,5094,5964,5930,4199,2547
"26093",2016,5107,5289,6474,4691,2291,4586,5424,5868,4156,2417,9693,10713,12342,8847,4708
"26099",2016,24550,25476,27795,17941,9556,23256,26036,24634,17033,8390,47806,51512,52429,34974,17946
"26103",2016,1897,1810,1710,1003,867,1811,1298,1861,1013,1329,3708,3108,3571,2016,2196
"26111",2016,2103,2712,2639,1798,981,1956,2143,2824,1689,1085,4059,4855,5463,3487,2066
"26115",2016,4145,4192,4735,3345,1731,3942,3689,5428,3393,1511,8087,7881,10163,6738,3242
"26121",2016,5053,5795,5605,4233,2821,5912,4554,5965,3466,1600,10965,10349,11570,7699,4421
"26125",2016,34969,36350,39496,26216,13464,33486,33415,39085,24818,13412,68455,69765,78581,51034,26876
"26139",2016,8753,10073,10191,5427,5395,9021,9245,9706,6525,6464,17774,19318,19897,11952,11859
"26145",2016,5718,5000,6582,4665,2413,5297,6372,4902,2853,2121,11015,11372,11484,7518,4534
"26147",2016,4408,4164,5477,3599,2023,3702,4078,5242,3466,1603,8110,8242,10719,7065,3626
"26155",2016,1724,2012,2000,1518,848,1922,1886,2062,1540,808,3646,3898,4062,3058,1656
"26159",2016,2230,1996,3283,1854,975,2267,2136,2330,1884,591,4497,4132,5613,3738,1566
"26161",2016,8954,8626,11137,6434,10704,9289,10105,8993,5738,10927,18243,18731,20130,12172,21631
"26163",2016,58529,60314,57466,37299,21065,56186,55966,57088,36596,20048,114715,116280,114554,73895,41113
"27003",2016,10817,11837,12231,7576,4477,10732,11689,11460,7055,3602,21549,23526,23691,14631,8079
"27013",2016,1947,1842,1661,1069,1972,1601,1704,1671,1134,1991,3548,3546,3332,2203,3963
"27019",2016,3375,3580,4259,2509,1266,2805,4625,3108,2462,1271,6180,8205,7367,4971,2537
"27037",2016,13953,15318,14314,9344,4496,13342,12752,15634,8325,3975,27295,28070,29948,17669,8471
"27053",2016,41287,38266,37444,21803,14221,39741,39315,33996,21016,13897,81028,77581,71440,42819,28118
"27109",2016,5713,5281,5342,2787,1574,5157,5579,4929,2914,1551,10870,10860,10271,5701,3125
"27123",2016,19546,18282,16862,9991,7482,18621,18085,15623,9460,7861,38167,36367,32485,19451,15343
"27131",2016,1906,2160,1921,1095,1196,1864,2132,1984,1023,1597,3770,4292,3905,2118,2793
"27137",2016,5352,4172,6714,3480,4094,4711,5138,5562,3124,3863,10063,9310,12276,6604,7957
"27139",2016,5555,5398,6402,3349,1470,4788,6415,5215,3251,1197,10343,11813,11617,6600,2667
"27141",2016,3272,4189,3523,2376,1110,3124,4477,2886,2108,1117,6396,8666,6409,4484,2227
"27145",2016,5261,5740,4389,2928,2921,4632,4913,4619,3138,4004,9893,10653,9008,6066,6925
"27163",2016,8007,9335,9192,6026,2774,7398,8528,9036,5419,3345,15405,17863,18228,11445,6119
"27171",2016,4791,6211,4889,3261,1671,4156,4122,6135,3830,1255,8947,10333,11024,7091,2926
"28033",2016,5088,6507,7484,4646,2402,5215,6293,6435,4233,2585,10303,12800,13919,8879,4987
"28035",2016,2531,2975,1772,1094,1320,2361,2085,3371,1232,2163,4892,5060,5143,2326,3483
"28047",2016,7109,6732,7029,4050,3159,6922,6593,6755,3850,2440,14031,13325,13784,7900,5599
"28049",2016,7924,7858,9050,5260,3903,7882,9019,7186,5102,4077,15806,16877,16236,10362,7980
"28059",2016,3381,4028,5577,3481,2435,4313,5075,4985,3259,2308,7694,9103,10562,6740,4743
"28067",2016,2647,2407,2666,1188,490,1990,2163,2853,1462,622,4637,4570,5519,2650,1112
"28075",2016,2971,3169,2553,1908,1070,1832,3018,2613,962,908,4803,6187,5166,2870,1978
"28081",2016,2924,3125,3061,2286,686,2916,3364,2421,1725,1030,5840,6489,5482,4011,1716
"28089",2016,3445,3528,4265,2828,1628,3504,3539,3567,1806,1967,6949,7067,7832,4634,3595
"28121",2016,4967,4214,5850,3248,1665,4236,4148,5916,3392,1172,9203,8362,11766,6640,2837
"29019",2016,5704,4932,5011,3182,4260,4758,3863,6082,2405,5071,10462,8795,11093,5587,9331
"29021",2016,3016,2838,3231,1492,1581,2532,3281,2336,1352,912,5548,6119,5567,2844,2493
"29031",2016,2498,2751,2014,1251,1417,2221,2790,2347,1088,1516,4719,5541,4361,2339,2933
"29037",2016,3267,3640,3119,2264,1166,2980,3394,4277,2176,1368,6247,7034,7396,4440,2534
"29043",2016,3054,3348,2840,2010,845,2411,3572,2916,1722,781,5465,6920,5756,3732,1626
"29047",2016,8169,9790,7217,5177,2782,6816,9243,7481,4727,2381,14985,19033,14698,9904,5163
"29051",2016,1969,2542,3095,1299,2287,1970,2858,2266,1430,1392,3939,5400,5361,2729,3679
"29071",2016,3657,2407,4206,2284,1175,2935,3285,3223,1880,964,6592,5692,7429,4164,2139
"29077",2016,8353,8622,9299,5074,5157,8350,7696,8101,4841,5532,16703,16318,17400,9915,10689
"29095",2016,23447,22337,24746,13707,7499,23356,20822,23951,13442,7793,46803,43159,48697,27149,15292
"29097",2016,3798,4256,4577,2176,1992,4352,4274,3962,2600,1641,8150,8530,8539,4776,3633
"29099",2016,6612,8383,7582,4461,2439,6393,7773,7267,4801,2257,13005,16156,14849,9262,4696
"29165",2016,2905,3725,3196,2161,1023,2964,2421,3516,2557,979,5869,6146,6712,4718,2002
"29183",2016,11490,14147,12737,8442,4970,12315,12441,13966,7711,4650,23805,26588,26703,16153,9620
"29187",2016,1659,2369,1583,1280,1429,1671,2014,1948,1425,522,3330,4383,3531,2705,1951
"29189",2016,29866,29834,33234,20445,12518,28431,28652,31338,19863,11691,58297,58486,64572,40308,24209
"29510",2016,10523,8572,8121,4524,3786,9428,8358,7467,4661,4027,19951,16930,15588,9185,7813
"30013",2016,2838,2675,2468,1435,951,2504,2226,2775,1392,767,5342,4901,5243,2827,1718
"30029",2016,2988,3244,3102,1818,965,2853,3456,2604,1755,1298,5841,6700,5706,3573,2263
"30031",2016,3122,2167,4023,1827,2058,2664,3297,2552,1624,2048,5786,5464,6575,3451,4106
"30049",2016,1781,1915,2352,1514,911,1738,2500,1814,1159,803,3519,4415,4166,2673,1714
"30063",2016,2865,3477,3368,1909,1978,2792,3255,2537,1840,1749,5657,6732,5905,3749,3727
"30111",2016,5992,5906,4722,3453,1486,4508,4509,5809,2555,1793,10500,10415,10531,6008,3279
"31055",2016,22131,20355,19467,11680,7195,20263,19482,18595,11389,7343,42394,39837,38062,23069,14538
"31109",2016,9981,9135,11155,5774,5599,10339,10293,9436,5128,6379,20320,19428,20591,10902,11978
"31153",2016,6891,6654,8037,3978,2056,6386,8272,5607,3864,1739,13277,14926,13644,7842,3795
"32003",2016,71332,72689,72059,43290,24086,67270,70353,69057,40834,22629,138602,143042,141116,84124,46715
"32031",2016,14048,13634,15254,8878,5732,13261,13401,13553,7639,5427,27309,27035,28807,16517,11159
"33005",2016,1744,2037,1964,1265,1777,1833,2082,1534,1147,2099,3577,4119,3498,2412,3876
"33009",2016,1785,2162,1658,1512,2682,2043,2077,1972,1447,1872,3828,4239,3630,2959,4554
"33011",2016,12147,12342,12210,8757,5732,9442,12235,11567,6837,4612,21589,24577,23777,15594,10344
"33013",2016,3500,5058,3559,2762,1876,3590,4221,3649,2514,2141,7090,9279,7208,5276,4017
"33015",2016,6967,7626,10132,6247,3213,6747,9245,7612,5723,2766,13714,16871,17744,11970,5979
"33017",2016,3181,3361,3944,2095,2473,3029,2887,3455,2077,3386,6210,6248,7399,4172,5859
"34001",2016,8104,8165,8495,5363,2896,7556,6584,9495,5200,3254,15660,14749,17990,10563,6150
"34003",2016,25264,29507,28826,19156,11060,24267,28297,27559,18425,9920,49531,57804,56385,37581,20980
"34005",2016,11643,11851,15567,8914,5109,11247,12283,14421,8764,4536,22890,24134,29988,17678,9645
"34007",2016,16106,16389,17280,10869,5776,15335,16405,15445,9567,5381,31441,32794,32725,20436,11157
"34009",2016,2113,2637,2903,1345,1197,1836,2023,2285,1500,344,3949,4660,5188,2845,1541
"34011",2016,5226,4636,5958,3055,1985,4730,5369,4794,2858,1996,9956,10005,10752,5913,3981
"34013",2016,26631,27700,26302,15918,10078,25484,25370,26674,15413,9999,52115,53070,52976,31331,20077
"34015",2016,8317,9687,9165,6315,3768,7609,9841,8427,6131,3913,15926,19528,17592,12446,7681
"34017",2016,23937,19317,17004,10519,6883,22792,19278,15918,9833,5861,46729,38595,32922,20352,12744
"34019",2016,2448,3141,4187,3645,2011,2659,2556,3850,2769,1211,5107,5697,8037,6414,3222
"34021",2016,10660,10847,11884,6975,6533,10340,10282,11294,7335,6369,21000,21129,23178,14310,12902
"34023",2016,24793,25785,25865,16544,12499,23881,27657,22445,15216,11437,48674,53442,48310,31760,23936
"34025",2016,15734,19211,20292,13601,7902,15243,18741,19494,13078,7200,30977,37952,39786,26679,15102
"34027",2016,12387,14533,17249,11149,6350,12124,14100,16141,10486,6559,24511,28633,33390,21635,12909
"34029",2016,20714,19238,20609,11255,7108,19806,20400,17177,11001,5712,40520,39638,37786,22256,12820
"34031",2016,17824,18219,16187,10909,7424,16794,17064,16262,9785,7214,34618,35283,32449,20694,14638
"34033",2016,1583,2715,1535,1260,1157,1937,1517,2062,1217,575,3520,4232,3597,2477,1732
"34035",2016,8324,9544,12712,7680,3802,8858,10258,10613,7033,3608,17182,19802,23325,14713,7410
"34037",2016,3144,4287,4542,3238,2059,2881,3070,4829,3334,1604,6025,7357,9371,6572,3663
"34039",2016,17625,20337,17153,11625,7061,17074,16389,20160,10937,6686,34699,36726,37313,22562,13747
"34041",2016,2515,2922,3714,2306,1238,2625,2589,3175,2056,1063,5140,5511,6889,4362,2301
"35001",2016,20790,21692,22049,12998,8491,19050,21515,20469,13244,8127,39840,43207,42518,26242,16618
"35005",2016,2314,2640,2369,2414,1843,2134,2608,2198,1152,780,4448,5248,4567,3566,2623
"35013",2016,7186,6907,8305,4616,3543,6830,7587,7640,4396,3661,14016,14494,15945,9012,7204
"35025",2016,2802,2907,3308,1635,1289,2735,3408,2602,1852,1327,5537,6315,5910,3487,2616
"35031",2016,3133,3491,2914,2352,1475,2664,3220,2868,1844,1014,5797,6711,5782,4196,2489
"35035",2016,1835,2227,1974,911,2138,2719,2593,1387,1794,447,4554,4820,3361,2705,2585
"35043",2016,4045,5122,5168,3635,1863,3578,4219,5289,2907,2363,7623,9341,10457,6542,4226
"35045",2016,3581,3946,4420,2435,1160,4413,4544,3837,2519,1160,7994,8490,8257,4954,2320
"35049",2016,3573,4125,3870,2657,1858,3090,3039,5011,2414,1822,6663,7164,8881,5071,3680
"35061",2016,2052,2920,2578,1993,706,2246,2654,2580,1220,988,4298,5574,5158,3213,1694
"36001",2016,7960,7758,8350,6013,6437,7636,7831,7641,4607,6292,15596,15589,15991,10620,12729
"36005",2016,54575,56076,46361,30800,20650,52837,49674,48520,29478,20539,107412,105750,94881,60278,41189
"36007",2016,4942,5809,5774,3774,4075,4987,4939,4625,3679,4273,9929,10748,10399,7453,8348
"36009",2016,2434,2577,2251,1564,1218,2328,2375,2592,1475,1099,4762,4952,4843,3039,2317
"36011",2016,1913,1988,2369,1490,1323,1858,1801,2357,1656,990,3771,3789,4726,3146,2313
"36013",2016,3664,2987,4395,2441,2449,3499,3597,3635,2479,2158,7163,6584,8030,4920,4607
"36015",2016,2497,2663,2407,1576,1179,2277,2181,2741,1982,1129,4774,4844,5148,3558,2308
"36019",2016,1835,2252,1643,1270,1559,1818,1562,2261,1133,2392,3653,3814,3904,2403,3951
"36027",2016,5727,7939,8589,6081,5183,7050,8164,8084,5440,6333,12777,16103,16673,11521,11516
"36029",2016,25789,26982,25879,17585,12273,24279,24214,26934,17256,12228,50068,51196,52813,34841,24501
"36045",2016,4381,3783,3221,1996,1780,4493,3714,3854,2052,1139,8874,7497,7075,4048,2919
"36047",2016,99756,87243,77970,46568,26862,94557,84405,73610,45277,26363,194313,171648,151580,91845,53225
"36051",2016,1446,1394,1948,1116,1476,1161,1442,1623,1097,1893,2607,2836,3571,2213,3369
"36053",2016,1755,1800,1954,1338,1721,1515,1937,1926,1367,1728,3270,3737,3880,2705,3449
"36055",2016,20967,22682,22391,14685,11929,20414,20258,22806,13698,11283,41381,42940,45197,28383,23212
"36059",2016,37658,42588,42976,28675,17544,35852,40236,41112,27057,16669,73510,82824,84088,55732,34213
"36061",2016,41169,32419,30637,17294,15344,39706,31919,30102,17490,20332,80875,64338,60739,34784,35676
"36063",2016,5434,5356,7124,4657,3340,5316,4987,6331,3614,2422,10750,10343,13455,8271,5762
"36065",2016,6911,8395,5356,4071,4278,6211,7150,6911,3873,2996,13122,15545,12267,7944,7274
"36067",2016,13506,14396,14553,8685,8221,12690,13656,13868,9211,9022,26196,28052,28421,17896,17243
"36069",2016,2780,3042,3841,2274,1609,2644,2259,3830,1812,1526,5424,5301,7671,4086,3135
"36071",2016,12399,13253,14859,9193,5828,12238,13355,13309,8631,5318,24637,26608,28168,17824,11146
"36075",2016,3569,3393,3388,2562,2243,3544,3554,3049,2257,2374,7113,6947,6437,4819,4617
"36079",2016,1750,2379,3685,2083,1282,1980,2814,3257,2302,817,3730,5193,6942,4385,2099
"36081",2016,74539,66497,64317,38684,23906,70770,62935,61665,37002,22168,145309,129432,125982,75686,46074
"36083",2016,4001,5534,3726,2707,3244,4624,3308,5487,2586,2612,8625,8842,9213,5293,5856
"36085",2016,13742,16310,14213,9686,4818,13138,13156,15683,8974,4976,26880,29466,29896,18660,9794
"36087",2016,12088,14198,11620,7953,4073,12897,11956,12675,7318,4860,24985,26154,24295,15271,8933
"36089",2016,2926,3024,3404,1885,2993,2763,2757,3583,1958,3079,5689,5781,6987,3843,6072
"36091",2016,6188,7496,5811,4384,2667,5353,7304,5499,4593,2653,11541,14800,11310,8977,5320
"36093",2016,3359,5249,5201,2744,2174,5819,4936,4033,2293,2533,9178,10185,9234,5037,4707
"36101",2016,2646,2271,4014,2046,962,2651,3178,2383,1964,1061,5297,5449,6397,4010,2023
"36103",2016,39792,43682,49761,31820,20627,38688,42368,46201,30821,17926,78480,86050,95962,62641,38553
"36105",2016,2233,1975,2470,1762,1544,1844,1772,2509,1494,921,4077,3747,4979,3256,2465
"36109",2016,2091,2813,2214,1392,4933,2168,2085,1752,1090,4801,4259,4898,3966,2482,9734
"36111",2016,4129,5274,4237,3065,2658,3494,4527,5315,2739,2572,7623,9801,9552,5804,5230
"36113",2016,1497,1244,2250,1226,583,1617,1141,1928,1013,544,3114,2385,4178,2239,1127
"36117",2016,2430,3072,2519,1798,907,2120,3202,2451,2018,1044,4550,6274,4970,3816,1951
"36119",2016,28270,32235,31759,21149,13049,26527,27689,32196,19478,13032,54797,59924,63955,40627,26081
"37001",2016,3860,5355,5060,3742,2238,5173,2723,7075,2701,2797,9033,8078,12135,6443,5035
"37019",2016,3663,2040,2983,1676,798,2801,3421,1872,1628,1227,6464,5461,4855,3304,2025
"37021",2016,6474,7759,7281,4140,2711,5139,5882,7607,4271,2823,11613,13641,14888,8411,5534
"37023",2016,1465,3202,1784,2267,1207,2246,2211,2411,1619,940,3711,5413,4195,3886,2147
"37025",2016,6044,7436,8537,4372,2598,6540,6368,8440,4982,3084,12584,13804,16977,9354,5682
"37027",2016,2018,1744,3042,1452,895,1883,2587,2318,1308,980,3901,4331,5360,2760,1875
"37031",2016,1561,2226,1708,1136,803,1608,1976,1317,992,925,3169,4202,3025,2128,1728
"37035",2016,5008,4505,5907,3795,1828,4028,4437,4732,2872,1834,9036,8942,10639,6667,3662
"37037",2016,1404,2167,2485,1373,934,1376,1982,2668,1437,735,2780,4149,5153,2810,1669
"37045",2016,3120,3190,3058,2352,912,2510,3576,2136,1560,1359,5630,6766,5194,3912,2271
"37049",2016,3530,3888,2892,1685,2472,2933,3163,3175,1346,1452,6463,7051,6067,3031,3924
"37051",2016,12999,12656,10297,6667,5483,12329,11169,10381,6549,4247,25328,23825,20678,13216,9730
"37057",2016,4024,5652,5012,3369,1990,4737,5182,4679,4260,2004,8761,10834,9691,7629,3994
"37063",2016,10385,9697,8501,5284,3009,10142,8910,8732,4500,3301,20527,18607,17233,9784,6310
"37067",2016,11669,13633,11779,7714,5428,10994,11685,12457,7412,5839,22663,25318,24236,15126,11267
"37071",2016,6592,7021,6894,4591,2986,6655,6303,7235,4220,2625,13247,13324,14129,8811,5611
"37081",2016,15715,16912,16925,10294,7991,15119,16303,16606,10288,9437,30834,33215,33531,20582,17428
"37085",2016,5353,5345,4861,2929,1958,4546,4515,4943,2574,1611,9899,9860,9804,5503,3569
"37089",2016,3111,2124,3855,2339,1062,2264,3898,2627,1617,1101,5375,6022,6482,3956,2163
"37097",2016,4862,5819,5949,3994,2547,4933,4421,6994,3650,2418,9795,10240,12943,7644,4965
"37101",2016,6932,5574,8988,4611,3408,5236,5469,8731,4451,1706,12168,11043,17719,9062,5114
"37109",2016,1784,1965,2986,1755,953,2122,2538,2783,1247,705,3906,4503,5769,3002,1658
"37119",2016,36501,37098,34779,20481,13227,35401,34659,35482,20650,13152,71902,71757,70261,41131,26379
"37125",2016,2214,2941,2517,2150,2065,2736,3025,2666,1844,1255,4950,5966,5183,3994,3320
"37127",2016,2904,3469,2505,2091,1174,1807,2980,2389,2061,468,4711,6449,4894,4152,1642
"37129",2016,6018,6349,5953,3191,3737,5090,5499,6065,4052,4437,11108,11848,12018,7243,8174
"37133",2016,9231,6962,5311,2594,5689,8394,5931,6104,3004,2253,17625,12893,11415,5598,7942
"37135",2016,3063,4038,4720,2768,2767,3846,3823,4189,2293,3134,6909,7861,8909,5061,5901
"37147",2016,5037,7956,3988,3348,3849,4967,5006,5095,3341,7854,10004,12962,9083,6689,11703
"37151",2016,4377,4027,5285,3404,1552,3579,4437,4726,3086,1433,7956,8464,10011,6490,2985
"37155",2016,4251,4927,5032,2892,1671,4701,4616,4760,3009,1858,8952,9543,9792,5901,3529
"37157",2016,2151,3250,2790,1729,1311,1911,3104,2621,1320,1289,4062,6354,5411,3049,2600
"37159",2016,3469,5096,4487,2817,2265,3928,3820,4443,3464,2399,7397,8916,8930,6281,4664
"37161",2016,1446,1720,1704,2235,732,1178,1420,2049,1760,1177,2624,3140,3753,3995,1909
"37171",2016,2067,2408,2214,1581,1019,1331,2281,2071,1448,788,3398,4689,4285,3029,1807
"37179",2016,6417,7843,11207,6306,3662,6847,8777,9576,5887,3330,13264,16620,20783,12193,6992
"37183",2016,33797,36546,37973,21801,14789,32555,37762,34733,21587,14691,66352,74308,72706,43388,29480
"37191",2016,4274,4442,4169,2318,3058,4110,4301,3351,2897,688,8384,8743,7520,5215,3746
"37193",2016,1381,1872,2271,1961,630,1764,2254,1592,1267,739,3145,4126,3863,3228,1369
"37195",2016,2261,2981,2686,2083,1862,2407,2391,2967,1386,1037,4668,5372,5653,3469,2899
"38015",2016,3409,2639,3466,1660,1133,3098,4436,1775,1821,1481,6507,7075,5241,3481,2614
"38017",2016,8141,6066,4657,2311,3327,5566,5813,4215,2463,2657,13707,11879,8872,4774,5984
"38035",2016,2594,1835,1859,1310,1830,2228,1577,1927,780,1910,4822,3412,3786,2090,3740
"38101",2016,3078,2593,2036,1001,1317,2413,2778,1209,1060,892,5491,5371,3245,2061,2209
"39003",2016,2787,3828,3084,1779,1497,3514,3206,3307,2412,816,6301,7034,6391,4191,2313
"39007",2016,2883,3925,2562,1933,1184,2424,3733,2371,2075,942,5307,7658,4933,4008,2126
"39009",2016,1388,1263,1316,826,3347,1218,1537,1115,933,4840,2606,2800,2431,1759,8187
"39013",2016,1767,2125,1519,1354,758,1568,1790,1779,1171,509,3335,3915,3298,2525,1267
"39017",2016,12364,12954,12984,7891,6942,10890,12430,12954,7014,7096,23254,25384,25938,14905,14038
"39023",2016,3932,4358,4173,2475,1598,4240,4133,4121,3049,1660,8172,8491,8294,5524,3258
"39025",2016,5985,7059,6867,4351,1994,5510,7729,6012,3925,2279,11495,14788,12879,8276,4273
"39029",2016,2729,3867,2378,2069,1309,2518,2260,3543,1896,975,5247,6127,5921,3965,2284
"39035",2016,37125,35123,38242,24080,15953,35670,36960,33970,23476,15108,72795,72083,72212,47556,31061
"39041",2016,6099,8925,7447,4833,2444,6061,7862,7295,4612,2282,12160,16787,14742,9445,4726
"39043",2016,1743,2451,2143,1609,1190,1890,1361,2609,1545,658,3633,3812,4752,3154,1848
"39045",2016,4679,5326,5553,3660,1827,4431,4058,6221,3307,1524,9110,9384,11774,6967,3351
"39049",2016,46973,42705,38512,23103,16634,45032,38246,40529,22573,17012,92005,80951,79041,45676,33646
"39055",2016,2351,3180,3269,2186,1285,2445,2479,3556,2108,1068,4796,5659,6825,4294,2353
"39057",2016,4532,3737,5608,2875,3154,4902,4304,5054,3114,3157,9434,8041,10662,5989,6311
"39061",2016,27650,26357,25730,15657,11473,26435,27225,23770,15213,10765,54085,53582,49500,30870,22238
"39063",2016,2139,2236,2436,1423,1470,2503,1834,2873,1426,1054,4642,4070,5309,2849,2524
"39081",2016,1773,1987,1824,1399,759,1602,1808,1911,1120,967,3375,3795,3735,2519,1726
"39085",2016,5862,6729,6202,4320,2371,5346,6665,6700,4566,2251,11208,13394,12902,8886,4622
"39089",2016,5601,6366,5582,3825,2292,4841,4642,6522,3578,2345,10442,11008,12104,7403,4637
"39093",2016,9340,9436,10261,5971,3960,8483,8825,9941,6453,3707,17823,18261,20202,12424,7667
"39095",2016,14302,15283,12671,8646,5582,13658,13322,13615,8218,5165,27960,28605,26286,16864,10747
"39099",2016,6304,6804,6402,4590,3089,5691,5927,6753,4234,2345,11995,12731,13155,8824,5434
"39101",2016,1854,1723,1711,1513,418,1962,1793,1766,1314,677,3816,3516,3477,2827,1095
"39103",2016,4885,5385,6503,4220,1958,4588,5598,5884,3560,1840,9473,10983,12387,7780,3798
"39109",2016,2842,3276,4042,2540,1156,2751,2587,4083,2055,1042,5593,5863,8125,4595,2198
"39113",2016,17313,18015,15095,10407,6585,15199,14806,17548,9650,6542,32512,32821,32643,20057,13127
"39119",2016,2532,2499,3153,1996,900,2247,3021,2657,1873,1027,4779,5520,5810,3869,1927
"39133",2016,3825,4620,3951,2869,3949,3699,3908,4895,2808,4400,7524,8528,8846,5677,8349
"39139",2016,3457,3380,3983,2670,1411,2971,3076,3962,2619,681,6428,6456,7945,5289,2092
"39141",2016,2045,2278,2252,1716,619,2258,1896,2480,1510,721,4303,4174,4732,3226,1340
"39145",2016,2029,1914,2879,1558,974,2191,1831,2567,1783,964,4220,3745,5446,3341,1938
"39151",2016,10702,11965,10687,7722,4502,10460,11016,11198,7215,4775,21162,22981,21885,14937,9277
"39153",2016,15590,14782,17560,10345,7030,14924,13499,17510,10482,5765,30514,28281,35070,20827,12795
"39155",2016,5101,6695,4451,4192,2060,5476,7001,5312,3623,1795,10577,13696,9763,7815,3855
"39157",2016,2901,2479,3122,1973,1104,2734,2809,2735,2264,1090,5635,5288,5857,4237,2194
"39165",2016,7527,7858,8877,5857,2640,5792,7660,8188,5373,2491,13319,15518,17065,11230,5131
"39169",2016,4263,4370,3853,2529,1625,3393,2876,4532,2530,1634,7656,7246,8385,5059,3259
"39173",2016,3397,4339,3976,2472,3535,2953,2945,4305,2188,3324,6350,7284,8281,4660,6859
"40017",2016,4759,5559,5209,2768,1269,4438,5680,4590,2923,1855,9197,11239,9799,5691,3124
"40027",2016,8958,9183,8951,5232,5144,6914,9239,7887,5154,5288,15872,18422,16838,10386,10432
"40031",2016,4821,4241,4343,2178,3005,3816,3928,3925,2371,2337,8637,8169,8268,4549,5342
"40037",2016,2319,2779,2217,1509,840,2070,2446,2157,1631,793,4389,5225,4374,3140,1633
"40101",2016,2561,2175,2479,1451,1205,2360,2051,2585,1453,807,4921,4226,5064,2904,2012
"40109",2016,31015,26991,29697,15254,9008,29773,27894,26329,14901,8925,60788,54885,56026,30155,17933
"40119",2016,2328,2343,2589,1168,2217,2257,2084,1964,951,2600,4585,4427,4553,2119,4817
"40125",2016,2285,2821,2399,1836,1034,2117,2268,2419,1341,986,4402,5089,4818,3177,2020
"40131",2016,2821,3089,2894,2293,1117,2603,3048,3235,2015,987,5424,6137,6129,4308,2104
"40143",2016,23980,23382,22944,13521,7606,22870,21582,22771,12896,7598,46850,44964,45715,26417,15204
"40145",2016,2412,2209,3343,1721,842,2477,2737,2828,1620,1121,4889,4946,6171,3341,1963
"41003",2016,2104,1773,2699,1147,2804,1791,1568,2378,1524,3401,3895,3341,5077,2671,6205
"41005",2016,11945,11993,13639,8221,4768,10821,10211,14081,8103,3926,22766,22204,27720,16324,8694
"41017",2016,4448,5631,5482,3700,1812,4990,5590,4350,3258,1772,9438,11221,9832,6958,3584
"41019",2016,3069,3098,3087,2210,946,2719,1763,3463,1910,789,5788,4861,6550,4120,1735
"41029",2016,5947,6662,6713,3885,2663,5863,6104,6366,3366,2859,11810,12766,13079,7251,5522
"41033",2016,1936,2006,2259,1453,588,1875,2024,3119,1519,918,3811,4030,5378,2972,1506
"41035",2016,2083,1904,2265,1755,917,1875,1606,1834,1281,727,3958,3510,4099,3036,1644
"41039",2016,9730,9351,9959,6480,6385,9023,8514,10555,5885,6159,18753,17865,20514,12365,12544
"41043",2016,4247,4910,3466,2399,1363,3414,4615,2647,2338,1292,7661,9525,6113,4737,2655
"41047",2016,11285,11514,11787,7271,4617,11313,11295,12739,6633,4409,22598,22809,24526,13904,9026
"41051",2016,24163,23022,19575,12456,8225,22095,21143,20045,11853,7809,46258,44165,39620,24309,16034
"41053",2016,2443,1653,3080,818,2016,2347,2951,2119,3036,1792,4790,4604,5199,3854,3808
"41059",2016,2412,2996,2856,1940,520,2584,2088,3320,1575,1590,4996,5084,6176,3515,2110
"41067",2016,19205,19070,20139,11419,6657,18080,20764,17781,11206,6445,37285,39834,37920,22625,13102
"41071",2016,3254,4047,3249,2399,1584,2634,3891,2534,1975,1632,5888,7938,5783,4374,3216
"42001",2016,2277,2938,3214,2045,1433,2559,2950,2796,2015,1664,4836,5888,6010,4060,3097
"42003",2016,33054,31398,33035,20989,15994,31925,29116,32824,19670,16577,64979,60514,65859,40659,32571
"42005",2016,1605,2184,1572,1177,650,1616,2017,1409,1124,528,3221,4201,2981,2301,1178
"42007",2016,4627,4880,4370,2762,1787,4138,4031,5063,2707,1555,8765,8911,9433,5469,3342
"42011",2016,12827,13508,13029,8956,6074,11741,12109,13234,8367,6401,24568,25617,26263,17323,12475
"42013",2016,3765,3368,4139,2323,1563,3021,2407,4428,2237,1441,6786,5775,8567,4560,3004
"42017",2016,15987,18432,19656,12921,6962,14760,19032,17506,12797,6735,30747,37464,37162,25718,13697
"42019",2016,4669,5723,5453,4006,2605,4439,5727,4535,3356,2802,9108,11450,9988,7362,5407
"42021",2016,3567,4442,2906,2338,2036,3084,3950,3435,2187,2127,6651,8392,6341,4525,4163
"42025",2016,1781,1668,1874,1136,309,1237,1498,1917,1195,642,3018,3166,3791,2331,951
"42027",2016,3057,3242,3672,2015,8008,3093,3452,3630,2322,8366,6150,6694,7302,4337,16374
"42029",2016,14784,16613,18385,11252,7258,14372,16507,17020,10636,7164,29156,33120,35405,21888,14422
"42033",2016,1799,2390,1977,1431,765,1731,1856,2317,1286,806,3530,4246,4294,2717,1571
"42037",2016,1507,1781,1658,1035,1409,1345,1701,1550,1173,1934,2852,3482,3208,2208,3343
"42039",2016,2381,2758,2256,1790,1315,2379,2575,2434,1594,1364,4760,5333,4690,3384,2679
"42041",2016,7156,7014,7099,5005,3863,5712,6708,7178,4695,4538,12868,13722,14277,9700,8401
"42043",2016,8873,7825,9178,5045,3617,8475,7618,8555,5657,2689,17348,15443,17733,10702,6306
"42045",2016,17109,17416,17644,11602,9286,16723,16350,17557,10708,8944,33832,33766,35201,22310,18230
"42049",2016,7901,8789,8497,5462,4653,7643,9176,6978,5464,4633,15544,17965,15475,10926,9286
"42051",2016,3315,2507,4778,2675,1142,3636,3301,3482,2185,1083,6951,5808,8260,4860,2225
"42055",2016,4245,4305,6689,3425,2097,3643,5175,4265,3045,1909,7888,9480,10954,6470,4006
"42063",2016,2128,1855,2532,1378,2229,1883,2084,2479,1293,2487,4011,3939,5011,2671,4716
"42069",2016,5520,6058,6342,3562,3130,5667,5484,6263,3815,2958,11187,11542,12605,7377,6088
"42071",2016,18339,19069,17199,11506,7551,17328,18134,16369,10512,7348,35667,37203,33568,22018,14899
"42073",2016,2538,2260,2669,1583,1122,2084,2522,2110,1635,899,4622,4782,4779,3218,2021
"42075",2016,4730,3995,5129,2649,1706,3921,4520,4623,2575,1803,8651,8515,9752,5224,3509
"42077",2016,11096,12132,11811,7624,4809,10460,11234,11084,7072,4635,21556,23366,22895,14696,9444
"42079",2016,8016,8333,9134,5506,3962,8170,8052,9272,5345,4049,16186,16385,18406,10851,8011
"42081",2016,3469,2832,4066,1851,2103,3245,3292,3192,1791,1440,6714,6124,7258,3642,3543
"42085",2016,2478,2845,3105,2426,1935,2926,3080,2993,2112,1457,5404,5925,6098,4538,3392
"42089",2016,3640,4907,5365,3483,3062,3511,4534,4592,3538,2756,7151,9441,9957,7021,5818
"42091",2016,23349,23892,27435,16447,8870,22157,25598,23848,15628,9338,45506,49490,51283,32075,18208
"42095",2016,7715,8780,9352,6252,5228,6919,7709,9158,5361,4467,14634,16489,18510,11613,9695
"42097",2016,2774,2669,2494,1757,853,2282,2351,2597,1443,722,5056,5020,5091,3200,1575
"42101",2016,54800,48937,45261,28245,21986,52709,45343,45413,25227,22880,107509,94280,90674,53472,44866
"42107",2016,3660,3610,4193,2756,1298,3330,3874,4208,2278,1163,6990,7484,8401,5034,2461
"42111",2016,1790,1803,2023,1232,712,1894,1880,1701,1286,585,3684,3683,3724,2518,1297
"42125",2016,5653,5549,5916,3911,2821,4949,5085,6310,3576,2896,10602,10634,12226,7487,5717
"42129",2016,8420,8635,10213,6460,3957,7829,9372,8870,6149,3581,16249,18007,19083,12609,7538
"42133",2016,12467,13956,14751,8911,5961,12686,12492,14780,8250,5104,25153,26448,29531,17161,11065
"44003",2016,3856,4635,4923,2821,1776,3538,4088,4429,2861,1320,7394,8723,9352,5682,3096
"44005",2016,1619,2135,2572,1686,325,1917,2026,1950,1126,1376,3536,4161,4522,2812,1701
"44007",2016,18393,16827,20101,11871,10213,18002,15327,19782,11363,11040,36395,32154,39883,23234,21253
"44009",2016,2425,2042,3876,2292,3228,2363,1885,4000,2597,3663,4788,3927,7876,4889,6891
"45003",2016,5204,5896,4849,3627,2254,4235,4125,5394,2759,1959,9439,10021,10243,6386,4213
"45007",2016,6336,6104,6549,4298,2510,5529,5317,7444,3465,2683,11865,11421,13993,7763,5193
"45013",2016,5230,5866,4235,2376,3884,4794,5775,5011,2210,2334,10024,11641,9246,4586,6218
"45015",2016,7032,7331,7489,3938,3146,6601,6278,7771,4555,2832,13633,13609,15260,8493,5978
"45019",2016,11747,11316,10523,5771,4858,12369,10652,10722,6258,4935,24116,21968,21245,12029,9793
"45031",2016,1765,2352,1776,1179,1165,2352,1253,2917,1702,1494,4117,3605,4693,2881,2659
"45035",2016,4449,5185,6905,3919,2011,4884,4999,5433,2997,1306,9333,10184,12338,6916,3317
"45041",2016,4342,5287,4511,2762,1298,4236,4698,4665,2696,2299,8578,9985,9176,5458,3597
"45045",2016,16359,17269,15791,9775,6487,15536,15518,16316,9448,6040,31895,32787,32107,19223,12527
"45047",2016,1451,2367,2645,1856,656,2841,2722,1443,1841,1805,4292,5089,4088,3697,2461
"45051",2016,8224,7812,9539,4704,4197,7417,8861,7676,5712,3384,15641,16673,17215,10416,7581
"45057",2016,2772,2553,3901,1309,745,2674,2947,1480,1676,582,5446,5500,5381,2985,1327
"45059",2016,2109,2600,1823,1464,515,1558,2213,1921,1022,910,3667,4813,3744,2486,1425
"45063",2016,8594,9367,10033,6027,3575,8303,9477,9732,5519,2623,16897,18844,19765,11546,6198
"45073",2016,1936,1627,2484,1151,1042,2198,1763,3065,1253,798,4134,3390,5549,2404,1840
"45075",2016,2668,3854,2078,1849,1365,2533,2394,3465,1654,1492,5201,6248,5543,3503,2857
"45077",2016,3309,3509,3319,2322,3556,3156,3018,3604,2038,3237,6465,6527,6923,4360,6793
"45079",2016,11923,12735,12363,7907,11449,11973,13935,10638,7462,10781,23896,26670,23001,15369,22230
"45083",2016,9544,10457,9784,6290,4204,9164,9790,9320,5847,4390,18708,20247,19104,12137,8594
"45085",2016,4676,3695,3531,2414,1685,2930,4120,2915,1792,1721,7606,7815,6446,4206,3406
"45091",2016,8313,8160,10182,5316,3125,7715,8715,9477,5320,3245,16028,16875,19659,10636,6370
"46099",2016,7290,7988,5422,3815,2508,7159,5853,6697,3118,2454,14449,13841,12119,6933,4962
"46103",2016,3911,4080,3487,2101,1093,3593,3656,2802,1919,1098,7504,7736,6289,4020,2191
"47001",2016,2532,2143,2187,1552,530,1970,2065,2051,1193,547,4502,4208,4238,2745,1077
"47009",2016,3331,3414,3988,2672,1347,3451,2994,4335,2545,1301,6782,6408,8323,5217,2648
"47011",2016,2664,3224,3385,1908,1363,2353,3889,3247,1782,1861,5017,7113,6632,3690,3224
"47037",2016,24021,18929,20159,10439,8898,23075,21793,17540,10286,9040,47096,40722,37699,20725,17938
"47059",2016,1540,1812,2034,1311,1255,1535,1369,1989,1243,1110,3075,3181,4023,2554,2365
"47065",2016,10289,9910,12402,7117,3944,9463,9760,9961,6342,4950,19752,19670,22363,13459,8894
"47093",2016,15103,12261,15064,8340,6793,11712,14199,12448,7697,6413,26815,26460,27512,16037,13206
"47113",2016,3537,2510,3857,2063,1579,2702,2824,2836,1858,1735,6239,5334,6693,3921,3314
"47119",2016,2801,3676,2963,2073,834,2980,3015,2103,1464,1200,5781,6691,5066,3537,2034
"47125",2016,8178,8009,6347,3153,2295,8633,7437,6629,4476,2716,16811,15446,12976,7629,5011
"47141",2016,2125,2264,2101,1612,1460,2146,2019,2584,1384,2453,4271,4283,4685,2996,3913
"47147",2016,2147,2834,2010,1422,707,2341,2220,2658,1340,487,4488,5054,4668,2762,1194
"47149",2016,10582,11523,10992,6375,5828,9680,10604,10741,6271,4291,20262,22127,21733,12646,10119
"47155",2016,3010,2899,3195,2908,954,2565,3206,2284,1073,1213,5575,6105,5479,3981,2167
"47157",2016,34429,29557,35873,20021,12243,32639,30371,33369,19334,11878,67068,59928,69242,39355,24121
"47163",2016,4234,4951,3487,2932,1990,3777,4336,4195,2810,1640,8011,9287,7682,5742,3630
"47165",2016,5751,5961,6548,4048,2288,5552,5688,6112,3556,1838,11303,11649,12660,7604,4126
"47179",2016,2743,4111,4346,2258,1823,2801,2575,3894,2109,1958,5544,6686,8240,4367,3781
"47187",2016,6480,8803,10123,5684,2500,6365,7960,9553,5581,2226,12845,16763,19676,11265,4726
"47189",2016,4114,4468,4949,2434,2044,3833,4319,4718,2766,1432,7947,8787,9667,5200,3476
"48005",2016,2498,3939,2903,1846,1204,3026,2446,4197,1830,1286,5524,6385,7100,3676,2490
"48021",2016,2471,2388,3102,2357,1029,2491,2355,3507,1032,1462,4962,4743,6609,3389,2491
"48027",2016,14899,13327,12603,7373,4762,14373,13517,12132,6802,4623,29272,26844,24735,14175,9385
"48029",2016,71730,67077,73909,42149,29978,68407,68802,67855,40763,26713,140137,135879,141764,82912,56691
"48037",2016,2417,4107,3033,1596,1902,2881,3238,3346,1904,818,5298,7345,6379,3500,2720
"48039",2016,12963,14196,13136,7666,6267,12202,12825,13789,7634,3590,25165,27021,26925,15300,9857
"48041",2016,6343,6002,7100,3986,9986,6789,7038,4834,3103,7764,13132,13040,11934,7089,17750
"48061",2016,18370,17363,19353,11445,6744,17508,17501,18180,11241,6341,35878,34864,37533,22686,13085
"48085",2016,30393,35589,38417,22935,11920,29488,34689,36702,22232,10755,59881,70278,75119,45167,22675
"48091",2016,3874,3623,5269,2683,2674,3739,4386,3900,2758,2266,7613,8009,9169,5441,4940
"48099",2016,2932,2803,2064,1306,1145,2635,2369,2443,1094,618,5567,5172,4507,2400,1763
"48113",2016,100193,101205,93540,55543,33298,95900,98838,88614,53510,31697,196093,200043,182154,109053,64995
"48121",2016,26966,27985,32001,18178,11428,25609,31311,26397,17165,11404,52575,59296,58398,35343,22832
"48135",2016,7438,6875,6643,3985,1434,7057,7554,5006,2932,2464,14495,14429,11649,6917,3898
"48139",2016,6010,6301,6850,4096,2371,5439,5861,6523,4012,2548,11449,12162,13373,8108,4919
"48141",2016,33724,32733,31230,19674,13214,31801,29672,33797,19655,11857,65525,62405,65027,39329,25071
"48157",2016,26743,29670,30144,18218,9362,25366,27811,29376,17591,8769,52109,57481,59520,35809,18131
"48167",2016,11378,10434,12425,7186,5612,10530,12387,9932,6544,3909,21908,22821,22357,13730,9521
"48181",2016,4096,4865,4179,2910,1822,4220,4220,3700,2443,1756,8316,9085,7879,5353,3578
"48183",2016,4866,5054,3993,2283,2151,4643,4852,4278,1892,1998,9509,9906,8271,4175,4149
"48187",2016,5242,6180,5461,3814,2043,4735,4893,6021,3636,2201,9977,11073,11482,7450,4244
"48201",2016,181356,175542,172795,100551,60052,174479,172869,164953,96577,55091,355835,348411,337748,197128,115143
"48203",2016,1702,2339,3034,1216,2019,2232,2201,2481,1780,838,3934,4540,5515,2996,2857
"48209",2016,6294,7589,5800,3810,4170,6514,6862,6971,3681,4178,12808,14451,12771,7491,8348
"48213",2016,2158,2137,2933,1646,868,2271,2245,2391,1600,797,4429,4382,5324,3246,1665
"48215",2016,42205,36155,41850,23741,13871,39484,35543,41676,22238,12959,81689,71698,83526,45979,26830
"48231",2016,3544,2712,3696,1649,1598,2621,2868,2802,2401,1950,6165,5580,6498,4050,3548
"48245",2016,9005,8510,8368,4847,3415,8652,8111,8357,4878,2581,17657,16621,16725,9725,5996
"48251",2016,5542,6359,6481,3808,2237,4985,5264,6662,3401,1978,10527,11623,13143,7209,4215
"48257",2016,4182,4693,4714,3172,1189,4178,3646,5282,2537,1454,8360,8339,9996,5709,2643
"48291",2016,3273,3411,3709,1407,1230,2118,3236,1554,2127,571,5391,6647,5263,3534,1801
"48303",2016,10547,10850,9476,5382,6839,10579,10042,10321,5663,6808,21126,20892,19797,11045,13647
"48309",2016,8849,8398,8805,5320,5782,8504,8698,7602,5179,5476,17353,17096,16407,10499,11258
"48329",2016,7624,7021,5385,3500,1588,6969,4782,8153,3156,1406,14593,11803,13538,6656,2994
"48339",2016,20029,22842,20118,13550,7839,18367,20685,20474,12165,6642,38396,43527,40592,25715,14481
"48347",2016,1811,2765,1973,1019,1599,2341,2189,2205,1211,2899,4152,4954,4178,2230,4498
"48355",2016,13321,13374,11875,7896,5352,11789,11515,13029,7788,4888,25110,24889,24904,15684,10240
"48361",2016,2925,3136,2836,1899,1012,3100,2139,3485,1758,511,6025,5275,6321,3657,1523
"48367",2016,4179,4857,4571,3034,1335,4123,3639,5159,2670,1160,8302,8496,9730,5704,2495
"48375",2016,4967,5073,4843,2519,1898,4331,4471,4179,2792,1397,9298,9544,9022,5311,3295
"48381",2016,4431,4636,4894,2677,2527,4043,4524,4190,2717,2415,8474,9160,9084,5394,4942
"48397",2016,2248,3688,4305,2716,1556,2706,3035,4734,2276,1421,4954,6723,9039,4992,2977
"48409",2016,2825,2032,3013,1663,838,2175,2296,2602,1526,447,5000,4328,5615,3189,1285
"48423",2016,7209,8512,7299,4789,3177,8610,7779,6858,4634,3671,15819,16291,14157,9423,6848
"48439",2016,74443,76437,78788,45161,26889,71184,73908,75263,44115,26149,145627,150345,154051,89276,53038
"48441",2016,5261,5211,4306,2535,3176,4798,4891,4357,2152,2861,10059,10102,8663,4687,6037
"48451",2016,4084,3388,4021,2208,3519,4332,3246,4380,2057,2040,8416,6634,8401,4265,5559
"48453",2016,40727,37181,39113,20847,15551,38779,38286,34803,20101,15508,79506,75467,73916,40948,31059
"48469",2016,3262,3264,3146,1798,1430,3795,2464,3702,1975,795,7057,5728,6848,3773,2225
"48471",2016,2228,1010,1781,826,2098,2238,923,1605,405,2063,4466,1933,3386,1231,4161
"48479",2016,13875,10946,13969,7272,4449,13277,13398,11953,7553,4348,27152,24344,25922,14825,8797
"48485",2016,4771,3988,4150,2076,4501,4110,4485,3419,2234,2327,8881,8473,7569,4310,6828
"48491",2016,18098,18877,22051,12299,7137,17479,19140,19966,11454,6324,35577,38017,42017,23753,13461
"49005",2016,5861,5156,5447,2598,2079,5283,5083,5380,2922,3283,11144,10239,10827,5520,5362
"49011",2016,15400,17059,16273,9647,5601,14717,16528,14422,8130,3722,30117,33587,30695,17777,9323
"49035",2016,44768,46974,42803,25519,14581,42813,44933,40910,24319,13288,87581,91907,83713,49838,27869
"49049",2016,30252,29726,28899,15845,11044,27354,28578,26804,15039,13084,57606,58304,55703,30884,24128
"49053",2016,6016,7642,4963,3698,3174,5385,5731,5924,3948,2191,11401,13373,10887,7646,5365
"49057",2016,10405,11368,8901,5856,2824,9527,8803,10511,5869,3109,19932,20171,19412,11725,5933
"50007",2016,4556,4183,4284,2511,3771,3463,3676,4642,2198,4297,8019,7859,8926,4709,8068
"51003",2016,2576,3564,2874,1902,2782,2744,3886,2247,1856,3240,5320,7450,5121,3758,6022
"51013",2016,7210,6457,4595,2931,849,6697,6228,4425,2337,1403,13907,12685,9020,5268,2252
"51015",2016,1565,1479,2786,1483,820,2099,1391,2683,1279,969,3664,2870,5469,2762,1789
"51019",2016,1807,2573,2785,1394,643,1734,1550,2924,1359,436,3541,4123,5709,2753,1079
"51041",2016,10163,11419,12488,8210,4379,9786,10856,11548,7023,4135,19949,22275,24036,15233,8514
"51059",2016,37936,39438,37899,23715,14153,35761,36547,37448,22166,13004,73697,75985,75347,45881,27157
"51061",2016,2010,1756,2947,1535,499,2209,1793,2533,1365,494,4219,3549,5480,2900,993
"51069",2016,2799,2671,2861,1876,1229,2297,2902,2316,1765,794,5096,5573,5177,3641,2023
"51085",2016,2336,3310,3861,2527,1373,2376,2814,3554,2292,1620,4712,6124,7415,4819,2993
"51087",2016,10209,10770,10833,6359,3121,9977,10818,10450,6060,3206,20186,21588,21283,12419,6327
"51095",2016,1307,1998,2719,1227,1441,1111,2172,3240,1501,1586,2418,4170,5959,2728,3027
"51107",2016,14148,17356,15554,9422,5167,13869,16210,15783,8514,3324,28017,33566,31337,17936,8491
"51121",2016,2474,1948,2392,1338,7779,2476,1961,1741,1493,6369,4950,3909,4133,2831,14148
"51153",2016,17515,17609,18323,10553,5509,16763,17190,17333,10498,5049,34278,34799,35656,21051,10558
"51161",2016,2304,2311,3253,1987,1003,1973,2669,2922,1711,1267,4277,4980,6175,3698,2270
"51165",2016,2350,2062,3298,1600,1159,2112,2396,2473,1369,977,4462,4458,5771,2969,2136
"51177",2016,4419,4864,5083,3230,2356,3021,4143,5176,3117,1549,7440,9007,10259,6347,3905
"51179",2016,4423,6890,4288,3865,2262,4606,4720,5903,3209,1917,9029,11610,10191,7074,4179
"51199",2016,1866,2271,2451,1302,1264,1824,2170,3043,1659,774,3690,4441,5494,2961,2038
"51510",2016,5653,3838,2995,1455,2248,5710,3622,3707,1503,547,11363,7460,6702,2958,2795
"51550",2016,7612,8804,7995,4952,2433,7993,8107,6307,5803,2320,15605,16911,14302,10755,4753
"51650",2016,3498,3633,4556,2266,1885,4508,3661,4174,2165,2684,8006,7294,8730,4431,4569
"51680",2016,1736,1915,1407,1439,2396,3191,2757,1290,1737,3783,4927,4672,2697,3176,6179
"51700",2016,6693,5998,5412,3540,2904,6353,5844,5277,2933,2410,13046,11842,10689,6473,5314
"51710",2016,8435,7261,6130,3388,5209,8148,6578,6310,3329,4460,16583,13839,12440,6717,9669
"51740",2016,3803,2754,3172,1443,1570,3159,3994,2194,1986,1092,6962,6748,5366,3429,2662
"51760",2016,7001,5845,4717,2839,4148,6129,6770,3940,2787,6106,13130,12615,8657,5626,10254
"51770",2016,3188,4253,2213,1806,1022,3451,3006,2906,1452,1375,6639,7259,5119,3258,2397
"51800",2016,2982,2792,3674,2025,1147,2772,2673,3416,1765,977,5754,5465,7090,3790,2124
"51810",2016,14876,11487,17024,8349,5665,14251,13508,13820,8462,4984,29127,24995,30844,16811,10649
"53005",2016,6905,8474,6771,4148,2406,6414,7453,7172,4540,2629,13319,15927,13943,8688,5035
"53007",2016,2941,3232,2466,987,537,1954,3282,1550,1897,1006,4895,6514,4016,2884,1543
"53009",2016,1948,1980,1412,1169,814,1992,2328,1690,964,801,3940,4308,3102,2133,1615
"53011",2016,15246,17752,15465,9996,5356,14294,16318,15434,10559,5524,29540,34070,30899,20555,10880
"53015",2016,2399,2734,3571,2348,1333,3027,3500,3072,3172,1192,5426,6234,6643,5520,2525
"53021",2016,4079,4430,4608,2384,1640,4162,4271,4653,2079,1311,8241,8701,9261,4463,2951
"53025",2016,3606,3364,4331,2352,1613,3716,4027,3561,2319,2606,7322,7391,7892,4671,4219
"53027",2016,2198,1743,2713,1372,783,1597,1736,2062,1189,496,3795,3479,4775,2561,1279
"53029",2016,2736,3005,1678,1324,718,1862,1522,1767,1060,947,4598,4527,3445,2384,1665
"53033",2016,65758,66193,58322,35875,23553,63553,64783,54855,34287,24035,129311,130976,113177,70162,47588
"53035",2016,7783,8253,7193,4461,3243,7555,6894,7881,4637,2440,15338,15147,15074,9098,5683
"53041",2016,1961,2569,2210,2061,585,2064,1793,2388,1258,1273,4025,4362,4598,3319,1858
"53053",2016,29819,30066,27264,16679,10444,28785,27123,27941,16754,9147,58604,57189,55205,33433,19591
"53057",2016,3986,3070,4461,2653,1764,3360,3669,4087,1872,1517,7346,6739,8548,4525,3281
"53061",2016,25503,25330,25169,15426,8504,24427,24733,24193,14812,8237,49930,50063,49362,30238,16741
"53063",2016,16003,14691,17537,9389,7499,14047,14855,15042,9331,7100,30050,29546,32579,18720,14599
"53067",2016,8187,9327,8422,5334,3389,7544,7906,7743,5312,2112,15731,17233,16165,10646,5501
"53073",2016,5935,6318,6342,3565,3735,5492,5645,6091,3215,4149,11427,11963,12433,6780,7884
"53077",2016,10294,10666,10724,6228,3741,10184,11193,9633,5728,3197,20478,21859,20357,11956,6938
"54003",2016,3819,4019,4275,1904,835,3345,4532,2974,2339,398,7164,8551,7249,4243,1233
"54011",2016,2933,2747,2753,1919,1675,2797,2641,2237,1383,2843,5730,5388,4990,3302,4518
"54033",2016,2063,2131,2094,1326,322,2147,1117,2680,1234,607,4210,3248,4774,2560,929
"54039",2016,4797,5985,3918,3080,1953,5361,5669,5892,3116,1003,10158,11654,9810,6196,2956
"54061",2016,2926,1749,2546,1484,2992,2706,3023,1490,1459,3328,5632,4772,4036,2943,6320
"54081",2016,2469,1798,2577,1548,1161,2168,1816,2566,1233,441,4637,3614,5143,2781,1602
"54107",2016,2344,2061,2851,1550,696,2576,2003,3079,1709,935,4920,4064,5930,3259,1631
"55009",2016,9286,10256,7546,5696,3344,7708,8307,8738,5092,3380,16994,18563,16284,10788,6724
"55025",2016,15813,15046,16569,8941,8662,15286,14215,15766,9289,9304,31099,29261,32335,18230,17966
"55027",2016,2247,2449,2899,1559,1000,1907,2214,2909,1634,879,4154,4663,5808,3193,1879
"55035",2016,2951,2917,3391,1794,2442,2922,3326,2499,1696,2237,5873,6243,5890,3490,4679
"55039",2016,3153,3429,2767,1950,1222,2424,3146,3391,2020,1066,5577,6575,6158,3970,2288
"55055",2016,2269,2938,2730,1820,1519,1736,2257,3047,1696,1437,4005,5195,5777,3516,2956
"55059",2016,4862,5763,5569,3856,2362,4894,5135,6114,3259,2676,9756,10898,11683,7115,5038
"55063",2016,3094,2611,3950,1934,2192,3846,3326,2699,2097,2917,6940,5937,6649,4031,5109
"55071",2016,2060,2843,2169,1362,767,2177,2570,1902,1450,950,4237,5413,4071,2812,1717
"55073",2016,3556,5040,4079,2756,1881,4259,4465,4320,2613,1395,7815,9505,8399,5369,3276
"55079",2016,34047,32586,32098,18905,13268,32526,33495,29342,18135,12846,66573,66081,61440,37040,26114
"55087",2016,5882,6827,6344,4043,2316,5383,6046,5841,3625,2489,11265,12873,12185,7668,4805
"55089",2016,2398,1967,3491,1880,1183,2208,2186,3054,1956,1365,4606,4153,6545,3836,2548
"55097",2016,1664,1595,2130,1161,1518,1997,1969,1879,1090,1726,3661,3564,4009,2251,3244
"55101",2016,6023,6602,6336,4209,2089,6020,6629,5737,3972,2301,12043,13231,12073,8181,4390
"55105",2016,4843,6002,5776,3372,2130,4869,4894,5438,3031,1590,9712,10896,11214,6403,3720
"55109",2016,2734,3877,2660,2026,1046,2536,3990,2475,2106,827,5270,7867,5135,4132,1873
"55117",2016,3427,4251,3419,2354,1292,2951,4129,2754,2677,1274,6378,8380,6173,5031,2566
"55127",2016,2837,2980,3595,2126,1813,2552,3119,3174,1770,1425,5389,6099,6769,3896,3238
"55131",2016,3553,4309,4373,2748,1509,3865,4949,3855,2754,1416,7418,9258,8228,5502,2925
"55133",2016,10433,11729,13565,8429,4684,9375,11099,13493,8949,4964,19808,22828,27058,17378,9648
"55139",2016,4672,5132,5012,3222,2600,4448,4645,4786,3014,2491,9120,9777,9798,6236,5091
"55141",2016,1834,2135,2175,1464,790,2044,2005,2605,1259,616,3878,4140,4780,2723,1406
"56021",2016,3300,3942,2594,1850,947,3121,3590,2777,1716,1405,6421,7532,5371,3566,2352
"56025",2016,2446,2865,2496,1812,631,2427,2618,3151,2035,1626,4873,5483,5647,3847,2257
"72013",2016,2059,1850,3084,1888,1226,1970,2350,2266,1705,1139,4029,4200,5350,3593,2365
"72021",2016,4191,5413,4748,3708,2576,4004,4344,5110,3414,2368,8195,9757,9858,7122,4944
"72025",2016,2958,3305,4620,2826,1830,2944,3372,4202,2622,1695,5902,6677,8822,5448,3525
"72031",2016,3621,3744,5035,3233,2084,3593,4556,3899,3168,2081,7214,8300,8934,6401,4165
"72061",2016,1918,1790,2719,1677,1075,1780,2139,2198,1521,1025,3698,3929,4917,3198,2100
"72097",2016,1677,1959,2129,1488,1736,1600,2226,1615,1381,1643,3277,4185,3744,2869,3379
"72113",2016,3957,4461,4179,3026,2205,3715,4350,3865,3010,2024,7672,8811,8044,6036,4229
"72127",2016,8475,8924,9341,6426,4409,7890,7513,10343,6614,4957,16365,16437,19684,13040,9366
"72135",2016,1802,1683,3141,1784,1028,1635,2765,1888,1672,1157,3437,4448,5029,3456,2185
"72137",2016,2038,2912,1778,1786,1113,1897,1659,2934,1691,1066,3935,4571,4712,3477,2179
"72139",2016,1596,1584,2778,1466,700,1464,1488,2469,1353,689,3060,3072,5247,2819,1389
"01003",2017,5860,6011,8022,4780,1969,5478,6739,5747,3384,2321,11338,12750,13769,8164,4290
"01015",2017,3469,3098,4112,2182,1652,3335,3196,3249,2359,1588,6804,6294,7361,4541,3240
"01043",2017,2313,2292,2741,1939,1028,2299,1924,3060,1524,645,4612,4216,5801,3463,1673
"01049",2017,1888,2770,2170,1379,1025,2304,2755,2559,1415,1349,4192,5525,4729,2794,2374
"01051",2017,2667,2530,2570,1778,1103,2195,2079,2547,1729,1432,4862,4609,5117,3507,2535
"01055",2017,2895,3783,2548,2022,1527,3005,3496,2592,1999,1059,5900,7279,5140,4021,2586
"01069",2017,3271,3309,3694,2263,1084,3026,3549,2950,2127,1016,6297,6858,6644,4390,2100
"01073",2017,21402,19635,22819,12081,8170,21086,21085,20209,12437,8614,42488,40720,43028,24518,16784
"01077",2017,2486,2210,2589,1542,1418,2368,2575,2601,2006,1564,4854,4785,5190,3548,2982
"01081",2017,4002,4099,6047,2699,4239,5217,5269,4346,2716,5887,9219,9368,10393,5415,10126
"01083",2017,2445,3712,2935,2306,646,2592,2428,2744,2066,1216,5037,6140,5679,4372,1862
"01089",2017,10976,10512,12127,7237,5163,10339,9777,11740,6798,4247,21315,20289,23867,14035,9410
"01095",2017,2762,4306,2749,1873,1029,3505,2477,4028,1978,1867,6267,6783,6777,3851,2896
"01097",2017,13332,13142,13951,8593,4903,13769,12272,13935,8675,5470,27101,25414,27886,17268,10373
"01101",2017,7209,7012,8016,4545,3733,7846,6969,7370,4481,3084,15055,13981,15386,9026,6817
"01103",2017,3792,4411,4079,2516,1482,3247,3306,3270,2266,1775,7039,7717,7349,4782,3257
"01115",2017,2865,3539,2749,1519,374,2462,2231,3443,1737,265,5327,5770,6192,3256,639
"01117",2017,6375,7810,7924,4571,2561,5116,6635,7428,4816,2855,11491,14445,15352,9387,5416
"01121",2017,2476,2544,2393,1712,765,1862,2447,2396,1568,957,4338,4991,4789,3280,1722
"01125",2017,6732,5766,5949,4085,6894,6326,7378,3746,3579,7464,13058,13144,9695,7664,14358
"01127",2017,1819,2253,1651,828,699,1935,1901,1759,1908,844,3754,4154,3410,2736,1543
"02020",2017,9966,11141,9376,5722,4742,11591,10434,8816,4996,3163,21557,21575,18192,10718,7905
"02090",2017,3544,4047,2275,1348,1901,3488,4383,3023,1824,876,7032,8430,5298,3172,2777
"02170",2017,3969,3614,4961,2618,1433,3759,3875,4147,2207,867,7728,7489,9108,4825,2300
"04001",2017,2326,2925,3233,1753,1548,2293,2763,2675,1811,1205,4619,5688,5908,3564,2753
"04003",2017,3813,4338,3315,2308,1562,3703,4828,2721,2048,957,7516,9166,6036,4356,2519
"04005",2017,4044,2969,5284,3485,4276,3588,2972,5176,2051,8075,7632,5941,10460,5536,12351
"04013",2017,143769,141321,157487,90922,57615,136856,136292,151105,87511,54264,280625,277613,308592,178433,111879
"04015",2017,4976,4345,5778,3198,2148,4330,3751,6374,3447,2848,9306,8096,12152,6645,4996
"04017",2017,4081,3436,5093,2879,1710,3619,3396,4921,2020,1445,7700,6832,10014,4899,3155
"04019",2017,29901,31386,29923,18628,17079,28937,28423,30567,19254,15602,58838,59809,60490,37882,32681
"04021",2017,12031,14514,15037,8603,6064,12609,14536,13579,8095,4569,24640,29050,28616,16698,10633
"04025",2017,5073,5109,5833,3451,1702,4129,5866,4622,3360,3242,9202,10975,10455,6811,4944
"04027",2017,7481,7572,7422,4073,3327,7291,5877,8281,4500,3286,14772,13449,15703,8573,6613
"05007",2017,9860,9231,11848,5503,3023,8540,9212,10856,5702,3121,18400,18443,22704,11205,6144
"05031",2017,3940,2943,4713,2387,1361,3338,3710,3115,2055,2435,7278,6653,7828,4442,3796
"05045",2017,4027,4903,3338,2306,2409,3732,4232,3830,2362,4437,7759,9135,7168,4668,6846
"05051",2017,2547,2926,2628,1838,1873,2295,2598,3317,1693,997,4842,5524,5945,3531,2870
"05069",2017,2622,2303,2499,1448,1045,1151,2331,1769,1363,1252,3773,4634,4268,2811,2297
"05085",2017,2238,2563,2616,1479,777,2522,2836,2569,2204,545,4760,5399,5185,3683,1322
"05119",2017,13420,14457,12047,6844,4664,12917,13479,11910,7263,4055,26337,27936,23957,14107,8719
"05125",2017,3519,4084,4742,2791,1588,3508,3946,3399,1975,922,7027,8030,8141,4766,2510
"05131",2017,3614,4235,4072,3427,1374,4495,4057,4400,2653,2479,8109,8292,8472,6080,3853
"05143",2017,8035,8983,7749,4873,5091,7610,8630,6800,4293,5010,15645,17613,14549,9166,10101
"05145",2017,2536,2552,2651,1505,1328,2389,2605,2555,1725,867,4925,5157,5206,3230,2195
"06001",2017,50144,48530,49810,28175,19288,47366,46934,46781,26922,19317,97510,95464,96591,55097,38605
"06007",2017,6607,7084,5758,4327,3920,5780,7804,5022,3487,4109,12387,14888,10780,7814,8029
"06013",2017,33111,37080,38822,24130,13475,32084,34612,38895,23280,11957,65195,71692,77717,47410,25432
"06017",2017,4544,5140,6142,3745,2261,4131,4407,6245,3395,2142,8675,9547,12387,7140,4403
"06019",2017,39768,39049,42485,22321,13859,38135,40218,37732,21975,13066,77903,79267,80217,44296,26925
"06023",2017,3741,3497,3246,2323,2781,3666,3922,3501,2199,2654,7407,7419,6747,4522,5435
"06025",2017,7755,6680,7935,4410,2574,7689,6828,7399,3855,2308,15444,13508,15334,8265,4882
"06029",2017,35089,40028,33988,21472,13183,35289,34591,38578,20187,12563,70378,74619,72566,41659,25746
"06031",2017,5889,5812,5906,3502,2637,5794,5256,5769,3039,1821,11683,11068,11675,6541,4458
"06033",2017,1073,2952,1769,1150,710,1573,1412,2269,970,150,2646,4364,4038,2120,860
"06037",2017,316860,307063,319823,194123,132335,301119,287854,311463,186600,129487,617979,594917,631286,380723,261822
"06039",2017,5691,6347,6025,4055,2115,5422,5690,6194,3156,1763,11113,12037,12219,7211,3878
"06041",2017,6034,7874,7304,5253,3070,6093,7811,7239,4660,2832,12127,15685,14543,9913,5902
"06045",2017,2634,2998,2534,1546,1100,2507,2430,2638,1634,458,5141,5428,5172,3180,1558
"06047",2017,10535,10652,12762,7464,5018,10815,11101,10742,6443,4409,21350,21753,23504,13907,9427
"06053",2017,15964,17000,16771,9016,6517,15398,15088,16382,9524,6246,31362,32088,33153,18540,12763
"06055",2017,3753,3802,4935,2813,1919,3282,3598,4629,2672,1843,7035,7400,9564,5485,3762
"06057",2017,1990,3015,2615,1776,781,1911,2179,2011,1786,994,3901,5194,4626,3562,1775
"06059",2017,95712,94403,107172,64144,40909,91449,91934,100125,61060,40434,187161,186337,207297,125204,81343
"06061",2017,10479,12534,12995,8156,4358,9845,12936,11779,7525,3858,20324,25470,24774,15681,8216
"06065",2017,80678,85106,93015,54951,35510,78171,80412,90399,53478,34157,158849,165518,183414,108429,69667
"06067",2017,50487,52968,51462,30860,17740,48767,51840,48444,29483,16332,99254,104808,99906,60343,34072
"06071",2017,78299,82540,80847,50349,31768,75737,73729,82540,47629,28801,154036,156269,163387,97978,60569
"06073",2017,109210,97391,106183,60196,47864,102921,94733,100196,57698,41871,212131,192124,206379,117894,89735
"06075",2017,20636,15732,15556,8341,6026,19210,13031,17803,8275,7947,39846,28763,33359,16616,13973
"06077",2017,26884,29824,29398,17818,10876,25791,28190,28429,16801,9306,52675,58014,57827,34619,20182
"06079",2017,6527,7629,6971,4739,7511,6564,7541,6740,4079,7155,13091,15170,13711,8818,14666
"06081",2017,22172,24111,22332,13793,7459,20959,23100,21484,12313,6940,43131,47211,43816,26106,14399
"06083",2017,14604,13873,14427,8180,9732,13458,14918,12570,7682,11437,28062,28791,26997,15862,21169
"06085",2017,60398,59140,64458,36048,22803,57314,55828,62553,34342,21084,117712,114968,127011,70390,43887
"06087",2017,6948,6388,9896,4586,5752,6660,6168,8678,4102,7249,13608,12556,18574,8688,13001
"06089",2017,5549,5273,5886,3632,2493,4840,3994,6170,3351,2226,10389,9267,12056,6983,4719
"06095",2017,13528,13794,14931,8305,5400,13242,13515,13286,8458,4832,26770,27309,28217,16763,10232
"06097",2017,13189,15185,13185,9029,6356,12152,14862,13964,8130,6534,25341,30047,27149,17159,12890
"06099",2017,20317,22749,20117,13641,7520,18949,19759,20945,11760,7250,39266,42508,41062,25401,14770
"06101",2017,4045,3537,4129,2473,918,2426,2902,3811,1741,1099,6471,6439,7940,4214,2017
"06107",2017,19735,20236,21644,11550,6602,18737,20324,20095,11404,6578,38472,40560,41739,22954,13180
"06111",2017,26148,27320,29541,18072,11789,25247,25036,30410,16889,10677,51395,52356,59951,34961,22466
"06113",2017,6171,6770,6417,3978,6975,6111,5733,7180,3868,7734,12282,12503,13597,7846,14709
"06115",2017,2628,2726,3695,1615,1356,3353,3770,1944,1310,592,5981,6496,5639,2925,1948
"08001",2017,18386,19706,19872,11094,6123,17752,19471,18110,11005,5597,36138,39177,37982,22099,11720
"08005",2017,20813,20333,24010,13504,6949,19670,19309,22885,12532,6583,40483,39642,46895,26036,13532
"08013",2017,7591,8747,9621,5812,7601,7326,9315,8993,5531,7192,14917,18062,18614,11343,14793
"08014",2017,1839,2428,2791,1679,542,1556,1617,2551,1609,246,3395,4045,5342,3288,788
"08031",2017,21932,20217,18920,10453,6723,21390,20347,17256,9689,7278,43322,40564,36176,20142,14001
"08035",2017,10204,9929,16735,8717,4170,9412,11022,14503,8502,3809,19616,20951,31238,17219,7979
"08041",2017,24061,24721,23942,14494,10553,23107,21525,24505,13651,9057,47168,46246,48447,28145,19610
"08059",2017,14942,15788,17899,10939,6581,14348,14865,16312,9875,5820,29290,30653,34211,20814,12401
"08069",2017,8792,10187,9870,6150,6091,9346,8723,10230,5128,6945,18138,18910,20100,11278,13036
"08077",2017,4268,4551,5471,2842,2876,4252,4269,4801,2591,2363,8520,8820,10272,5433,5239
"08101",2017,4893,5310,5635,3263,2037,4997,4484,5930,3387,2345,9890,9794,11565,6650,4382
"08123",2017,11493,13886,9499,6446,4444,10742,11924,10448,6092,4578,22235,25810,19947,12538,9022
"09001",2017,26584,29598,32709,20591,13210,25598,28502,31509,19658,12684,52182,58100,64218,40249,25894
"09003",2017,24119,25488,28571,18020,12153,23001,23179,29014,17112,11275,47120,48667,57585,35132,23428
"09005",2017,3859,4562,5090,3760,1841,3377,4148,5058,3233,1410,7236,8710,10148,6993,3251
"09007",2017,3587,3992,4657,2984,2046,3193,2665,5728,2735,1834,6780,6657,10385,5719,3880
"09009",2017,23169,22804,26888,16478,12683,21550,24676,23141,16136,13256,44719,47480,50029,32614,25939
"09011",2017,6745,6274,8923,5019,4297,6087,6630,8350,4631,3160,12832,12904,17273,9650,7457
"09013",2017,3411,2825,4433,2954,4584,2603,3861,3112,3265,4323,6014,6686,7545,6219,8907
"09015",2017,2986,3110,3759,2287,1940,2325,2757,3140,2068,2630,5311,5867,6899,4355,4570
"10001",2017,5821,5678,6467,3214,2598,5207,5961,4913,3532,2490,11028,11639,11380,6746,5088
"10003",2017,16522,18242,15765,10745,7845,15975,16085,17517,10434,8592,32497,34327,33282,21179,16437
"10005",2017,5728,5563,6571,3767,2069,5654,5395,6364,3193,1447,11382,10958,12935,6960,3516
"11001",2017,22795,19128,12822,8061,9229,22270,17780,14016,7726,11237,45065,36908,26838,15787,20466
"12001",2017,6740,5893,7407,3856,7051,7379,7521,5587,3664,9293,14119,13414,12994,7520,16344
"12005",2017,5593,4726,6501,3557,2007,5747,4770,5916,3060,1736,11340,9496,12417,6617,3743
"12009",2017,14528,13628,17932,9210,7462,13209,13439,16036,10809,5153,27737,27067,33968,20019,12615
"12011",2017,57533,55692,59460,37158,21650,55068,52311,59174,35403,19997,112601,108003,118634,72561,41647
"12015",2017,2790,3430,3012,1965,947,3037,3018,3174,2222,1126,5827,6448,6186,4187,2073
"12017",2017,2326,2352,3566,2665,828,2557,2410,3519,1847,1628,4883,4762,7085,4512,2456
"12019",2017,5234,6847,8684,5386,2874,6388,6623,7334,4062,2921,11622,13470,16018,9448,5795
"12021",2017,8601,8762,9685,5405,3104,8253,9234,9272,5511,2926,16854,17996,18957,10916,6030
"12023",2017,2115,2337,1956,1881,1938,1183,1691,2674,1381,1023,3298,4028,4630,3262,2961
"12031",2017,32334,31839,26803,16128,11449,30730,29926,26845,16437,10441,63064,61765,53648,32565,21890
"12033",2017,9534,10107,7646,5298,6570,9483,9625,8765,5257,5042,19017,19732,16411,10555,11612
"12035",2017,1613,2781,3280,1913,1673,1966,2610,2878,2000,1462,3579,5391,6158,3913,3135
"12053",2017,4128,5165,5090,2789,1934,4455,5378,4781,3531,2155,8583,10543,9871,6320,4089
"12055",2017,2044,2230,2833,785,1891,3087,1740,3998,1574,665,5131,3970,6831,2359,2556
"12057",2017,45757,45176,46208,27371,17942,43256,41916,45095,26767,17412,89013,87092,91303,54138,35354
"12061",2017,3975,3558,2726,2462,2167,2778,2899,3946,3183,1773,6753,6457,6672,5645,3940
"12069",2017,9300,8987,11184,6115,4115,6675,9725,8496,6544,3825,15975,18712,19680,12659,7940
"12071",2017,17766,17411,20715,11644,7208,16669,16393,19708,11561,7294,34435,33804,40423,23205,14502
"12073",2017,7391,5985,9303,4569,7024,7449,8162,7153,4369,9085,14840,14147,16456,8938,16109
"12081",2017,9761,8489,11365,6266,3740,8629,9261,11198,6686,3342,18390,17750,22563,12952,7082
"12083",2017,9418,8766,10084,5881,3560,8670,7408,10836,5782,3482,18088,16174,20920,11663,7042
"12085",2017,3186,3816,4109,2443,2341,3365,3473,4187,1877,1153,6551,7289,8296,4320,3494
"12086",2017,80629,74863,80560,48142,32165,77946,76190,72934,45974,30831,158575,151053,153494,94116,62996
"12087",2017,1950,1471,1747,1109,309,1529,1459,1660,855,367,3479,2930,3407,1964,676
"12089",2017,1993,2395,2059,1447,1021,2124,2101,2612,1448,1048,4117,4496,4671,2895,2069
"12091",2017,6732,7187,5795,3491,2143,6733,6471,5334,3296,1692,13465,13658,11129,6787,3835
"12095",2017,42767,37893,47567,25733,18359,40688,40534,40815,25907,19178,83455,78427,88382,51640,37537
"12097",2017,12121,10918,14107,7671,4598,10926,12085,11085,8459,6447,23047,23003,25192,16130,11045
"12099",2017,38784,41415,38805,25657,15857,36874,38223,38701,24692,15534,75658,79638,77506,50349,31391
"12101",2017,14239,14149,16501,9507,6084,13455,13181,16271,9633,5502,27694,27330,32772,19140,11586
"12103",2017,22014,23370,21565,14155,9003,21127,21512,21719,14425,7497,43141,44882,43284,28580,16500
"12105",2017,20725,20315,24132,13662,8354,19407,20921,20925,13145,7841,40132,41236,45057,26807,16195
"12107",2017,2116,2388,2107,1621,827,1918,1256,3012,1375,778,4034,3644,5119,2996,1605
"12109",2017,5540,8247,7226,4979,2470,7517,8345,6718,5190,2924,13057,16592,13944,10169,5394
"12111",2017,8556,8339,9826,6102,5205,7706,8820,8365,5336,3722,16262,17159,18191,11438,8927
"12113",2017,4478,5379,5887,3665,2562,4679,4759,5629,3742,2538,9157,10138,11516,7407,5100
"12115",2017,7773,8486,9199,5721,3963,6982,8656,7700,5568,3177,14755,17142,16899,11289,7140
"12117",2017,11531,14224,13870,8677,4521,13017,13090,14447,8977,5079,24548,27314,28317,17654,9600
"12119",2017,1410,397,1526,850,1145,1265,747,1012,1276,1066,2675,1144,2538,2126,2211
"12127",2017,12902,14093,13401,9446,6608,12462,12803,13458,7406,5875,25364,26896,26859,16852,12483
"12131",2017,1892,2106,1780,1067,396,1975,1766,2062,1191,346,3867,3872,3842,2258,742
"13013",2017,2826,3186,2977,1561,912,2675,3193,2837,1652,901,5501,6379,5814,3213,1813
"13015",2017,3541,3410,3594,2640,1413,3423,3424,3203,2321,1089,6964,6834,6797,4961,2502
"13021",2017,5292,5936,4695,3236,2073,5215,4697,5319,3300,2319,10507,10633,10014,6536,4392
"13031",2017,2406,2123,2458,603,3881,1766,1776,2492,1711,3748,4172,3899,4950,2314,7629
"13045",2017,3265,3410,4715,2332,860,3913,2785,5243,2522,1582,7178,6195,9958,4854,2442
"13047",2017,1728,1014,3098,1238,1439,1608,2656,2062,1858,1320,3336,3670,5160,3096,2759
"13051",2017,9263,8669,8539,4892,3334,9814,7835,8970,4783,5062,19077,16504,17509,9675,8396
"13057",2017,6333,7947,11745,5572,2713,6985,7238,9721,6098,3656,13318,15185,21466,11670,6369
"13059",2017,3305,3429,2966,1923,4157,3214,2218,3093,1808,8041,6519,5647,6059,3731,12198
"13063",2017,11146,9522,13584,6424,3929,10325,10744,11329,6787,3771,21471,20266,24913,13211,7700
"13067",2017,23907,25335,25753,15933,9371,23430,24738,25955,16047,9888,47337,50073,51708,31980,19259
"13073",2017,4928,5243,5577,4511,1910,4139,5274,5974,3189,2615,9067,10517,11551,7700,4525
"13077",2017,4527,5671,4402,3273,2183,4411,4543,5276,3354,2020,8938,10214,9678,6627,4203
"13089",2017,26797,25480,23251,13034,8861,26059,23912,22994,13678,8285,52856,49392,46245,26712,17146
"13095",2017,2890,2984,3331,1827,1710,3101,3193,2682,1782,2047,5991,6177,6013,3609,3757
"13097",2017,5189,4520,6032,3266,1792,4165,6343,4657,3387,1400,9354,10863,10689,6653,3192
"13113",2017,2211,3626,5118,2955,1390,2161,3427,4052,2757,1431,4372,7053,9170,5712,2821
"13115",2017,2526,2658,3171,1927,1405,3407,3703,3283,1910,1627,5933,6361,6454,3837,3032
"13117",2017,7030,8996,10413,6020,2780,6872,9487,9414,5395,2325,13902,18483,19827,11415,5105
"13121",2017,31947,33282,32483,19697,14892,30706,32102,31547,20314,15221,62653,65384,64030,40011,30113
"13127",2017,2009,2455,2439,2168,1224,3087,2067,3380,1391,1031,5096,4522,5819,3559,2255
"13135",2017,30979,33442,39243,23214,12088,30094,35479,35214,22450,11248,61073,68921,74457,45664,23336
"13139",2017,6647,7366,8065,4830,2463,6005,6021,7923,4151,2756,12652,13387,15988,8981,5219
"13151",2017,7378,6476,11467,5641,4131,6234,8179,8315,5320,3772,13612,14655,19782,10961,7903
"13153",2017,5970,5142,6193,3674,2432,4349,5306,5378,3504,1554,10319,10448,11571,7178,3986
"13157",2017,2836,2163,2159,1172,418,2268,1656,3043,1364,736,5104,3819,5202,2536,1154
"13185",2017,5049,3966,3553,2384,1963,3785,2478,4582,2116,2811,8834,6444,8135,4500,4774
"13215",2017,7330,6879,6920,3761,4091,6627,7325,6214,3313,2450,13957,14204,13134,7074,6541
"13217",2017,4439,4605,3970,2899,2118,2262,3188,4481,2565,2765,6701,7793,8451,5464,4883
"13223",2017,7004,5404,7095,3492,2085,3911,5322,7248,3670,1436,10915,10726,14343,7162,3521
"13245",2017,6900,5905,6531,3736,3106,7060,8091,5186,3458,2580,13960,13996,11717,7194,5686
"13247",2017,3251,2815,3723,2070,1642,2183,3394,3346,1811,1857,5434,6209,7069,3881,3499
"13255",2017,2390,2331,2497,1371,541,1500,1661,2607,1739,848,3890,3992,5104,3110,1389
"13285",2017,3126,2485,3068,1286,1414,1434,2457,2307,1287,1607,4560,4942,5375,2573,3021
"13295",2017,2461,1303,2572,1323,667,2223,1699,2161,1475,755,4684,3002,4733,2798,1422
"13297",2017,3023,4834,2381,2008,873,2375,1918,4077,2170,727,5398,6752,6458,4178,1600
"13313",2017,3536,3890,3866,2245,1142,3317,4426,3574,2828,1459,6853,8316,7440,5073,2601
"15001",2017,6022,6610,6294,3809,2401,5893,6414,5956,2719,1860,11915,13024,12250,6528,4261
"15003",2017,32752,28545,30529,16147,11621,30733,28148,27540,15415,9746,63485,56693,58069,31562,21367
"15007",2017,2097,2854,2035,913,878,2280,2681,2075,1328,651,4377,5535,4110,2241,1529
"15009",2017,5084,5342,5186,3322,1645,4705,5487,4449,2626,1563,9789,10829,9635,5948,3208
"16001",2017,15213,13965,18776,10133,6514,12046,13663,17036,9697,5785,27259,27628,35812,19830,12299
"16005",2017,3170,3108,2547,1947,1848,3247,2529,3238,2188,1890,6417,5637,5785,4135,3738
"16019",2017,5191,5848,4456,2783,1704,4675,4973,4589,2850,1177,9866,10821,9045,5633,2881
"16027",2017,8063,7548,10025,5527,3270,8457,8272,9127,4950,3323,16520,15820,19152,10477,6593
"16055",2017,5178,5471,5193,3345,2188,4771,5841,3858,2776,1551,9949,11312,9051,6121,3739
"16083",2017,3210,2700,4326,2026,869,3174,3195,3489,1740,1038,6384,5895,7815,3766,1907
"17001",2017,1943,2985,1862,1217,827,1808,2826,1069,1180,317,3751,5811,2931,2397,1144
"17019",2017,6017,5587,5295,3447,7983,5655,4998,5409,3423,6935,11672,10585,10704,6870,14918
"17031",2017,165602,155916,165254,96696,61824,158248,151645,159120,94255,60679,323850,307561,324374,190951,122503
"17037",2017,2701,3079,3020,2163,2583,3398,3324,3230,1763,2610,6099,6403,6250,3926,5193
"17043",2017,28049,26579,34243,19495,11876,26924,27864,30336,18791,10879,54973,54443,64579,38286,22755
"17089",2017,18791,17606,22209,13661,7219,15728,18386,20204,11887,7034,34519,35992,42413,25548,14253
"17091",2017,3162,2978,4249,2577,2081,3343,3383,3614,2144,2091,6505,6361,7863,4721,4172
"17093",2017,4332,6659,5293,2827,1279,3334,6175,4578,3106,2190,7666,12834,9871,5933,3469
"17097",2017,20700,23557,26575,16863,12923,20057,23137,24812,16112,9321,40757,46694,51387,32975,22244
"17099",2017,3028,2858,3549,2096,1143,3292,2803,3701,2391,1394,6320,5661,7250,4487,2537
"17111",2017,8317,9680,12190,7592,4057,8446,10244,10003,7664,4135,16763,19924,22193,15256,8192
"17113",2017,4592,5025,5643,3269,3910,5281,5300,5247,3143,4341,9873,10325,10890,6412,8251
"17115",2017,3192,3115,3873,1907,1461,3096,2808,3508,1922,1581,6288,5923,7381,3829,3042
"17119",2017,8133,8283,8316,5324,3537,7357,7152,8736,4796,2730,15490,15435,17052,10120,6267
"17143",2017,6197,6034,7075,3377,2780,5578,5575,6228,3576,2295,11775,11609,13303,6953,5075
"17161",2017,4703,4367,4499,2723,2753,4722,4594,4158,2510,2137,9425,8961,8657,5233,4890
"17163",2017,8795,10214,7593,5511,3112,7938,8317,8695,4944,3209,16733,18531,16288,10455,6321
"17167",2017,5987,6577,6469,3654,2660,5499,6338,5594,3988,1824,11486,12915,12063,7642,4484
"17179",2017,4107,4073,4428,2746,1601,3676,4794,4035,2322,1699,7783,8867,8463,5068,3300
"17183",2017,2188,3202,2685,1416,992,2765,2260,2833,1252,501,4953,5462,5518,2668,1493
"17197",2017,20815,23666,27248,17357,9759,19942,20761,28206,16516,8821,40757,44427,55454,33873,18580
"17199",2017,1868,2066,2141,1203,582,1897,2233,2123,1092,782,3765,4299,4264,2295,1364
"17201",2017,9268,8459,10250,6055,3207,8752,8726,9241,6033,2807,18020,17185,19491,12088,6014
"18003",2017,14304,12470,14688,8238,4582,11984,13499,13260,7977,4523,26288,25969,27948,16215,9105
"18005",2017,3309,2779,2283,1532,639,2554,3306,2187,1555,856,5863,6085,4470,3087,1495
"18011",2017,2059,2265,2871,1783,856,1949,2629,2239,1442,673,4008,4894,5110,3225,1529
"18019",2017,3672,3429,3959,2449,1214,3726,3645,3458,2193,1099,7398,7074,7417,4642,2313
"18035",2017,3336,2127,3692,1653,3101,2778,2513,2722,1759,3676,6114,4640,6414,3412,6777
"18039",2017,7925,7281,8774,4887,3220,7644,8064,7570,4451,2285,15569,15345,16344,9338,5505
"18043",2017,2362,2283,3013,2598,1025,2197,2083,2340,1422,736,4559,4366,5353,4020,1761
"18053",2017,1929,2307,1690,1413,1057,1704,1918,2020,1115,1272,3633,4225,3710,2528,2329
"18057",2017,11190,12975,15044,7176,4182,10642,10888,13787,7300,3380,21832,23863,28831,14476,7562
"18059",2017,2475,1640,3820,1855,956,2035,2345,2186,2123,689,4510,3985,6006,3978,1645
"18063",2017,4985,5240,7280,3703,2748,5166,4881,6719,3106,1897,10151,10121,13999,6809,4645
"18067",2017,2687,1953,3488,1396,718,2397,2267,3000,1490,1178,5084,4220,6488,2886,1896
"18081",2017,5686,5132,6050,3182,1767,4640,4711,5591,3111,1569,10326,9843,11641,6293,3336
"18085",2017,2645,2661,2862,2028,992,2257,2646,2202,1587,1070,4902,5307,5064,3615,2062
"18089",2017,14945,15103,18194,10383,6056,14517,15547,16156,10392,5967,29462,30650,34350,20775,12023
"18091",2017,2950,2946,3233,2069,1045,4069,3065,3374,1976,838,7019,6011,6607,4045,1883
"18095",2017,3433,4655,4027,2745,1313,3882,3683,3547,2144,1786,7315,8338,7574,4889,3099
"18097",2017,35610,33380,32355,18457,11806,33690,29829,33070,18313,11530,69300,63209,65425,36770,23336
"18105",2017,3416,3660,3108,2083,5939,2959,2808,3486,1895,6149,6375,6468,6594,3978,12088
"18109",2017,2047,2123,2372,1535,859,1862,2589,1801,1528,694,3909,4712,4173,3063,1553
"18127",2017,4412,5391,6025,3984,2097,4413,6047,4010,3566,2322,8825,11438,10035,7550,4419
"18141",2017,8882,8582,9667,5818,5183,8484,8697,8806,5119,4572,17366,17279,18473,10937,9755
"18157",2017,5784,6399,4615,3440,6207,5219,6610,4762,2909,6399,11003,13009,9377,6349,12606
"18163",2017,5882,6087,5014,2689,2434,5127,5319,5647,3210,3080,11009,11406,10661,5899,5514
"18167",2017,3325,3559,2675,2196,3298,3022,2507,3265,1773,2586,6347,6066,5940,3969,5884
"18177",2017,1693,1939,2393,1418,883,1803,1497,2566,1257,973,3496,3436,4959,2675,1856
"19013",2017,4345,3805,4671,2019,2032,3883,3607,3793,2713,2887,8228,7412,8464,4732,4919
"19049",2017,3638,3668,3854,1990,792,3278,2943,3416,1724,556,6916,6611,7270,3714,1348
"19061",2017,3429,2985,2987,1905,1722,3073,2966,3097,1892,1866,6502,5951,6084,3797,3588
"19103",2017,4683,4068,4209,2308,3776,4329,5009,3691,1895,4233,9012,9077,7900,4203,8009
"19113",2017,7563,6321,8110,4567,3821,6918,7035,8166,4208,2709,14481,13356,16276,8775,6530
"19153",2017,17683,15960,18246,9649,6547,16972,17410,15312,9362,6173,34655,33370,33558,19011,12720
"19155",2017,2904,2872,3504,1782,1883,3073,3016,2859,1881,1367,5977,5888,6363,3663,3250
"19163",2017,5206,6369,5888,3745,1904,5312,5429,5919,3359,2216,10518,11798,11807,7104,4120
"19169",2017,2181,2384,1878,1498,4201,2565,2679,1801,1142,5012,4746,5063,3679,2640,9213
"19193",2017,3582,3482,4006,2290,1284,3872,2799,4618,2192,1399,7454,6281,8624,4482,2683
"20015",2017,2126,2102,3226,1666,1045,1868,1642,3069,1378,789,3994,3744,6295,3044,1834
"20045",2017,2390,3268,3346,2151,3482,3266,3896,2261,1895,4263,5656,7164,5607,4046,7745
"20091",2017,19476,22437,19848,13060,6583,18817,21036,19015,12225,5538,38293,43473,38863,25285,12121
"20103",2017,2549,4083,2705,1833,1066,2529,1749,3117,1443,838,5078,5832,5822,3276,1904
"20161",2017,2342,1630,1221,936,3139,2583,1725,1420,571,3265,4925,3355,2641,1507,6404
"20173",2017,18675,19724,17837,11312,5983,17649,19612,17256,10904,5374,36324,39336,35093,22216,11357
"20177",2017,6067,6498,5669,3685,2073,5068,6488,5163,3390,1906,11135,12986,10832,7075,3979
"20209",2017,6644,5971,7364,3456,2131,6795,7130,5533,3370,1922,13439,13101,12897,6826,4053
"21015",2017,4252,5370,4774,2920,1520,4034,5766,3972,2924,1543,8286,11136,8746,5844,3063
"21029",2017,2339,2464,2787,1812,824,2061,1785,3108,1492,993,4400,4249,5895,3304,1817
"21037",2017,2680,2263,3508,1851,1164,2422,2316,2518,1699,1497,5102,4579,6026,3550,2661
"21047",2017,4273,2904,2178,1035,1437,2495,2197,2718,1320,369,6768,5101,4896,2355,1806
"21059",2017,2998,2867,4322,2158,1097,3344,2765,4174,1860,1189,6342,5632,8496,4018,2286
"21067",2017,10868,10034,9060,5269,6325,8964,9665,8940,5085,6431,19832,19699,18000,10354,12756
"21093",2017,3497,3817,4050,2148,1476,3802,3582,3916,1992,729,7299,7399,7966,4140,2205
"21111",2017,25050,25493,22665,14839,8723,23854,21815,24618,13564,8861,48904,47308,47283,28403,17584
"21117",2017,6025,5268,6377,3177,1729,5192,6010,4462,2895,1523,11217,11278,10839,6072,3252
"21145",2017,2401,1336,2890,1132,941,1654,2245,1749,1179,946,4055,3581,4639,2311,1887
"21151",2017,2640,3151,2144,1575,2130,2880,2402,2546,1727,2556,5520,5553,4690,3302,4686
"21185",2017,1559,2200,3507,1672,846,2107,2245,2822,1949,1192,3666,4445,6329,3621,2038
"21227",2017,4615,4355,2950,1961,3325,4209,4172,4402,2660,4502,8824,8527,7352,4621,7827
"22005",2017,3519,4790,5316,2251,2007,4580,5414,3926,3283,2152,8099,10204,9242,5534,4159
"22015",2017,4925,3950,5488,2679,1886,4087,5038,4020,2297,1561,9012,8988,9508,4976,3447
"22017",2017,9531,8014,7724,4819,2660,8584,7922,7870,4695,2669,18115,15936,15594,9514,5329
"22019",2017,7300,6395,7652,4219,1955,7218,8425,5475,3719,3251,14518,14820,13127,7938,5206
"22033",2017,15035,13444,15194,8516,7987,13673,13356,14285,7993,8061,28708,26800,29479,16509,16048
"22045",2017,2171,3942,1710,1063,1270,2994,2486,3181,1707,1200,5165,6428,4891,2770,2470
"22051",2017,14642,13312,13122,8041,4385,13866,12816,13112,7241,4239,28508,26128,26234,15282,8624
"22055",2017,9025,8864,7945,4587,4172,7950,8315,6860,4712,3631,16975,17179,14805,9299,7803
"22057",2017,3544,3950,2779,2311,1623,2904,2534,3168,1829,1482,6448,6484,5947,4140,3105
"22063",2017,5093,6221,4678,3028,1293,4646,3620,5240,3273,2171,9739,9841,9918,6301,3464
"22071",2017,12510,12030,9655,6063,4310,11160,11103,10819,5753,5136,23670,23133,20474,11816,9446
"22073",2017,5380,5681,5284,3430,2087,5205,5433,5315,3184,2223,10585,11114,10599,6614,4310
"22079",2017,4273,5016,5078,2885,2187,4750,3523,4735,2681,1805,9023,8539,9813,5566,3992
"22097",2017,2794,3499,5023,1886,1514,1532,3086,3055,1874,1471,4326,6585,8078,3760,2985
"22103",2017,7178,8548,9370,5943,3693,8299,8952,8937,4637,3773,15477,17500,18307,10580,7466
"22105",2017,5078,3562,5830,2682,1947,4690,3061,5288,2458,2258,9768,6623,11118,5140,4205
"22109",2017,3278,3183,4705,3362,1536,4251,2806,4422,2717,1443,7529,5989,9127,6079,2979
"23001",2017,3407,3701,2851,2056,1410,3339,2540,3744,1779,1350,6746,6241,6595,3835,2760
"23003",2017,1703,2015,1617,1216,771,1668,1571,1642,1192,630,3371,3586,3259,2408,1401
"23005",2017,7157,7313,8919,5182,3611,6830,6821,8422,4799,3766,13987,14134,17341,9981,7377
"23011",2017,3333,2915,3359,2279,1714,2827,3159,3430,2416,1658,6160,6074,6789,4695,3372
"23019",2017,3682,4000,3895,2864,2945,3231,3980,3485,2352,3296,6913,7980,7380,5216,6241
"23031",2017,4579,5315,6305,3622,1976,4559,6072,4571,3357,2302,9138,11387,10876,6979,4278
"24001",2017,1651,1770,1812,1412,1408,1695,1533,1874,966,1154,3346,3303,3686,2378,2562
"24003",2017,17774,17757,18761,10288,5878,17050,17216,17883,10734,5946,34824,34973,36644,21022,11824
"24005",2017,25158,23553,27238,15879,10771,24064,23124,26209,14800,11211,49222,46677,53447,30679,21982
"24009",2017,2423,2700,3743,2097,1283,2122,2243,3634,2443,1118,4545,4943,7377,4540,2401
"24013",2017,4718,5298,5078,3803,2456,4483,4520,5276,3391,1992,9201,9818,10354,7194,4448
"24015",2017,3046,3105,4021,2417,1635,2234,4053,2554,2005,717,5280,7158,6575,4422,2352
"24017",2017,4665,5137,6579,3625,1743,4554,4993,5793,3230,1327,9219,10130,12372,6855,3070
"24021",2017,7516,7890,9083,5629,2952,7238,7135,8867,5380,3564,14754,15025,17950,11009,6516
"24025",2017,7057,8724,7948,5841,2970,6665,8209,7487,4664,2514,13722,16933,15435,10505,5484
"24027",2017,9422,11526,11336,7299,2926,9811,11179,10617,7124,3739,19233,22705,21953,14423,6665
"24031",2017,33956,33413,36836,21290,11753,32926,32285,34674,20893,10720,66882,65698,71510,42183,22473
"24033",2017,30147,29068,27811,16590,14348,28934,27537,27417,15821,13166,59081,56605,55228,32411,27514
"24037",2017,3458,3443,5076,2312,1658,3169,4120,3410,2617,2110,6627,7563,8486,4929,3768
"24043",2017,4398,4058,5006,3378,1795,4825,3993,4491,2991,1471,9223,8051,9497,6369,3266
"24045",2017,2524,2772,3877,1990,1899,3541,3513,3137,1385,2594,6065,6285,7014,3375,4493
"24510",2017,19712,16273,18113,9206,7787,19366,17790,15680,9867,6874,39078,34063,33793,19073,14661
"25001",2017,4392,4263,5354,3341,2253,3373,4267,4524,3643,1906,7765,8530,9878,6984,4159
"25003",2017,2320,3684,2683,2035,1787,2436,1919,3934,2500,2030,4756,5603,6617,4535,3817
"25005",2017,15160,14721,18477,10304,7246,14254,15731,16654,10780,7380,29414,30452,35131,21084,14626
"25009",2017,22616,21065,27038,15804,10972,21302,23379,22344,14764,10177,43918,44444,49382,30568,21149
"25011",2017,1715,1465,2151,1312,720,1540,1471,1869,1201,657,3255,2936,4020,2513,1377
"25013",2017,13618,13126,16237,9993,7071,12227,13524,14203,8867,7370,25845,26650,30440,18860,14441
"25015",2017,3217,2960,3819,2304,5724,2815,2653,3644,2489,8355,6032,5613,7463,4793,14079
"25017",2017,43885,43041,46923,29127,22916,42514,42519,43885,27341,22540,86399,85560,90808,56468,45456
"25021",2017,20160,20844,21232,13966,8517,17393,19306,21502,13468,8794,37553,40150,42734,27434,17311
"25023",2017,13878,15520,17081,11104,7593,13057,14595,16020,10157,6373,26935,30115,33101,21261,13966
"25025",2017,21372,18457,16849,11155,16080,20914,17895,16716,10336,18005,42286,36352,33565,21491,34085
"25027",2017,22890,24666,25768,16717,12695,21754,22434,25272,15988,11995,44644,47100,51040,32705,24690
"26005",2017,3672,4052,4033,2581,1323,3531,4539,3507,2440,1225,7203,8591,7540,5021,2548
"26017",2017,2494,3255,3745,1894,1133,2815,2597,2714,1762,821,5309,5852,6459,3656,1954
"26021",2017,4646,5161,4356,3060,1445,4670,3511,5812,2705,1450,9316,8672,10168,5765,2895
"26025",2017,4991,4039,4289,3003,1732,3574,3886,4051,2814,1543,8565,7925,8340,5817,3275
"26037",2017,2288,1975,2783,1706,860,2073,1963,3155,1488,1037,4361,3938,5938,3194,1897
"26045",2017,3077,3525,2709,2544,1473,3095,2414,3690,2003,1145,6172,5939,6399,4547,2618
"26049",2017,12219,11287,15942,8646,5005,11552,12204,12659,8135,4435,23771,23491,28601,16781,9440
"26055",2017,2335,2639,2396,1841,1236,2326,2237,2574,1850,768,4661,4876,4970,3691,2004
"26065",2017,8606,8122,7818,4524,7542,8075,7868,7753,4986,9259,16681,15990,15571,9510,16801
"26073",2017,1552,1639,1850,1172,2661,1628,1541,1665,1008,3629,3180,3180,3515,2180,6290
"26075",2017,4311,5157,4402,3056,1894,4757,4552,4650,3402,1640,9068,9709,9052,6458,3534
"26077",2017,7986,8231,8170,4926,5128,7746,7462,7771,4825,5145,15732,15693,15941,9751,10273
"26081",2017,22540,23663,21383,13513,8481,21671,21612,20721,13107,8423,44211,45275,42104,26620,16904
"26087",2017,2137,2288,2888,2091,1068,2245,2607,2417,1703,829,4382,4895,5305,3794,1897
"26091",2017,2480,3107,3176,1958,1560,2605,2469,3232,1827,1150,5085,5576,6408,3785,2710
"26093",2017,5286,5528,6485,4414,2324,4388,6060,4917,4074,2092,9674,11588,11402,8488,4416
"26099",2017,24267,24153,28755,17534,9376,23506,22649,27686,16667,9219,47773,46802,56441,34201,18595
"26103",2017,1719,1865,1645,976,1457,1575,1756,1614,884,1410,3294,3621,3259,1860,2867
"26111",2017,2132,2793,2712,1740,939,2268,1653,3057,1544,954,4400,4446,5769,3284,1893
"26115",2017,4171,4085,5456,3515,1679,3606,4115,4478,2987,1286,7777,8200,9934,6502,2965
"26121",2017,5119,5588,5513,3927,3182,5253,5103,5957,3517,2223,10372,10691,11470,7444,5405
"26125",2017,35200,36116,39133,25545,14358,33178,33770,38474,24400,13317,68378,69886,77607,49945,27675
"26139",2017,8843,10223,10019,6032,6043,9135,9674,9816,5448,6658,17978,19897,19835,11480,12701
"26145",2017,5713,5689,5703,3741,2008,5402,5141,5703,3771,2928,11115,10830,11406,7512,4936
"26147",2017,4197,3721,5922,3733,1878,3659,4696,4718,2952,1492,7856,8417,10640,6685,3370
"26155",2017,1874,1952,2223,1456,795,1775,1641,2437,1536,818,3649,3593,4660,2992,1613
"26159",2017,2298,2426,2541,1701,1032,2323,2347,2890,1299,784,4621,4773,5431,3000,1816
"26161",2017,9418,10479,9235,6539,10957,8688,8191,10495,5665,11619,18106,18670,19730,12204,22576
"26163",2017,58989,56706,60205,36504,20648,56261,53960,57854,35699,19436,115250,110666,118059,72203,40084
"27003",2017,11003,12097,12261,7372,4763,10957,13421,9979,7187,4228,21960,25518,22240,14559,8991
"27013",2017,1699,1516,2280,1287,2095,1587,1902,1541,1062,1880,3286,3418,3821,2349,3975
"27019",2017,3628,4433,3394,2453,1579,3372,3864,4252,2247,1397,7000,8297,7646,4700,2976
"27037",2017,14188,13808,16410,9032,5495,13335,13520,14747,8490,4812,27523,27328,31157,17522,10307
"27053",2017,41875,38482,38123,22011,14476,39573,37606,36611,21108,13951,81448,76088,74734,43119,28427
"27109",2017,4933,5574,5529,2958,1639,5483,5639,4307,3488,1355,10416,11213,9836,6446,2994
"27123",2017,19727,18035,17268,9684,7417,18523,17635,16748,10160,7624,38250,35670,34016,19844,15041
"27131",2017,1946,1736,1945,1059,1457,2132,2133,2020,1343,1549,4078,3869,3965,2402,3006
"27137",2017,4974,5312,5835,3380,3866,5301,4631,5679,2948,3997,10275,9943,11514,6328,7863
"27139",2017,5374,6206,6697,3438,1957,4553,5256,5831,3272,1503,9927,11462,12528,6710,3460
"27141",2017,3123,3686,3475,2099,1494,3291,3726,3192,2220,910,6414,7412,6667,4319,2404
"27145",2017,5306,5350,5063,2862,4062,4835,4548,5475,2896,3467,10141,9898,10538,5758,7529
"27163",2017,8159,8890,9088,6155,3077,7284,8038,10191,5342,2649,15443,16928,19279,11497,5726
"27171",2017,4675,5887,5383,3226,1478,4555,4457,6352,3179,1573,9230,10344,11735,6405,3051
"28033",2017,5520,6159,7372,4762,2696,5461,5742,7406,3936,1910,10981,11901,14778,8698,4606
"28035",2017,2731,2569,2351,1517,1991,2298,2867,1853,1182,1936,5029,5436,4204,2699,3927
"28047",2017,6828,8417,5684,3570,3877,6573,6265,7829,4136,2925,13401,14682,13513,7706,6802
"28049",2017,7562,8574,8185,4995,3661,7940,7442,9013,4863,3689,15502,16016,17198,9858,7350
"28059",2017,4445,2866,6793,3942,1954,3799,3991,5238,2745,1545,8244,6857,12031,6687,3499
"28067",2017,2820,2293,2904,1216,1860,1632,2177,2011,2166,2136,4452,4470,4915,3382,3996
"28075",2017,2064,2156,2845,1640,1172,2717,3167,2526,894,1125,4781,5323,5371,2534,2297
"28081",2017,2781,2497,3489,2210,968,3074,3997,2411,1403,1733,5855,6494,5900,3613,2701
"28089",2017,4234,3983,3923,2535,1387,2165,4197,3187,2077,1327,6399,8180,7110,4612,2714
"28121",2017,3768,5481,5206,3095,1384,5341,5302,4661,3355,1209,9109,10783,9867,6450,2593
"29019",2017,5398,5605,4780,3469,3821,5287,5405,3972,2128,4846,10685,11010,8752,5597,8667
"29021",2017,2882,2926,2457,1750,1297,2956,2890,3059,1538,1094,5838,5816,5516,3288,2391
"29031",2017,1888,2799,1887,1372,1387,2363,2900,1790,1512,2003,4251,5699,3677,2884,3390
"29037",2017,3461,4781,2942,2176,1271,2678,3408,3848,1887,1088,6139,8189,6790,4063,2359
"29043",2017,2495,2736,3183,2059,1618,3078,2536,3340,2260,863,5573,5272,6523,4319,2481
"29047",2017,7454,8338,8923,5123,2749,7897,8409,8050,4527,3375,15351,16747,16973,9650,6124
"29051",2017,2503,2606,2140,1349,999,2056,2368,2412,1317,1647,4559,4974,4552,2666,2646
"29071",2017,3202,2938,3923,2517,1252,2971,2886,3362,2229,893,6173,5824,7285,4746,2145
"29077",2017,9075,8998,8125,5148,4228,8761,7796,8423,4135,5227,17836,16794,16548,9283,9455
"29095",2017,23862,22655,24286,13783,7786,22528,23290,22605,13191,7710,46390,45945,46891,26974,15496
"29097",2017,4513,4230,3777,2684,1474,4403,3757,4436,2661,1240,8916,7987,8213,5345,2714
"29099",2017,6420,6116,9667,4928,2441,6538,6302,7891,4200,2118,12958,12418,17558,9128,4559
"29165",2017,2989,3535,3162,2311,981,3356,3482,3336,1837,383,6345,7017,6498,4148,1364
"29183",2017,12670,12160,14954,7891,5133,11348,14019,11819,8577,5015,24018,26179,26773,16468,10148
"29187",2017,2338,1906,1913,1349,783,1743,1555,2163,1005,517,4081,3461,4076,2354,1300
"29189",2017,29529,29517,32861,20255,12587,28495,28212,31577,19133,11209,58024,57729,64438,39388,23796
"29510",2017,10682,8314,7464,4324,3410,9202,7410,8100,4335,3858,19884,15724,15564,8659,7268
"30013",2017,2870,2705,2682,1235,680,2427,2672,2437,1173,808,5297,5377,5119,2408,1488
"30029",2017,2771,2928,3346,1994,1377,2626,2299,3719,2393,973,5397,5227,7065,4387,2350
"30031",2017,3586,2634,3066,1520,1963,3198,3113,2887,1653,1785,6784,5747,5953,3173,3748
"30049",2017,1980,2245,2051,1293,796,1939,2194,1799,1098,1008,3919,4439,3850,2391,1804
"30063",2017,2922,3079,3327,1735,1447,3028,2613,3811,2129,2222,5950,5692,7138,3864,3669
"30111",2017,5336,5768,5335,3043,1534,4490,4708,5748,2989,1288,9826,10476,11083,6032,2822
"31055",2017,22150,20085,20117,11479,7126,20706,17843,20635,11393,7195,42856,37928,40752,22872,14321
"31109",2017,10485,11067,9629,5962,6439,9869,9382,10438,5415,6373,20354,20449,20067,11377,12812
"31153",2017,7233,7030,7389,3998,1811,6110,6832,6763,4785,2013,13343,13862,14152,8783,3824
"32003",2017,71121,78461,69255,44156,25228,68035,68526,72941,41696,23217,139156,146987,142196,85852,48445
"32031",2017,14300,14825,14349,8718,5665,13373,12017,14848,8247,5546,27673,26842,29197,16965,11211
"33005",2017,1966,2211,1634,1243,1428,1617,1528,2145,1121,2220,3583,3739,3779,2364,3648
"33009",2017,1673,2243,2108,1326,2249,1897,1498,2581,1566,1756,3570,3741,4689,2892,4005
"33011",2017,11513,11519,12519,7901,4798,10128,9634,13675,7753,4418,21641,21153,26194,15654,9216
"33013",2017,3352,4031,4353,2982,2369,3488,4284,3534,2690,1870,6840,8315,7887,5672,4239
"33015",2017,7399,8069,9467,6161,3199,6714,7769,8680,5853,2954,14113,15838,18147,12014,6153
"33017",2017,2839,4253,3304,2222,2741,2915,3198,2882,2186,3730,5754,7451,6186,4408,6471
"34001",2017,6648,8871,7659,5557,4149,8253,7596,8322,5098,4433,14901,16467,15981,10655,8582
"34003",2017,25512,26481,31759,19021,10564,24690,27645,28281,18081,10618,50202,54126,60040,37102,21182
"34005",2017,11770,12611,14267,9072,5631,11227,12581,13821,8548,4697,22997,25192,28088,17620,10328
"34007",2017,16035,15650,17841,10451,6326,15197,15469,16304,9627,5498,31232,31119,34145,20078,11824
"34009",2017,2537,2001,2647,1446,1092,1835,2047,2355,1358,704,4372,4048,5002,2804,1796
"34011",2017,5109,5417,4804,2688,2369,4770,6004,3808,3309,1173,9879,11421,8612,5997,3542
"34013",2017,26862,26869,27725,16267,10298,25748,25021,26989,15299,9634,52610,51890,54714,31566,19932
"34015",2017,7061,9715,10563,6011,3985,7048,7748,10172,6342,3641,14109,17463,20735,12353,7626
"34017",2017,24151,18278,18557,10547,7577,23210,20185,15438,9655,5864,47361,38463,33995,20202,13441
"34019",2017,2285,2461,4671,3284,2028,2915,3051,3793,2725,1526,5200,5512,8464,6009,3554
"34021",2017,10711,10560,12443,7273,6968,10168,11487,10158,7085,6542,20879,22047,22601,14358,13510
"34023",2017,24463,25831,26192,16498,12445,23401,24781,25642,15260,11372,47864,50612,51834,31758,23817
"34025",2017,15820,17786,21232,12932,8083,15273,18498,19241,13168,7577,31093,36284,40473,26100,15660
"34027",2017,12354,13062,18149,11041,5931,12756,14981,14550,10200,6743,25110,28043,32699,21241,12674
"34029",2017,21465,19213,20161,11355,5899,20282,19965,18690,10850,5175,41747,39178,38851,22205,11074
"34031",2017,17745,18355,16261,10213,7769,16832,14726,18223,10438,7362,34577,33081,34484,20651,15131
"34033",2017,1400,2315,1902,1196,1000,1634,2043,1839,1208,884,3034,4358,3741,2404,1884
"34035",2017,9189,8492,13375,7826,5094,7971,9663,10757,6815,4310,17160,18155,24132,14641,9404
"34037",2017,3460,3269,4727,2990,2369,2625,3622,4242,2791,1531,6085,6891,8969,5781,3900
"34039",2017,17754,17410,20163,11240,7263,17323,16623,19782,11080,6706,35077,34033,39945,22320,13969
"34041",2017,2265,2948,3115,2911,1091,2607,2300,3584,1844,1329,4872,5248,6699,4755,2420
"35001",2017,19198,19779,23463,12562,8910,19946,18175,23288,13273,8638,39144,37954,46751,25835,17548
"35005",2017,2639,2184,2833,1006,1101,2128,3310,1566,1803,569,4767,5494,4399,2809,1670
"35013",2017,6985,8135,7274,4878,4650,6766,8200,7120,4093,4506,13751,16335,14394,8971,9156
"35025",2017,3083,2710,3636,1713,1342,2128,3250,2814,1413,633,5211,5960,6450,3126,1975
"35031",2017,2245,3456,3538,1924,903,2527,2856,3085,1781,927,4772,6312,6623,3705,1830
"35035",2017,2055,1686,2748,2024,1303,2220,1215,2519,962,1163,4275,2901,5267,2986,2466
"35043",2017,4018,4081,5642,2871,1671,3783,5278,4556,3308,1247,7801,9359,10198,6179,2918
"35045",2017,4364,4606,5314,2545,2264,4488,4351,5195,3320,1422,8852,8957,10509,5865,3686
"35049",2017,3381,4372,3428,2114,1846,3216,4438,3521,2752,1606,6597,8810,6949,4866,3452
"35061",2017,2299,2915,2896,1342,1396,1765,1984,2708,2055,2204,4064,4899,5604,3397,3600
"36001",2017,8710,8245,7696,5239,7440,7035,7721,8171,4686,6705,15745,15966,15867,9925,14145
"36005",2017,53703,48522,52915,30654,20482,52248,50944,47029,29200,19225,105951,99466,99944,59854,39707
"36007",2017,5432,5846,4801,3542,4742,4744,4659,5532,3111,3563,10176,10505,10333,6653,8305
"36009",2017,2268,2427,2729,1567,1153,2064,2227,2530,1439,1129,4332,4654,5259,3006,2282
"36011",2017,1783,2444,2173,1569,749,1744,2006,1849,1834,839,3527,4450,4022,3403,1588
"36013",2017,3553,3374,4130,2418,2240,3183,3493,3814,2444,2264,6736,6867,7944,4862,4504
"36015",2017,2713,2362,2517,1523,788,2150,1590,3882,1464,1013,4863,3952,6399,2987,1801
"36019",2017,2107,1498,2438,1281,1730,1720,2455,1997,1130,2194,3827,3953,4435,2411,3924
"36027",2017,6353,6367,9695,6133,4871,7291,5956,9374,5283,5654,13644,12323,19069,11416,10525
"36029",2017,26012,26224,26483,17587,13499,25037,25588,25143,16647,13392,51049,51812,51626,34234,26891
"36045",2017,4637,3654,3601,1802,2009,4210,4264,2991,2014,934,8847,7918,6592,3816,2943
"36047",2017,99255,79633,84381,45881,26264,94155,77621,79744,44795,25630,193410,157254,164125,90676,51894
"36051",2017,1271,1599,1483,1570,1622,1505,1393,1488,1082,1722,2776,2992,2971,2652,3344
"36053",2017,1821,2328,1654,1286,1553,1645,1590,2428,1416,2007,3466,3918,4082,2702,3560
"36055",2017,21141,20742,23758,14479,12121,20359,22075,20729,13387,11585,41500,42817,44487,27866,23706
"36059",2017,38178,42858,42090,28218,17426,36258,39819,41057,26786,16484,74436,82677,83147,55004,33910
"36061",2017,40737,29143,33702,17054,15089,39286,34410,27704,17537,19735,80023,63553,61406,34591,34824
"36063",2017,5625,5373,6954,3969,2412,4972,6542,5441,3561,2577,10597,11915,12395,7530,4989
"36065",2017,6778,7037,7018,4110,3958,6724,6989,6570,3929,3879,13502,14026,13588,8039,7837
"36067",2017,13534,14478,13481,9283,7085,12831,13514,13899,8660,8549,26365,27992,27380,17943,15634
"36069",2017,2627,2319,3668,2466,1666,2763,3374,2768,2494,1225,5390,5693,6436,4960,2891
"36071",2017,13132,13364,15312,9329,7067,11691,13469,13123,8083,5024,24823,26833,28435,17412,12091
"36075",2017,3188,4317,3031,2389,2441,2897,3383,3319,2142,2429,6085,7700,6350,4531,4870
"36079",2017,2420,2306,3132,1748,1693,2034,2073,3883,2144,1189,4454,4379,7015,3892,2882
"36081",2017,75125,65402,64292,38146,23473,70685,61281,62462,36581,22378,145810,126683,126754,74727,45851
"36083",2017,3713,4566,4702,2837,3608,4184,4130,4527,2588,2374,7897,8696,9229,5425,5982
"36085",2017,13978,14504,15794,9331,4854,13404,13662,14920,9249,4470,27382,28166,30714,18580,9324
"36087",2017,12307,14564,12269,7717,4368,12607,11627,13133,7592,4309,24914,26191,25402,15309,8677
"36089",2017,2960,3228,3045,1913,3502,2558,3112,3037,1989,2828,5518,6340,6082,3902,6330
"36091",2017,5638,7125,6646,4347,3135,5702,6243,6417,4536,2879,11340,13368,13063,8883,6014
"36093",2017,4151,4389,5401,2767,3382,3845,5009,4404,3563,1243,7996,9398,9805,6330,4625
"36101",2017,2760,3065,2877,2114,1092,2425,2577,3052,1917,922,5185,5642,5929,4031,2014
"36103",2017,40440,38951,52369,31187,20014,39093,44999,42285,30055,17808,79533,83950,94654,61242,37822
"36105",2017,1417,2150,3103,1403,1254,1904,1425,2571,1379,1609,3321,3575,5674,2782,2863
"36109",2017,1813,1865,2383,1883,4663,1881,1730,2118,1512,5294,3694,3595,4501,3395,9957
"36111",2017,4061,4385,4738,2939,2523,3588,4949,4159,3235,2958,7649,9334,8897,6174,5481
"36113",2017,1476,1589,1707,1209,641,1232,1489,1810,1048,839,2708,3078,3517,2257,1480
"36117",2017,2139,2394,3363,1811,1601,2264,2320,3442,1816,826,4403,4714,6805,3627,2427
"36119",2017,28602,28920,33621,21130,12521,26670,27306,31915,19101,12529,55272,56226,65536,40231,25050
"37001",2017,4990,5491,4950,3063,2603,4716,4719,5535,3081,2822,9706,10210,10485,6144,5425
"37019",2017,2898,2648,4143,1750,1227,2129,3052,2422,1912,615,5027,5700,6565,3662,1842
"37021",2017,5888,6339,8346,4592,2501,6158,5139,7277,4576,2823,12046,11478,15623,9168,5324
"37023",2017,1905,1749,3098,2768,2147,1714,2509,2823,636,1658,3619,4258,5921,3404,3805
"37025",2017,7105,7894,8068,5443,2390,6206,5443,9513,4316,2694,13311,13337,17581,9759,5084
"37027",2017,2057,1371,3108,1566,1112,2148,3013,1684,1690,1042,4205,4384,4792,3256,2154
"37031",2017,1380,1631,2524,1794,595,1277,1697,1655,735,620,2657,3328,4179,2529,1215
"37035",2017,3991,5367,4845,3410,2249,4948,4846,4642,3471,1299,8939,10213,9487,6881,3548
"37037",2017,2083,2203,2468,1336,371,2277,2123,1818,425,297,4360,4326,4286,1761,668
"37045",2017,2333,2798,3643,1994,1531,2802,1737,4256,2054,1691,5135,4535,7899,4048,3222
"37049",2017,3077,3537,3492,1201,1239,3180,3131,3524,1955,1431,6257,6668,7016,3156,2670
"37051",2017,12844,12966,9802,6902,6395,12165,10496,10842,5922,4527,25009,23462,20644,12824,10922
"37057",2017,4911,5488,5499,3428,1641,4114,5749,4483,3279,1569,9025,11237,9982,6707,3210
"37063",2017,10661,8463,9491,5240,3514,9830,9793,7622,4584,4559,20491,18256,17113,9824,8073
"37067",2017,11667,13608,11595,7727,5938,10975,13271,11020,7326,6086,22642,26879,22615,15053,12024
"37069",2017,1345,2210,2383,799,1093,2052,1780,2219,1980,745,3397,3990,4602,2779,1838
"37071",2017,6639,6321,7738,4554,2822,6481,6219,7522,4404,2390,13120,12540,15260,8958,5212
"37081",2017,16103,15860,17488,10393,7688,15111,15186,17312,10783,9995,31214,31046,34800,21176,17683
"37085",2017,5256,4372,5588,2743,2899,4848,4763,5368,2240,2319,10104,9135,10956,4983,5218
"37089",2017,2602,2954,3729,2393,1131,2696,3322,2763,1837,1562,5298,6276,6492,4230,2693
"37097",2017,4904,4790,7226,3940,2654,4871,5373,6241,3794,2192,9775,10163,13467,7734,4846
"37101",2017,5649,5793,9317,4499,2343,6907,6734,7382,4212,2565,12556,12527,16699,8711,4908
"37109",2017,2446,2594,2532,1578,1076,1939,2823,1968,1787,1182,4385,5417,4500,3365,2258
"37119",2017,36813,37441,34819,21130,12968,35461,35813,34861,20987,13439,72274,73254,69680,42117,26407
"37125",2017,2239,3499,2902,2601,1001,2546,2459,2821,2155,1498,4785,5958,5723,4756,2499
"37127",2017,2978,2850,3190,2224,1714,2538,2564,3004,1586,542,5516,5414,6194,3810,2256
"37129",2017,5810,6129,6144,3283,3441,5766,6676,5062,3807,4228,11576,12805,11206,7090,7669
"37133",2017,9142,6021,6292,3116,7808,7965,5377,5456,3955,1787,17107,11398,11748,7071,9595
"37135",2017,2879,5096,4060,2479,3199,3410,3730,4686,2381,4448,6289,8826,8746,4860,7647
"37147",2017,5530,4359,6628,3766,3731,4880,5744,4280,2918,6136,10410,10103,10908,6684,9867
"37151",2017,3655,4217,5096,3622,2016,4172,4413,4152,2709,1376,7827,8630,9248,6331,3392
"37155",2017,4369,5062,4464,2984,2362,4426,4096,5096,2668,2032,8795,9158,9560,5652,4394
"37157",2017,2253,1733,3330,1545,990,2343,2809,2852,1713,1507,4596,4542,6182,3258,2497
"37159",2017,3491,4223,5271,2813,2580,4380,4367,3861,2803,1926,7871,8590,9132,5616,4506
"37161",2017,1727,1681,2278,1823,772,1626,1876,1547,1473,852,3353,3557,3825,3296,1624
"37171",2017,1664,2585,1897,1530,472,1844,2236,2074,1576,898,3508,4821,3971,3106,1370
"37179",2017,6283,8380,10672,6306,3279,6930,8281,9979,6227,3178,13213,16661,20651,12533,6457
"37183",2017,34716,37244,37553,22456,14781,32980,33582,38812,22031,14333,67696,70826,76365,44487,29114
"37191",2017,4087,3684,4568,2646,1467,3916,3381,4454,2484,1775,8003,7065,9022,5130,3242
"37193",2017,1302,1984,2602,1467,313,1809,1608,2147,1147,343,3111,3592,4749,2614,656
"37195",2017,2238,2256,3319,1382,1239,2500,2763,2530,1956,781,4738,5019,5849,3338,2020
"38015",2017,3714,3531,2660,1894,1092,3743,3273,2392,1484,1208,7457,6804,5052,3378,2300
"38017",2017,6744,5044,6028,3024,3531,5546,5669,4592,2484,2817,12290,10713,10620,5508,6348
"38035",2017,2858,1708,2145,860,2709,2074,2074,1733,785,1719,4932,3782,3878,1645,4428
"38101",2017,2348,2247,2081,913,877,2429,2465,2561,939,990,4777,4712,4642,1852,1867
"39003",2017,3403,3099,3774,2026,2147,2853,2928,3566,2228,1514,6256,6027,7340,4254,3661
"39007",2017,2476,3084,2750,1993,1048,2911,3029,3476,1983,1071,5387,6113,6226,3976,2119
"39009",2017,1399,1479,1148,936,4101,1167,1356,1348,909,3494,2566,2835,2496,1845,7595
"39013",2017,1742,1287,2514,1280,589,1623,1761,1697,1037,691,3365,3048,4211,2317,1280
"39017",2017,11370,13252,12574,8075,7654,12036,11645,13100,7818,7359,23406,24897,25674,15893,15013
"39023",2017,3744,4249,4575,2856,1710,4460,3909,3970,2423,2287,8204,8158,8545,5279,3997
"39025",2017,6486,5451,8147,4279,2443,5895,6831,6239,3827,1898,12381,12282,14386,8106,4341
"39029",2017,3082,2398,3521,1996,1281,2584,2746,2968,1787,1130,5666,5144,6489,3783,2411
"39035",2017,36841,37310,35540,23036,15136,35069,32324,37513,23353,13834,71910,69634,73053,46389,28970
"39041",2017,6394,6766,9375,4874,2672,6163,8213,7171,4822,2436,12557,14979,16546,9696,5108
"39043",2017,2434,2507,2545,1290,994,1593,1747,1993,1205,1071,4027,4254,4538,2495,2065
"39045",2017,4755,5441,5314,3632,2336,4805,5676,4370,3112,2100,9560,11117,9684,6744,4436
"39049",2017,47370,44062,38719,23438,18707,45568,42348,37751,22927,18534,92938,86410,76470,46365,37241
"39055",2017,2543,2856,3365,2227,1218,2412,2579,3555,2137,1115,4955,5435,6920,4364,2333
"39057",2017,5172,4853,5146,3098,3658,4588,4004,4672,3139,3418,9760,8857,9818,6237,7076
"39061",2017,27564,25098,27071,15583,11854,26404,26886,24362,14827,10744,53968,51984,51433,30410,22598
"39063",2017,2211,2657,2378,1706,959,2249,2200,2169,1331,1000,4460,4857,4547,3037,1959
"39081",2017,1692,1278,2639,1178,785,1653,1280,2232,1022,856,3345,2558,4871,2200,1641
"39085",2017,5456,5987,7879,4522,2484,5348,5488,7246,4611,2511,10804,11475,15125,9133,4995
"39089",2017,5247,5078,6261,3843,2399,5126,6087,5430,3092,2341,10373,11165,11691,6935,4740
"39093",2017,8820,9477,10350,7114,4674,8613,8945,9452,5806,4232,17433,18422,19802,12920,8906
"39095",2017,13951,13478,14546,9398,5999,13321,12886,14266,7536,5221,27272,26364,28812,16934,11220
"39099",2017,6145,5512,7774,4459,3193,5834,6128,6171,3962,2701,11979,11640,13945,8421,5894
"39101",2017,1834,1687,1986,1348,587,1867,1657,2009,1064,446,3701,3344,3995,2412,1033
"39103",2017,4970,5846,5990,3831,2000,4917,5124,6147,3568,1944,9887,10970,12137,7399,3944
"39109",2017,3151,3204,3997,2256,1313,3131,3081,3229,2112,1023,6282,6285,7226,4368,2336
"39113",2017,16452,16574,16898,10520,7037,15531,14009,17552,9832,6829,31983,30583,34450,20352,13866
"39119",2017,2634,3394,2340,1720,1348,2671,3033,2304,1545,1094,5305,6427,4644,3265,2442
"39133",2017,3544,4775,4327,3063,3698,3510,4505,3989,3001,4765,7054,9280,8316,6064,8463
"39139",2017,3301,2909,4024,2337,1342,3169,2745,5331,2432,1261,6470,5654,9355,4769,2603
"39141",2017,2234,2774,1928,1541,516,2114,2889,1604,1428,433,4348,5663,3532,2969,949
"39145",2017,1961,2559,2365,1616,1009,2257,1174,3102,1257,961,4218,3733,5467,2873,1970
"39151",2017,10731,10692,12361,7902,4859,9965,9979,11936,6625,4516,20696,20671,24297,14527,9375
"39153",2017,15203,15781,16784,10724,6568,14794,15476,15313,10032,6041,29997,31257,32097,20756,12609
"39155",2017,4996,5022,6680,3912,2056,5423,5954,5241,3680,1800,10419,10976,11921,7592,3856
"39157",2017,2715,3026,3041,1948,952,2899,2477,3255,1810,1069,5614,5503,6296,3758,2021
"39165",2017,7179,8362,8580,5238,2636,6411,7706,8123,5786,2507,13590,16068,16703,11024,5143
"39169",2017,3749,4826,3509,2753,1816,3547,3204,3977,2619,1882,7296,8030,7486,5372,3698
"39173",2017,3635,4036,4110,2113,3424,3109,3700,3634,2081,3825,6744,7736,7744,4194,7249
"40017",2017,4721,5049,5583,3421,1864,4366,6256,3851,3229,2004,9087,11305,9434,6650,3868
"40027",2017,7706,8174,10006,5311,5962,7126,7726,9643,5452,7198,14832,15900,19649,10763,13160
"40031",2017,4345,4109,3912,2366,3052,4010,3727,4199,2183,2224,8355,7836,8111,4549,5276
"40037",2017,2363,2195,2619,1773,842,2080,2161,2730,1369,740,4443,4356,5349,3142,1582
"40101",2017,2036,2617,2531,1430,1165,2267,2101,2337,1598,875,4303,4718,4868,3028,2040
"40109",2017,30684,28760,28507,15620,10065,29643,26824,27864,14947,9072,60327,55584,56371,30567,19137
"40119",2017,2499,2484,2602,1818,2789,2304,2583,1210,848,2471,4803,5067,3812,2666,5260
"40125",2017,2275,2830,2160,1666,1247,2071,2557,2264,1379,1149,4346,5387,4424,3045,2396
"40131",2017,2918,2923,3335,2178,1346,2414,2750,3280,1924,1178,5332,5673,6615,4102,2524
"40143",2017,23923,22686,23675,13568,7993,22748,22839,21739,12891,7567,46671,45525,45414,26459,15560
"40145",2017,2166,2672,2917,1640,1157,2351,2962,2686,1929,811,4517,5634,5603,3569,1968
"41003",2017,1812,2589,1786,648,2895,1917,1390,2892,2092,3249,3729,3979,4678,2740,6144
"41005",2017,12435,12089,13865,8368,5058,10000,11831,12735,8078,3719,22435,23920,26600,16446,8777
"41017",2017,4771,5380,6102,3345,2456,4945,5722,5281,3043,1968,9716,11102,11383,6388,4424
"41019",2017,3142,3100,2619,1771,1128,2503,2965,3130,1772,1049,5645,6065,5749,3543,2177
"41029",2017,6191,6556,7626,3757,2097,5421,5032,6952,3569,2759,11612,11588,14578,7326,4856
"41033",2017,2684,2761,2238,1546,514,2338,2798,1359,1127,398,5022,5559,3597,2673,912
"41035",2017,1583,2068,2154,922,849,2375,2018,1822,1483,418,3958,4086,3976,2405,1267
"41039",2017,9167,10162,9904,6518,6438,8946,9266,10062,6073,6657,18113,19428,19966,12591,13095
"41043",2017,3696,5106,3455,2268,1295,3923,3364,4128,2691,1061,7619,8470,7583,4959,2356
"41047",2017,11216,11860,13312,7192,4599,11185,12184,11451,6388,4506,22401,24044,24763,13580,9105
"41051",2017,23100,22141,21197,12153,8756,22577,21100,20084,11965,8181,45677,43241,41281,24118,16937
"41053",2017,2603,1860,3146,3034,1717,1869,3097,2841,1228,2122,4472,4957,5987,4262,3839
"41059",2017,2660,3099,2677,1340,1416,2585,2726,2515,1903,1076,5245,5825,5192,3243,2492
"41067",2017,18563,17652,21846,11710,6722,17988,17845,20264,11175,6185,36551,35497,42110,22885,12907
"41071",2017,3046,4038,3895,1978,1705,2689,2897,3019,2124,1460,5735,6935,6914,4102,3165
"42001",2017,2505,2591,3249,1875,1516,2734,2586,3040,1901,1469,5239,5177,6289,3776,2985
"42003",2017,32973,28854,35504,20643,16113,31771,28388,32986,19194,16555,64744,57242,68490,39837,32668
"42005",2017,1573,1814,1801,1179,745,1536,1838,1776,1082,757,3109,3652,3577,2261,1502
"42007",2017,4272,4242,4610,2589,1875,4264,5224,4451,2782,1657,8536,9466,9061,5371,3532
"42011",2017,12790,12964,14145,8401,6707,11388,13470,12241,8715,6305,24178,26434,26386,17116,13012
"42013",2017,3442,2919,4196,2544,1622,3162,3442,3535,2107,1320,6604,6361,7731,4651,2942
"42017",2017,15713,16535,21240,13215,7701,15209,16177,19730,12148,6229,30922,32712,40970,25363,13930
"42019",2017,5054,4024,6794,3783,2760,4679,3966,6192,3254,2757,9733,7990,12986,7037,5517
"42021",2017,3023,3473,3694,2343,1983,3478,3600,3573,2246,1895,6501,7073,7267,4589,3878
"42025",2017,1447,1689,1672,1344,439,1376,1338,2535,966,517,2823,3027,4207,2310,956
"42027",2017,3337,3561,3144,2245,7859,3197,2705,4018,2182,6246,6534,6266,7162,4427,14105
"42029",2017,14570,16394,18485,11456,6845,14276,15351,17981,10401,6797,28846,31745,36466,21857,13642
"42033",2017,2048,2060,2016,1356,736,1795,2312,1774,1235,631,3843,4372,3790,2591,1367
"42037",2017,1428,1309,2366,1056,1530,1568,1584,1690,944,1758,2996,2893,4056,2000,3288
"42039",2017,2275,2402,2644,2007,1330,2231,2675,1811,1677,1251,4506,5077,4455,3684,2581
"42041",2017,7043,8089,6512,4340,3613,6566,8001,6432,4125,4262,13609,16090,12944,8465,7875
"42043",2017,8933,8178,8957,5249,2997,8294,7369,9593,5196,2448,17227,15547,18550,10445,5445
"42045",2017,17488,17473,17278,11905,8487,16056,15716,18126,10106,8739,33544,33189,35404,22011,17226
"42049",2017,7958,9487,7591,5338,4201,7472,7877,8539,4841,4736,15430,17364,16130,10179,8937
"42051",2017,3216,3124,4045,2480,1545,3457,3191,3662,2228,1235,6673,6315,7707,4708,2780
"42055",2017,4585,4613,5836,3272,1774,3846,4453,4602,3202,1895,8431,9066,10438,6474,3669
"42063",2017,2015,1802,2447,1593,1913,1794,1729,2501,1439,2847,3809,3531,4948,3032,4760
"42069",2017,5538,5966,6979,3741,2848,5176,6088,5599,3809,2838,10714,12054,12578,7550,5686
"42071",2017,17921,16982,19350,11284,6826,18186,19348,15316,10504,7404,36107,36330,34666,21788,14230
"42073",2017,2370,2069,2804,1622,1065,2242,2423,2362,1589,970,4612,4492,5166,3211,2035
"42075",2017,4551,4303,4890,2631,1957,4148,3895,4628,2974,1471,8699,8198,9518,5605,3428
"42077",2017,10852,10656,14715,7439,4557,9876,9601,12955,7153,5545,20728,20257,27670,14592,10102
"42079",2017,7967,8415,9331,5687,3834,8147,8713,8340,5551,3615,16114,17128,17671,11238,7449
"42081",2017,3146,3689,3766,1992,2192,3303,2546,3078,1826,1495,6449,6235,6844,3818,3687
"42085",2017,2858,3255,2846,2501,2035,2322,2351,3392,2094,1409,5180,5606,6238,4595,3444
"42089",2017,4208,4626,4929,3467,2091,3348,3765,5457,3610,2213,7556,8391,10386,7077,4304
"42091",2017,23383,22351,29219,16252,9978,22197,25966,23389,15765,9855,45580,48317,52608,32017,19833
"42095",2017,7480,8094,9898,6194,5303,6964,8448,8159,5404,4850,14444,16542,18057,11598,10153
"42097",2017,2538,2769,2113,1805,1346,2322,1969,2786,1568,798,4860,4738,4899,3373,2144
"42101",2017,53851,47083,47382,26596,22195,51787,47390,44256,25793,22422,105638,94473,91638,52389,44617
"42107",2017,3537,3313,4914,2659,1564,3116,4183,3676,2436,1340,6653,7496,8590,5095,2904
"42111",2017,1700,1732,2355,1757,702,1571,2040,1567,1253,589,3271,3772,3922,3010,1291
"42125",2017,5210,6231,5908,3496,2767,4990,6038,5120,3416,2613,10200,12269,11028,6912,5380
"42129",2017,7850,8098,10744,6059,4261,8080,8700,9387,6135,3547,15930,16798,20131,12194,7808
"42133",2017,12975,13161,15542,8950,6335,12430,13737,13670,8388,4820,25405,26898,29212,17338,11155
"44003",2017,4146,3891,4398,2795,1902,4243,4438,3971,2984,1368,8389,8329,8369,5779,3270
"44005",2017,1767,1788,2872,1344,1514,1681,2134,1188,1691,1726,3448,3922,4060,3035,3240
"44007",2017,18773,17233,19542,11590,9278,17909,18243,17452,10708,12392,36682,35476,36994,22298,21670
"44009",2017,2240,3105,3356,2264,2990,2008,2003,3542,2435,3900,4248,5108,6898,4699,6890
"45003",2017,5150,4495,6004,3006,1709,4209,5549,5407,2521,1884,9359,10044,11411,5527,3593
"45007",2017,6076,5722,7029,4453,2072,6174,6743,5550,3846,2141,12250,12465,12579,8299,4213
"45013",2017,4121,4499,5679,1868,3289,5870,4857,5444,3177,3350,9991,9356,11123,5045,6639
"45015",2017,7286,7862,7391,3935,3613,6828,8404,6348,4349,1571,14114,16266,13739,8284,5184
"45019",2017,12342,12141,9554,6808,4651,11405,11235,10279,5824,5215,23747,23376,19833,12632,9866
"45031",2017,2224,2316,1944,1057,1001,1806,2754,1416,1712,295,4030,5070,3360,2769,1296
"45035",2017,4664,5118,6557,3799,2962,4538,5890,4995,3114,1947,9202,11008,11552,6913,4909
"45041",2017,4567,5362,4237,2971,1980,4231,4089,5001,2818,1332,8798,9451,9238,5789,3312
"45045",2017,16401,17122,16451,9698,5967,15556,17500,15090,9825,5820,31957,34622,31541,19523,11787
"45047",2017,1885,2287,1772,1346,1339,1829,2006,2182,1727,783,3714,4293,3954,3073,2122
"45051",2017,7670,8406,9268,5461,4283,8546,7528,9034,5310,3786,16216,15934,18302,10771,8069
"45055",2017,1543,2025,2964,2125,316,1911,1101,2257,1317,897,3454,3126,5221,3442,1213
"45057",2017,2233,2971,2280,1257,1022,3182,3387,2947,1619,1207,5415,6358,5227,2876,2229
"45059",2017,2292,2243,2119,1671,1171,1214,2132,2110,961,1169,3506,4375,4229,2632,2340
"45063",2017,9131,9501,9910,6140,3364,8055,8405,11250,5401,3008,17186,17906,21160,11541,6372
"45073",2017,2235,2685,1978,1437,1171,1679,2630,1550,1145,772,3914,5315,3528,2582,1943
"45075",2017,2388,2137,3436,1753,945,2267,2755,2522,1801,1535,4655,4892,5958,3554,2480
"45077",2017,2721,3463,4097,2347,3835,2956,2956,3486,2064,4216,5677,6419,7583,4411,8051
"45079",2017,12460,13013,11583,7845,12336,11578,10583,14149,7236,11891,24038,23596,25732,15081,24227
"45083",2017,9948,9441,10796,5876,3772,8581,8590,11207,6444,4806,18529,18031,22003,12320,8578
"45085",2017,3396,2944,4567,2180,1345,3192,3167,3549,2004,1196,6588,6111,8116,4184,2541
"45091",2017,8896,9679,9094,5872,4052,7479,8317,10080,5610,3998,16375,17996,19174,11482,8050
"46099",2017,6834,7217,6435,3462,2365,6958,7562,5887,3525,1992,13792,14779,12322,6987,4357
"46103",2017,3359,3374,3506,2409,1232,4060,3383,3336,1894,1114,7419,6757,6842,4303,2346
"47001",2017,1929,1915,2828,1394,991,1798,1912,2774,1779,669,3727,3827,5602,3173,1660
"47009",2017,3380,3359,4071,2286,1591,3556,3681,3780,2472,1537,6936,7040,7851,4758,3128
"47011",2017,3014,3353,3247,2444,1577,2854,3021,3479,1948,1999,5868,6374,6726,4392,3576
"47037",2017,23825,20253,18890,10884,8808,22913,20712,18207,10006,9032,46738,40965,37097,20890,17840
"47059",2017,1618,1707,1869,1631,732,1389,1557,2415,1363,769,3007,3264,4284,2994,1501
"47065",2017,10426,12247,9400,6246,4365,10726,9695,10875,5906,5007,21152,21942,20275,12152,9372
"47093",2017,13352,14768,13127,8419,7098,13183,11809,14707,8208,7255,26535,26577,27834,16627,14353
"47113",2017,2880,2064,4477,1863,1528,2717,1836,3736,1925,1272,5597,3900,8213,3788,2800
"47119",2017,3965,2605,4006,1631,1290,2620,2311,2615,1869,1109,6585,4916,6621,3500,2399
"47125",2017,8891,7412,7419,3928,2715,8089,7914,6193,3725,2935,16980,15326,13612,7653,5650
"47141",2017,2033,1760,3366,1546,1630,2010,1856,2599,1363,1311,4043,3616,5965,2909,2941
"47147",2017,1939,2520,2342,1456,957,2468,2299,2358,1590,976,4407,4819,4700,3046,1933
"47149",2017,11073,10901,11878,6193,5741,9981,10337,11387,6575,5115,21054,21238,23265,12768,10856
"47155",2017,2134,2375,3549,2041,1121,3037,2595,2819,1729,905,5171,4970,6368,3770,2026
"47157",2017,33464,31371,34166,19376,11998,32430,32622,31232,19328,12151,65894,63993,65398,38704,24149
"47163",2017,3771,4828,4161,3078,1584,3588,4183,4246,2720,1619,7359,9011,8407,5798,3203
"47165",2017,6072,6340,6187,4141,2220,5237,6197,5628,3693,1905,11309,12537,11815,7834,4125
"47179",2017,3144,3447,3798,1999,1860,3300,2846,3986,2056,1945,6444,6293,7784,4055,3805
"47187",2017,7206,9162,8786,5588,3453,7303,8492,9794,5913,2568,14509,17654,18580,11501,6021
"47189",2017,3928,4146,4757,2804,1741,4152,4966,5047,2702,1606,8080,9112,9804,5506,3347
"48005",2017,3344,3193,3467,1641,1112,2349,3968,2411,2033,1563,5693,7161,5878,3674,2675
"48021",2017,2988,2460,3890,2477,1610,2943,3273,2539,1564,1434,5931,5733,6429,4041,3044
"48027",2017,15064,13851,13106,7329,5390,15277,12159,13120,7137,4449,30341,26010,26226,14466,9839
"48029",2017,72164,71178,71318,42611,30257,69004,70424,67282,41239,27520,141168,141602,138600,83850,57777
"48037",2017,3185,2777,4284,1544,810,2167,2666,3910,1769,800,5352,5443,8194,3313,1610
"48039",2017,13545,17199,10737,8102,4928,12135,11629,14902,8044,3525,25680,28828,25639,16146,8453
"48041",2017,7050,5256,7582,3545,9217,6937,6198,6180,3648,8290,13987,11454,13762,7193,17507
"48061",2017,17903,18209,18293,11856,7186,17475,16034,19383,11039,6463,35378,34243,37676,22895,13649
"48085",2017,30945,35095,40115,23505,12487,29880,36359,36289,22730,11378,60825,71454,76404,46235,23865
"48091",2017,4420,4724,4892,2900,1547,3985,3388,5391,2811,2904,8405,8112,10283,5711,4451
"48099",2017,2819,2473,2354,877,1649,2679,1692,2923,1671,1260,5498,4165,5277,2548,2909
"48113",2017,101388,95637,99632,56319,34086,95843,88425,99596,55100,32472,197231,184062,199228,111419,66558
"48121",2017,27650,29905,30810,18975,11123,26392,27970,30518,17846,11399,54042,57875,61328,36821,22522
"48135",2017,7020,5459,7317,3741,2423,6969,6794,5692,4154,2614,13989,12253,13009,7895,5037
"48139",2017,5689,6745,7215,4327,2139,6078,6803,5830,3975,2209,11767,13548,13045,8302,4348
"48141",2017,32747,29771,34577,20099,13129,32034,29430,33338,19108,11348,64781,59201,67915,39207,24477
"48157",2017,27629,28674,33142,18859,9845,26461,27731,31237,18147,8244,54090,56405,64379,37006,18089
"48167",2017,10696,13485,10437,7238,4367,10643,9533,13081,6791,4108,21339,23018,23518,14029,8475
"48181",2017,4795,4809,4113,2782,1928,3540,3361,5372,2446,2033,8335,8170,9485,5228,3961
"48183",2017,4561,4792,4123,2748,2647,4877,4502,4115,2182,1544,9438,9294,8238,4930,4191
"48187",2017,5040,5999,5961,3599,2335,5156,5593,5903,3377,2040,10196,11592,11864,6976,4375
"48201",2017,182058,173461,178572,102745,60883,174925,167744,171604,98373,56411,356983,341205,350176,201118,117294
"48203",2017,1801,2104,2994,1418,816,2511,1584,3230,1640,1501,4312,3688,6224,3058,2317
"48209",2017,6719,6009,8954,4455,4466,6162,6394,7575,3813,5455,12881,12403,16529,8268,9921
"48213",2017,2710,2714,1961,1854,1233,2177,1710,2837,1338,869,4887,4424,4798,3192,2102
"48215",2017,40950,38370,41431,24013,13887,39458,40937,36524,22817,13472,80408,79307,77955,46830,27359
"48231",2017,2742,3157,3168,2031,1556,3011,3376,3331,1788,1407,5753,6533,6499,3819,2963
"48245",2017,9148,8680,8638,4831,3683,8696,9819,6830,4832,3560,17844,18499,15468,9663,7243
"48251",2017,5463,6150,7538,4141,1620,5003,6763,5063,3414,2157,10466,12913,12601,7555,3777
"48257",2017,4226,4829,5090,2736,1441,4732,4769,4910,3058,1568,8958,9598,10000,5794,3009
"48291",2017,3600,3436,2861,1616,1284,3046,1947,3643,1665,1550,6646,5383,6504,3281,2834
"48303",2017,10116,7896,12760,5937,6910,10660,8726,11370,5986,7008,20776,16622,24130,11923,13918
"48309",2017,8875,8647,8478,5525,5230,8429,8535,7992,5434,4825,17304,17182,16470,10959,10055
"48329",2017,6965,6730,6747,3669,1923,6674,7263,5097,3422,1981,13639,13993,11844,7091,3904
"48339",2017,19971,22829,20671,13697,7172,19156,22551,19793,12375,6219,39127,45380,40464,26072,13391
"48347",2017,1385,2398,3218,830,2267,1839,2340,1853,1497,2494,3224,4738,5071,2327,4761
"48355",2017,12461,14269,11143,7833,5719,12232,11426,12817,7430,5518,24693,25695,23960,15263,11237
"48361",2017,2397,3063,3413,1993,1493,3284,3215,2214,1647,1122,5681,6278,5627,3640,2615
"48367",2017,4331,5294,4407,3217,1843,3731,3802,5131,2721,1706,8062,9096,9538,5938,3549
"48375",2017,5283,4847,4662,2884,1239,4405,5110,3560,2313,1554,9688,9957,8222,5197,2793
"48381",2017,4692,4321,5461,2832,2039,4041,3909,4366,2477,2370,8733,8230,9827,5309,4409
"48397",2017,3023,3886,3815,2932,1770,2807,3236,4163,2528,1243,5830,7122,7978,5460,3013
"48409",2017,2103,2188,2830,1484,867,2705,2049,2871,1308,943,4808,4237,5701,2792,1810
"48423",2017,9094,7500,8144,3753,4085,6862,6719,8378,5594,3695,15956,14219,16522,9347,7780
"48439",2017,74809,73163,83501,46769,27700,71183,75402,75551,44900,27012,145992,148565,159052,91669,54712
"48441",2017,5090,5255,4933,2467,1569,4309,4174,5051,2427,2184,9399,9429,9984,4894,3753
"48451",2017,4136,3036,4855,1754,1920,4052,4847,2894,2455,2407,8188,7883,7749,4209,4327
"48453",2017,40623,38502,38393,21233,15588,38369,35185,38249,20849,15340,78992,73687,76642,42082,30928
"48469",2017,4029,3015,3331,1920,1561,3251,3381,2881,1765,878,7280,6396,6212,3685,2439
"48471",2017,1237,1953,1577,949,1609,1543,1996,1191,607,1461,2780,3949,2768,1556,3070
"48479",2017,13595,11828,13193,7924,4595,13003,11092,13645,7480,4441,26598,22920,26838,15404,9036
"48485",2017,4407,4159,4613,2006,3863,4169,4098,3654,2579,2130,8576,8257,8267,4585,5993
"48491",2017,17659,18880,22815,12389,6864,18588,18170,21901,12186,7502,36247,37050,44716,24575,14366
"48497",2017,2443,1929,2654,1415,657,1945,1723,2635,1423,1102,4388,3652,5289,2838,1759
"49005",2017,4874,5278,6286,3149,2734,4840,5020,5352,2945,3643,9714,10298,11638,6094,6377
"49011",2017,15721,15851,17883,9128,4441,14643,16148,14751,8944,3570,30364,31999,32634,18072,8011
"49035",2017,44412,43124,46323,26181,14445,42748,43730,41200,24622,12981,87160,86854,87523,50803,27426
"49045",2017,2721,3944,2782,2041,712,2969,3174,2759,1898,824,5690,7118,5541,3939,1536
"49049",2017,30490,29862,29100,16560,12020,28518,28191,27081,15667,12921,59008,58053,56181,32227,24941
"49053",2017,5130,6264,7675,4094,2347,5960,6399,4978,3520,1915,11090,12663,12653,7614,4262
"49057",2017,10019,10026,10302,6216,3194,9621,10170,9916,5625,3454,19640,20196,20218,11841,6648
"50007",2017,4344,4254,4047,2500,3465,3791,3304,4710,2118,4077,8135,7558,8757,4618,7542
"51003",2017,2789,3549,2917,1809,3024,2533,3122,2902,2015,3174,5322,6671,5819,3824,6198
"51013",2017,5719,7472,5292,2140,1202,7006,5807,5533,3008,1164,12725,13279,10825,5148,2366
"51015",2017,1842,2237,1948,1389,1148,1793,1956,2038,1273,808,3635,4193,3986,2662,1956
"51019",2017,1674,2038,2302,1592,888,1702,2144,2092,1471,553,3376,4182,4394,3063,1441
"51041",2017,10361,13396,10329,7969,4358,9993,10450,12401,7157,5033,20354,23846,22730,15126,9391
"51059",2017,37337,35595,40846,23474,13904,35363,37084,36531,22603,13362,72700,72679,77377,46077,27266
"51061",2017,1874,2889,2424,1577,672,1736,2339,2451,1419,465,3610,5228,4875,2996,1137
"51069",2017,2210,2195,3439,2703,1092,1973,2655,3007,1927,1170,4183,4850,6446,4630,2262
"51085",2017,3106,3519,3682,2506,1676,2358,2952,3469,1934,1023,5464,6471,7151,4440,2699
"51087",2017,9882,8185,13529,6356,2707,9665,10091,10829,6470,3236,19547,18276,24358,12826,5943
"51095",2017,1698,2591,2519,1207,563,1558,2286,2616,1489,826,3256,4877,5135,2696,1389
"51107",2017,14467,16976,16578,9168,4771,14092,16533,16028,9496,4234,28559,33509,32606,18664,9005
"51121",2017,2343,2424,1686,1643,5956,2535,1798,1806,654,3584,4878,4222,3492,2297,9540
"51153",2017,17844,16201,19894,10791,5869,16661,18761,15710,10300,5199,34505,34962,35604,21091,11068
"51161",2017,1867,2496,2474,2050,995,2099,3386,1831,2158,780,3966,5882,4305,4208,1775
"51165",2017,2337,2652,2536,1772,969,2067,2316,2342,1802,1306,4404,4968,4878,3574,2275
"51177",2017,4623,4102,5416,3215,1887,3732,3844,5401,2946,1683,8355,7946,10817,6161,3570
"51179",2017,5316,5091,6280,3536,2499,3780,4694,5853,3823,1874,9096,9785,12133,7359,4373
"51199",2017,1968,1764,3283,1023,602,1366,2253,2652,1849,495,3334,4017,5935,2872,1097
"51510",2017,5624,3179,3810,1858,1246,5823,3196,3708,1667,1325,11447,6375,7518,3525,2571
"51550",2017,7555,8136,8858,5280,2900,7491,7383,8620,5102,2459,15046,15519,17478,10382,5359
"51650",2017,3716,3272,4721,2948,2748,3768,2325,5255,2128,2602,7484,5597,9976,5076,5350
"51680",2017,2654,2064,2118,656,2787,2615,1772,2010,1834,4152,5269,3836,4128,2490,6939
"51700",2017,6732,5775,5761,3187,3045,6460,6413,4193,3170,2990,13192,12188,9954,6357,6035
"51710",2017,8139,6679,6590,3592,5142,7638,6488,6000,3290,4054,15777,13167,12590,6882,9196
"51740",2017,3405,2459,3434,1228,1400,3212,2387,3595,2075,1028,6617,4846,7029,3303,2428
"51760",2017,7000,4991,5574,2768,4229,6555,4976,5705,2760,4870,13555,9967,11279,5528,9099
"51770",2017,4088,2869,2999,1291,1017,2814,3386,2145,2051,373,6902,6255,5144,3342,1390
"51800",2017,2978,3484,3115,1527,975,2892,2759,3191,2068,905,5870,6243,6306,3595,1880
"51810",2017,14693,13226,15215,8602,4813,14181,15439,11328,7724,4493,28874,28665,26543,16326,9306
"53005",2017,7042,8021,7643,4376,2678,6893,8255,6017,4721,1714,13935,16276,13660,9097,4392
"53007",2017,1814,2885,2867,2132,1031,2883,2527,1835,1538,1929,4697,5412,4702,3670,2960
"53009",2017,1951,1569,2098,813,531,1563,2374,1273,1137,127,3514,3943,3371,1950,658
"53011",2017,14772,15406,18082,10580,5318,14396,17897,14353,9933,5107,29168,33303,32435,20513,10425
"53015",2017,3382,2311,4226,2107,1056,2850,3643,3793,2203,784,6232,5954,8019,4310,1840
"53021",2017,3725,3507,5046,1864,1146,4404,4189,4195,2481,828,8129,7696,9241,4345,1974
"53025",2017,3626,4115,4097,2520,1179,3646,4135,4140,2029,1144,7272,8250,8237,4549,2323
"53027",2017,1931,2322,1997,1498,813,1986,2255,1891,1140,699,3917,4577,3888,2638,1512
"53029",2017,2205,2256,2194,1047,601,2443,2414,1743,998,483,4648,4670,3937,2045,1084
"53033",2017,65737,65338,60715,36676,23376,63171,66313,55252,34146,23281,128908,131651,115967,70822,46657
"53035",2017,7703,8614,6847,4702,3197,7638,7127,7686,4764,2787,15341,15741,14533,9466,5984
"53041",2017,2111,2470,2326,1567,969,2458,2238,2207,1566,740,4569,4708,4533,3133,1709
"53053",2017,30692,31057,27250,17170,10971,28571,26634,29274,16280,9020,59263,57691,56524,33450,19991
"53057",2017,3662,4291,3752,2315,1502,3756,3192,4777,2124,1213,7418,7483,8529,4439,2715
"53061",2017,26272,25027,26612,15383,9015,24660,23141,26553,14588,7305,50932,48168,53165,29971,16320
"53063",2017,16225,14570,16881,9211,7473,14985,15112,15539,9867,6520,31210,29682,32420,19078,13993
"53067",2017,8358,8241,9244,4887,2973,8206,8431,8485,5419,2959,16564,16672,17729,10306,5932
"53073",2017,5953,6063,6247,3567,4034,5965,5518,6156,3727,4705,11918,11581,12403,7294,8739
"53077",2017,10723,9647,11541,6285,3526,9870,10466,10130,5710,3257,20593,20113,21671,11995,6783
"54003",2017,3669,4291,3445,2361,1071,3192,2897,4939,2308,1491,6861,7188,8384,4669,2562
"54011",2017,3225,2544,2744,1424,1080,2550,2601,2211,1527,1581,5775,5145,4955,2951,2661
"54033",2017,1843,1697,2467,1327,758,1963,1742,2370,1237,604,3806,3439,4837,2564,1362
"54039",2017,5330,5982,4586,3062,2075,4712,5628,4738,3757,1755,10042,11610,9324,6819,3830
"54061",2017,2929,2349,2105,1507,3320,2503,2177,2472,1176,2760,5432,4526,4577,2683,6080
"54081",2017,2063,1710,2874,1549,555,2047,2594,1899,987,440,4110,4304,4773,2536,995
"54107",2017,2358,2610,2124,1579,1507,2523,2146,3504,1365,813,4881,4756,5628,2944,2320
"55009",2017,8549,10084,8098,5243,3448,8480,10445,7234,4796,3624,17029,20529,15332,10039,7072
"55025",2017,15832,15179,16583,9380,8400,15122,15214,14713,8815,8592,30954,30393,31296,18195,16992
"55027",2017,1965,2821,2696,1770,797,1723,2093,3013,1686,811,3688,4914,5709,3456,1608
"55035",2017,3377,3242,2501,1908,2038,3121,2605,2603,1626,2681,6498,5847,5104,3534,4719
"55039",2017,2870,2782,3420,1789,1310,2575,2827,3582,1927,1117,5445,5609,7002,3716,2427
"55055",2017,2346,2581,2860,1619,1525,1884,1950,3060,1745,1713,4230,4531,5920,3364,3238
"55059",2017,5024,5239,5692,3517,2941,4775,4972,6066,3849,2825,9799,10211,11758,7366,5766
"55063",2017,2945,3278,3772,2123,2074,2795,2579,4115,1956,3008,5740,5857,7887,4079,5082
"55071",2017,1878,1724,3096,1497,769,1956,2203,2741,1425,973,3834,3927,5837,2922,1742
"55073",2017,4387,4812,3945,2605,1546,3710,4172,4785,2813,1187,8097,8984,8730,5418,2733
"55079",2017,33410,31851,32626,18386,13496,32010,32139,29851,18351,12991,65420,63990,62477,36737,26487
"55087",2017,5826,5716,6623,4018,2054,6262,4882,7052,3788,2139,12088,10598,13675,7806,4193
"55089",2017,2391,2302,2929,1730,1084,2102,2149,3225,1996,1214,4493,4451,6154,3726,2298
"55097",2017,2079,1396,2417,1219,1603,1654,1184,2289,1268,1798,3733,2580,4706,2487,3401
"55101",2017,6204,5556,7521,3593,2382,5924,4880,7509,4337,1688,12128,10436,15030,7930,4070
"55105",2017,4841,5787,5422,3058,1790,4878,5777,4619,3716,2517,9719,11564,10041,6774,4307
"55109",2017,2595,2728,4256,2220,1011,2564,2751,3442,2190,819,5159,5479,7698,4410,1830
"55117",2017,3011,3488,4146,2487,1440,3101,3304,3808,2308,1279,6112,6792,7954,4795,2719
"55127",2017,2579,2607,3676,2162,1684,2679,3067,2908,1849,1778,5258,5674,6584,4011,3462
"55131",2017,3858,4299,4055,3074,1631,3646,3586,4834,2629,1227,7504,7885,8889,5703,2858
"55133",2017,10657,12324,12857,8493,4680,9956,12282,12005,8298,4899,20613,24606,24862,16791,9579
"55139",2017,4847,5209,4815,2906,2749,4821,4534,5115,2858,2741,9668,9743,9930,5764,5490
"55141",2017,2297,2000,2566,1444,749,1941,2401,1871,1242,638,4238,4401,4437,2686,1387
"56021",2017,3043,3568,3316,2008,1494,3030,3204,3009,1501,871,6073,6772,6325,3509,2365
"56025",2017,3144,2692,2444,1930,1042,3292,3072,2731,1191,624,6436,5764,5175,3121,1666
"72013",2017,1953,2732,1947,1828,441,1839,1958,2467,1595,1119,3792,4690,4414,3423,1560
"72021",2017,3938,4741,4877,3470,2464,3755,4340,4600,3292,2208,7693,9081,9477,6762,4672
"72025",2017,2668,2674,4844,2716,1731,2710,3287,3930,2553,1602,5378,5961,8774,5269,3333
"72031",2017,3328,4243,4030,3117,1960,3332,3646,4388,3043,1998,6660,7889,8418,6160,3958
"72061",2017,1648,2343,1905,1522,2224,1827,2274,1809,1475,598,3475,4617,3714,2997,2822
"72097",2017,1800,2165,1711,1435,1675,1174,1517,2174,1331,1584,2974,3682,3885,2766,3259
"72113",2017,3607,2794,5374,2835,2046,3376,3587,4239,2742,1891,6983,6381,9613,5577,3937
"72127",2017,7756,9499,7724,6231,4110,7380,8775,8056,6420,4752,15136,18274,15780,12651,8862
"72135",2017,2599,1546,3034,1962,1561,523,2059,2406,1350,1122,3122,3605,5440,3312,2683
"72137",2017,1358,1855,2634,1625,838,2151,2154,2194,1657,1010,3509,4009,4828,3282,1848
"72139",2017,820,1422,2673,1409,1231,1931,1509,2264,1279,835,2751,2931,4937,2688,2066
"01003",2018,5365,4437,10108,4481,1939,5513,5008,7985,4259,2810,10878,9445,18093,8740,4749
"01015",2018,3795,3675,2994,1935,2048,3347,3483,2974,2281,1122,7142,7158,5968,4216,3170
"01043",2018,2447,2136,3002,1719,933,2882,2662,2224,1820,798,5329,4798,5226,3539,1731
"01049",2018,2378,1941,3147,1499,1348,1611,1910,2974,1685,547,3989,3851,6121,3184,1895
"01051",2018,2677,2740,2658,1879,832,2569,1703,2366,1970,853,5246,4443,5024,3849,1685
"01055",2018,2994,3341,2677,1802,958,3136,3371,2982,1729,1026,6130,6712,5659,3531,1984
"01069",2018,3378,3421,3617,2164,1151,3034,2869,3433,2205,1038,6412,6290,7050,4369,2189
"01073",2018,20954,22198,20530,12699,7750,20795,20453,20139,11779,8532,41749,42651,40669,24478,16282
"01077",2018,2515,3044,2628,2213,1158,2405,1389,2855,827,1805,4920,4433,5483,3040,2963
"01081",2018,4700,4126,7015,2106,4756,4055,3822,6057,2914,4347,8755,7948,13072,5020,9103
"01083",2018,2981,3926,3498,1998,1214,1359,2191,4350,2138,1613,4340,6117,7848,4136,2827
"01089",2018,10961,12280,10362,7272,4683,10538,10921,10892,6822,5440,21499,23201,21254,14094,10123
"01095",2018,3113,2704,4162,2079,1200,3736,3192,3155,1818,1119,6849,5896,7317,3897,2319
"01097",2018,13394,12353,15044,8505,5028,13300,12373,13340,8468,4715,26694,24726,28384,16973,9743
"01101",2018,7709,7141,7641,4484,3259,7425,7197,6720,4306,3024,15134,14338,14361,8790,6283
"01103",2018,3854,4072,4137,2752,1647,3087,4051,3188,1957,1547,6941,8123,7325,4709,3194
"01115",2018,2528,3605,2378,2602,1019,2755,2616,3334,619,990,5283,6221,5712,3221,2009
"01117",2018,6328,6100,8283,4671,2474,5616,6994,6474,4204,3046,11944,13094,14757,8875,5520
"01121",2018,2209,2290,2375,1418,927,2041,2345,2407,1725,1574,4250,4635,4782,3143,2501
"01125",2018,5938,6098,5641,3975,6689,5851,5538,6903,4048,7659,11789,11636,12544,8023,14348
"01127",2018,2240,2580,1463,1092,765,1520,1784,2064,1233,682,3760,4364,3527,2325,1447
"02020",2018,10762,9809,10157,5968,3969,10182,10642,8650,5168,3558,20944,20451,18807,11136,7527
"02090",2018,3872,3204,3516,1727,1790,3510,3243,2889,1897,1559,7382,6447,6405,3624,3349
"02170",2018,3770,4266,4150,2649,1407,3672,3533,4255,2566,1640,7442,7799,8405,5215,3047
"04001",2018,2482,2675,3192,1670,1325,2239,3069,2664,1526,1167,4721,5744,5856,3196,2492
"04003",2018,4223,4050,3677,2065,1873,2880,4113,3786,2453,1603,7103,8163,7463,4518,3476
"04005",2018,3675,3887,4902,2674,4399,3598,3633,4872,2214,7733,7273,7520,9774,4888,12132
"04013",2018,143111,143773,159173,91655,60176,136373,140695,150624,87381,56803,279484,284468,309797,179036,116979
"04015",2018,4593,5557,4601,3016,1917,4471,5130,5239,3002,1211,9064,10687,9840,6018,3128
"04017",2018,3848,3906,4695,2319,1475,3903,3653,4629,2390,1719,7751,7559,9324,4709,3194
"04019",2018,29795,25824,36025,18140,16370,28517,29267,30008,18718,16162,58312,55091,66033,36858,32532
"04021",2018,13241,14190,16120,8589,6028,11935,13721,15251,8096,4174,25176,27911,31371,16685,10202
"04025",2018,5331,5088,5860,2981,2372,4342,4437,5545,3709,2694,9673,9525,11405,6690,5066
"04027",2018,7674,6724,8640,4637,3188,7442,7476,6941,4098,2869,15116,14200,15581,8735,6057
"05007",2018,9628,10291,10414,6007,3340,9354,9188,10642,6045,3036,18982,19479,21056,12052,6376
"05031",2018,3988,4936,3096,2197,1533,3671,3217,3910,2135,2721,7659,8153,7006,4332,4254
"05045",2018,4090,3938,4413,1990,2156,3339,5475,2699,2928,2928,7429,9413,7112,4918,5084
"05051",2018,2231,3160,2535,1587,1434,3219,2006,3018,2031,1278,5450,5166,5553,3618,2712
"05069",2018,2101,2017,2014,1077,752,2004,2502,1706,1463,1195,4105,4519,3720,2540,1947
"05085",2018,2603,2305,3064,1862,859,1967,1875,3740,1629,522,4570,4180,6804,3491,1381
"05119",2018,12033,13140,12998,7394,4464,13671,12779,12389,6584,4544,25704,25919,25387,13978,9008
"05125",2018,3795,3736,3800,2917,1623,3375,3441,4810,2333,1388,7170,7177,8610,5250,3011
"05131",2018,4234,4610,4154,2809,1867,3741,4014,4383,2581,1397,7975,8624,8537,5390,3264
"05143",2018,8706,6998,8396,4888,4691,7598,9181,7110,4136,5621,16304,16179,15506,9024,10312
"05145",2018,2391,2144,2973,2309,2010,2282,2431,2117,1648,1708,4673,4575,5090,3957,3718
"06001",2018,49675,46378,51222,28042,19204,47099,44744,48490,26861,19182,96774,91122,99712,54903,38386
"06007",2018,6559,5842,6997,3813,4400,6497,6634,6221,3649,4975,13056,12476,13218,7462,9375
"06013",2018,33067,34355,41441,24265,13649,31415,33539,38851,22855,13341,64482,67894,80292,47120,26990
"06017",2018,4329,4467,6618,3285,2464,4257,4663,6251,4142,1533,8586,9130,12869,7427,3997
"06019",2018,39453,40445,41533,22291,13907,37833,36636,41323,22306,13327,77286,77081,82856,44597,27234
"06023",2018,4033,4498,3355,2170,2313,3302,4002,3055,1720,2541,7335,8500,6410,3890,4854
"06025",2018,7968,5921,8227,3971,2680,6908,5955,7661,4220,3430,14876,11876,15888,8191,6110
"06029",2018,35373,30838,43879,21575,13069,34339,35337,37548,20063,11522,69712,66175,81427,41638,24591
"06031",2018,5547,5508,6642,3217,2558,5443,6311,5030,3075,1942,10990,11819,11672,6292,4500
"06033",2018,1870,1546,1773,1311,319,2054,2311,1661,984,388,3924,3857,3434,2295,707
"06037",2018,309399,293989,328518,188997,130569,293108,281147,312299,181436,127870,602507,575136,640817,370433,258439
"06039",2018,5836,5393,6824,3401,2162,5949,6542,5856,3322,2617,11785,11935,12680,6723,4779
"06041",2018,5756,5932,9765,5104,2201,5748,6762,7949,4845,2517,11504,12694,17714,9949,4718
"06045",2018,2286,2794,2496,1457,1020,2803,2940,2346,1413,1303,5089,5734,4842,2870,2323
"06047",2018,11133,12293,10828,6784,5951,10358,9195,13416,6333,4611,21491,21488,24244,13117,10562
"06053",2018,15551,16390,16887,8848,5887,15223,15048,16870,9286,6042,30774,31438,33757,18134,11929
"06055",2018,3771,3515,5638,2878,1906,3196,3015,4441,2450,2079,6967,6530,10079,5328,3985
"06057",2018,2205,2067,3164,1343,944,1726,2372,2873,1329,644,3931,4439,6037,2672,1588
"06059",2018,95913,90758,108099,63093,41697,91511,85767,103348,60297,40292,187424,176525,211447,123390,81989
"06061",2018,10394,14099,12204,8842,5048,9854,10988,13143,7598,3802,20248,25087,25347,16440,8850
"06065",2018,80860,84350,94944,54404,35535,77551,83815,87224,52979,33840,158411,168165,182168,107383,69375
"06067",2018,49840,48473,56412,30680,18086,49014,49472,50198,29822,17236,98854,97945,106610,60502,35322
"06071",2018,79090,76210,88010,49596,31899,75617,80737,75497,47522,28844,154707,156947,163507,97118,60743
"06073",2018,106608,97310,106340,59346,48531,101162,94873,99646,57123,42184,207770,192183,205986,116469,90715
"06075",2018,20033,14129,18031,8578,6978,19585,15561,14097,8670,8599,39618,29690,32128,17248,15577
"06077",2018,27088,29464,30239,17899,11236,25859,27943,28990,16834,9924,52947,57407,59229,34733,21160
"06079",2018,6853,7130,7154,4330,6601,6360,5485,7936,4427,6939,13213,12615,15090,8757,13540
"06081",2018,22135,23649,22719,13316,7711,20884,20056,23171,12547,6755,43019,43705,45890,25863,14466
"06083",2018,14175,14216,14064,8125,10546,13289,12362,15387,7713,11907,27464,26578,29451,15838,22453
"06085",2018,58637,59219,63208,36318,22953,56236,51313,64549,34255,21029,114873,110532,127757,70573,43982
"06087",2018,6912,8345,6763,4861,5942,6755,6354,7792,4835,8218,13667,14699,14555,9696,14160
"06089",2018,5295,6106,5275,3304,2231,4638,5736,5072,3158,1818,9933,11842,10347,6462,4049
"06095",2018,13931,14087,14679,8348,5550,12863,12825,14130,8368,5023,26794,26912,28809,16716,10573
"06097",2018,12124,13673,14938,9231,6690,12467,13903,13711,8210,6143,24591,27576,28649,17441,12833
"06099",2018,19730,18501,25050,12724,7353,18798,21876,19858,12264,7069,38528,40377,44908,24988,14422
"06101",2018,3152,3910,3346,2245,1221,3501,3424,3591,1814,1268,6653,7334,6937,4059,2489
"06107",2018,18484,21018,22542,12243,7639,17015,19973,20390,11325,7030,35499,40991,42932,23568,14669
"06111",2018,25775,27433,28552,17055,11925,23941,26794,28038,16870,10757,49716,54227,56590,33925,22682
"06113",2018,5986,6795,6300,4395,4820,6896,5787,6767,3972,9115,12882,12582,13067,8367,13935
"06115",2018,3251,3290,2914,1901,896,2669,2004,3546,1686,1073,5920,5294,6460,3587,1969
"08001",2018,18539,18072,21097,11572,6603,17567,18103,20023,10802,5726,36106,36175,41120,22374,12329
"08005",2018,20390,22207,22384,13219,7996,19612,23174,18533,13142,6007,40002,45381,40917,26361,14003
"08013",2018,7205,8231,9867,5826,7312,7273,8907,9077,5754,7644,14478,17138,18944,11580,14956
"08014",2018,1995,2235,2146,1652,499,1766,1995,2404,1674,586,3761,4230,4550,3326,1085
"08031",2018,22164,19586,19481,9375,7191,20591,20236,17525,10741,7385,42755,39822,37006,20116,14576
"08035",2018,10787,12120,14074,9225,4341,9406,11805,12995,8566,3784,20193,23925,27069,17791,8125
"08041",2018,24722,25110,23659,14208,11001,23519,22925,24034,13885,9319,48241,48035,47693,28093,20320
"08059",2018,15462,15945,16827,10026,7090,14651,16060,15540,10007,5580,30113,32005,32367,20033,12670
"08069",2018,8977,8336,10973,6538,6675,9328,9535,9656,5655,6641,18305,17871,20629,12193,13316
"08077",2018,4353,6245,3596,2835,2139,4126,4774,4922,2858,2791,8479,11019,8518,5693,4930
"08101",2018,4789,5275,5318,3613,2418,4814,4320,5722,3635,2499,9603,9595,11040,7248,4917
"08123",2018,11917,11108,13076,6599,4436,10912,11900,10593,6392,5237,22829,23008,23669,12991,9673
"09001",2018,26491,27999,33254,20290,13185,25283,27584,31852,19237,12914,51774,55583,65106,39527,26099
"09003",2018,24552,24745,28559,17680,12336,23205,23591,28062,16909,11304,47757,48336,56621,34589,23640
"09005",2018,3900,5021,4760,3396,2016,3573,4466,4494,3397,1522,7473,9487,9254,6793,3538
"09007",2018,3090,4289,4066,2784,2532,3179,5193,3216,2961,1555,6269,9482,7282,5745,4087
"09009",2018,22515,21831,27815,16361,13186,21472,21930,25829,15559,13366,43987,43761,53644,31920,26552
"09011",2018,6261,6539,8685,4781,3254,6491,6247,7951,4778,3143,12752,12786,16636,9559,6397
"09013",2018,3208,3466,3832,2564,5290,3063,2979,4514,2577,4239,6271,6445,8346,5141,9529
"09015",2018,2392,2748,3276,2245,2455,2549,3251,3861,2418,2060,4941,5999,7137,4663,4515
"10001",2018,5807,4575,7029,3178,2534,5125,5804,5728,3399,3317,10932,10379,12757,6577,5851
"10003",2018,16378,15613,18262,10624,7970,15799,15556,17691,10330,7729,32177,31169,35953,20954,15699
"10005",2018,5426,5001,7115,3735,1398,5800,5279,6585,3311,1820,11226,10280,13700,7046,3218
"11001",2018,23932,16635,16752,7737,9543,21558,16222,16634,7744,12544,45490,32857,33386,15481,22087
"12001",2018,7065,8026,6057,4336,6458,6604,7285,6166,3173,8698,13669,15311,12223,7509,15156
"12005",2018,5814,5763,5324,3229,2751,5569,6064,4932,2993,2036,11383,11827,10256,6222,4787
"12009",2018,13814,12571,18514,9418,7611,14018,14228,16689,10375,6176,27832,26799,35203,19793,13787
"12011",2018,57750,52691,63053,35898,21563,55064,50737,62707,34326,20362,112814,103428,125760,70224,41925
"12015",2018,3722,2491,3321,2191,1622,2421,3381,2853,1827,1461,6143,5872,6174,4018,3083
"12017",2018,2529,2596,3597,2019,1674,3224,3332,2623,2029,763,5753,5928,6220,4048,2437
"12019",2018,5893,7045,9010,5234,3392,5668,7029,6902,3573,2184,11561,14074,15912,8807,5576
"12021",2018,7842,8263,10132,5934,4666,8471,7276,10923,5690,3756,16313,15539,21055,11624,8422
"12023",2018,1477,3074,1825,777,1568,2851,2252,1558,1499,480,4328,5326,3383,2276,2048
"12031",2018,33023,29617,30339,16363,10834,31437,30960,27058,15993,10640,64460,60577,57397,32356,21474
"12033",2018,10438,7572,11204,5198,6999,8359,7806,10379,4827,4396,18797,15378,21583,10025,11395
"12035",2018,1623,2876,3274,1576,1372,2719,2208,2729,2125,1026,4342,5084,6003,3701,2398
"12053",2018,4354,4381,5461,3207,1612,4639,4468,5290,3353,2145,8993,8849,10751,6560,3757
"12055",2018,1838,2029,2702,2105,1193,2507,3646,2098,1471,1493,4345,5675,4800,3576,2686
"12057",2018,45707,45169,47941,27328,18896,43154,41880,46298,26351,17975,88861,87049,94239,53679,36871
"12061",2018,4141,5290,2912,1984,1013,3753,2347,3307,1483,2354,7894,7637,6219,3467,3367
"12069",2018,8503,8972,10547,6043,3517,8492,8819,10690,6044,3957,16995,17791,21237,12087,7474
"12071",2018,17566,18719,19707,12346,8159,16900,16770,19366,11300,7607,34466,35489,39073,23646,15766
"12073",2018,7951,7550,7397,4680,7034,7244,7282,8050,4300,10007,15195,14832,15447,8980,17041
"12081",2018,10282,9727,11215,6205,4502,8082,9954,10899,6093,3305,18364,19681,22114,12298,7807
"12083",2018,8224,9738,9366,5196,4688,9122,8620,9369,6153,4467,17346,18358,18735,11349,9155
"12085",2018,3081,2227,5344,2754,2425,3452,3030,4155,2459,1001,6533,5257,9499,5213,3426
"12086",2018,80830,73358,82168,47305,32402,78519,73835,76332,46372,31317,159349,147193,158500,93677,63719
"12087",2018,1404,1491,1744,949,1110,1932,1164,1716,843,795,3336,2655,3460,1792,1905
"12089",2018,2019,1890,3517,1596,1048,1814,2151,2741,1360,664,3833,4041,6258,2956,1712
"12091",2018,7194,5680,7261,3104,3131,6655,6166,7234,3103,1838,13849,11846,14495,6207,4969
"12095",2018,42777,43561,44432,25647,22597,41059,39048,43809,25261,20884,83836,82609,88241,50908,43481
"12097",2018,9704,10862,15251,7920,5476,13632,13427,11247,7927,5651,23336,24289,26498,15847,11127
"12099",2018,38600,38461,41692,25731,16895,37357,36991,40337,24274,15495,75957,75452,82029,50005,32390
"12101",2018,13720,15199,16578,9724,6683,14334,15367,14997,9552,5407,28054,30566,31575,19276,12090
"12103",2018,21743,23124,21560,13998,8442,20662,23120,20080,13398,7862,42405,46244,41640,27396,16304
"12105",2018,20967,21642,23816,13914,8639,19862,19608,23648,13029,8442,40829,41250,47464,26943,17081
"12107",2018,2126,1985,2903,1248,1017,2302,2072,1718,1403,638,4428,4057,4621,2651,1655
"12109",2018,5931,7792,9428,4791,5435,5708,7024,9146,5069,3964,11639,14816,18574,9860,9399
"12111",2018,7030,9326,9543,5490,2243,8964,8159,9101,5538,3291,15994,17485,18644,11028,5534
"12113",2018,4993,5730,6223,3818,2078,5025,4941,5484,3080,1618,10018,10671,11707,6898,3696
"12115",2018,7784,7663,10642,5390,4265,7063,7974,7745,6313,3181,14847,15637,18387,11703,7446
"12117",2018,12973,13566,14480,8888,4958,11726,12116,15481,9161,5304,24699,25682,29961,18049,10262
"12119",2018,846,1183,1758,509,1037,988,1168,1841,964,429,1834,2351,3599,1473,1466
"12127",2018,12962,12805,14773,9168,6440,12846,11912,14658,7267,6731,25808,24717,29431,16435,13171
"12131",2018,1585,2128,2000,1108,900,1775,1941,2490,1350,632,3360,4069,4490,2458,1532
"13013",2018,2686,3405,3129,2093,892,2491,2497,3035,1625,924,5177,5902,6164,3718,1816
"13015",2018,3587,3090,3719,2632,1848,3522,2844,3611,2269,1194,7109,5934,7330,4901,3042
"13021",2018,4911,5650,5741,3712,1666,5028,4624,5409,2548,2331,9939,10274,11150,6260,3997
"13031",2018,2241,1816,2648,915,3499,2021,1395,3025,879,5079,4262,3211,5673,1794,8578
"13045",2018,3072,5173,4014,2559,2265,3333,3106,4446,2374,2924,6405,8279,8460,4933,5189
"13047",2018,2528,1963,2469,1564,630,712,1362,2446,984,579,3240,3325,4915,2548,1209
"13051",2018,9094,8936,8448,4770,4092,8718,8206,8015,4978,5033,17812,17142,16463,9748,9125
"13057",2018,7164,8325,10317,5990,3143,7590,8290,9196,5222,3441,14754,16615,19513,11212,6584
"13059",2018,3353,3195,2944,1866,5206,3156,2619,2995,1311,6101,6509,5814,5939,3177,11307
"13063",2018,10731,12268,11185,6182,4048,11137,13428,9143,6483,4612,21868,25696,20328,12665,8660
"13067",2018,23871,23633,26720,15757,9806,22899,23822,25876,15617,9580,46770,47455,52596,31374,19386
"13073",2018,4617,4254,7150,3398,3637,5020,6045,5579,3083,1085,9637,10299,12729,6481,4722
"13077",2018,3623,5545,4788,5307,2819,3741,3236,5299,3105,1904,7364,8781,10087,8412,4723
"13089",2018,26422,25748,23258,13107,7583,26427,25075,22031,13611,8242,52849,50823,45289,26718,15825
"13095",2018,3373,3799,2250,1637,2689,2444,2716,3329,1673,2439,5817,6515,5579,3310,5128
"13097",2018,4035,4501,6594,3731,3212,4828,5018,5356,3372,1529,8863,9519,11950,7103,4741
"13113",2018,2542,3386,4724,3181,2697,2240,2697,5024,2300,1212,4782,6083,9748,5481,3909
"13115",2018,2395,2761,3708,2128,1459,3961,2437,3309,1926,1722,6356,5198,7017,4054,3181
"13117",2018,7364,8930,10758,6243,3199,6769,9328,9574,5859,2454,14133,18258,20332,12102,5653
"13121",2018,31589,31502,33853,19912,14675,30128,33511,29449,19606,16218,61717,65013,63302,39518,30893
"13127",2018,1914,2885,1899,1824,685,2745,3118,2881,1412,1308,4659,6003,4780,3236,1993
"13135",2018,31072,34139,37948,22944,12673,30099,30360,40027,22289,11693,61171,64499,77975,45233,24366
"13139",2018,6397,6910,8073,4805,3089,6707,6816,7156,4415,3376,13104,13726,15229,9220,6465
"13151",2018,7043,9152,8298,5531,3173,6155,8110,8586,6076,2087,13198,17262,16884,11607,5260
"13153",2018,4889,5840,5771,3799,971,4667,4729,6506,2588,2748,9556,10569,12277,6387,3719
"13157",2018,2244,2564,2619,1705,897,2024,2126,2302,2312,673,4268,4690,4921,4017,1570
"13185",2018,3801,3920,4093,1956,1905,4404,4642,2768,2294,3764,8205,8562,6861,4250,5669
"13215",2018,6539,6796,7644,3823,2463,6613,7187,5877,3633,2736,13152,13983,13521,7456,5199
"13217",2018,3790,3928,4937,2502,3271,3185,4074,3384,2613,1940,6975,8002,8321,5115,5211
"13223",2018,5651,5329,7162,3755,2444,5411,5185,6638,4489,1623,11062,10514,13800,8244,4067
"13245",2018,4760,6390,6947,3690,3446,8320,5653,6227,3641,3937,13080,12043,13174,7331,7383
"13247",2018,2808,3795,3139,1975,1484,2046,3390,3225,1939,1366,4854,7185,6364,3914,2850
"13255",2018,1442,3272,1857,1827,836,2361,1420,2212,1421,756,3803,4692,4069,3248,1592
"13285",2018,1990,1430,3198,1822,905,2412,1937,3086,1287,1193,4402,3367,6284,3109,2098
"13295",2018,2206,2115,2491,1387,1142,1786,2451,1271,1283,727,3992,4566,3762,2670,1869
"13297",2018,2991,3549,3261,1945,1452,3049,2496,3860,2254,1743,6040,6045,7121,4199,3195
"13313",2018,3431,3643,3895,3269,1639,3388,3673,3522,2566,1627,6819,7316,7417,5835,3266
"15001",2018,6182,7081,5513,2882,1754,5597,6190,6134,4051,2200,11779,13271,11647,6933,3954
"15003",2018,31683,29782,29277,16166,11571,29830,27237,28727,15205,9947,61513,57019,58004,31371,21518
"15007",2018,2582,2160,2382,1671,1042,1923,2096,1916,950,559,4505,4256,4298,2621,1601
"15009",2018,3414,4493,6162,2985,1928,6226,5395,4465,2898,2051,9640,9888,10627,5883,3979
"16001",2018,14541,13072,18856,11480,6145,11637,14378,17764,9295,6832,26178,27450,36620,20775,12977
"16005",2018,2954,2924,2884,2371,1405,2587,3648,3138,2038,1163,5541,6572,6022,4409,2568
"16019",2018,4734,5742,5390,2814,1220,4514,4321,5603,2998,1358,9248,10063,10993,5812,2578
"16027",2018,8112,8938,9073,5692,3491,7920,8867,8717,5100,2971,16032,17805,17790,10792,6462
"16055",2018,4763,5272,4920,3046,1635,5048,5590,5117,2874,1609,9811,10862,10037,5920,3244
"16083",2018,3265,3016,3859,2436,705,2715,2461,3727,2057,1622,5980,5477,7586,4493,2327
"17001",2018,2363,2238,2321,1073,677,2058,1899,1947,1080,508,4421,4137,4268,2153,1185
"17019",2018,6046,5234,5615,3728,8783,5448,4696,6388,2130,8975,11494,9930,12003,5858,17758
"17031",2018,162000,151632,166569,95012,60956,154851,149857,157099,92652,60790,316851,301489,323668,187664,121746
"17037",2018,3061,2153,3782,1879,2446,2736,3006,4165,1491,3116,5797,5159,7947,3370,5562
"17043",2018,28286,29730,30589,19776,11702,26863,29959,27510,17866,11001,55149,59689,58099,37642,22703
"17089",2018,17520,19392,19871,13077,8018,16312,18314,19325,12185,6691,33832,37706,39196,25262,14709
"17091",2018,3504,3565,4172,2208,1868,2947,3253,3207,2339,2133,6451,6818,7379,4547,4001
"17093",2018,4927,5410,5083,2367,2322,3947,6430,5750,2498,2332,8874,11840,10833,4865,4654
"17097",2018,20463,23596,25563,16687,12106,19720,20196,26924,15546,9397,40183,43792,52487,32233,21503
"17099",2018,2896,3340,3433,2257,1319,3168,3211,3114,1908,1101,6064,6551,6547,4165,2420
"17111",2018,8662,9643,11913,7342,4266,7872,8915,11163,6772,3622,16534,18558,23076,14114,7888
"17113",2018,5424,5236,5139,3497,3793,4730,5464,4547,3097,4699,10154,10700,9686,6594,8492
"17115",2018,3269,2826,3749,1965,1592,2950,2930,3443,1965,1370,6219,5756,7192,3930,2962
"17119",2018,7940,8096,8712,5231,3262,7164,8724,6905,4692,3354,15104,16820,15617,9923,6616
"17143",2018,6073,5331,6575,3501,2356,6346,5321,5808,3604,2228,12419,10652,12383,7105,4584
"17161",2018,4213,4861,4356,2458,1762,4317,4002,4835,2938,2641,8530,8863,9191,5396,4403
"17163",2018,8356,8010,9940,5884,3458,7875,6781,9838,4478,2394,16231,14791,19778,10362,5852
"17167",2018,5510,6044,6858,4344,2539,5215,5603,6126,3507,2106,10725,11647,12984,7851,4645
"17179",2018,4352,3710,4481,2604,1274,3640,4559,3934,2453,1353,7992,8269,8415,5057,2627
"17183",2018,2711,1897,3049,1406,865,2563,2088,2797,1535,934,5274,3985,5846,2941,1799
"17197",2018,20516,20273,29825,17179,10023,19975,21662,26219,16134,8748,40491,41935,56044,33313,18771
"17199",2018,2144,2355,2152,1040,612,2017,2231,1861,1097,673,4161,4586,4013,2137,1285
"17201",2018,9161,8520,10580,5712,3304,8856,9155,8699,5606,3812,18017,17675,19279,11318,7116
"18003",2018,13706,13061,14508,8687,4933,12405,13189,13105,7747,4028,26111,26250,27613,16434,8961
"18005",2018,2604,2768,2223,1831,997,2866,3161,2518,1719,666,5470,5929,4741,3550,1663
"18011",2018,2150,2070,3127,1664,1323,2166,2697,2324,1476,495,4316,4767,5451,3140,1818
"18019",2018,3703,3612,4048,2098,1350,3222,3523,4218,2120,999,6925,7135,8266,4218,2349
"18035",2018,3123,3774,2509,1921,2718,2903,3118,2242,1840,3623,6026,6892,4751,3761,6341
"18039",2018,8073,7578,8613,4412,2463,7398,7219,8472,4857,2379,15471,14797,17085,9269,4842
"18043",2018,2122,2529,2279,1661,1148,2307,2033,2820,1807,907,4429,4562,5099,3468,2055
"18053",2018,1836,1746,1941,1068,821,2014,1313,2585,1104,1357,3850,3059,4526,2172,2178
"18057",2018,11373,11174,15146,7336,4082,10318,12784,13345,7577,3116,21691,23958,28491,14913,7198
"18059",2018,2318,2014,3019,1515,356,2270,2644,2551,1449,646,4588,4658,5570,2964,1002
"18063",2018,5057,6996,5688,4263,1940,4951,6394,4823,3607,1614,10008,13390,10511,7870,3554
"18067",2018,2523,2874,2644,1512,775,2523,2629,2439,1488,821,5046,5503,5083,3000,1596
"18081",2018,4806,6496,5679,3036,1922,4627,4644,6645,3258,1644,9433,11140,12324,6294,3566
"18085",2018,2344,2640,3385,1597,978,2114,2391,2826,1595,716,4458,5031,6211,3192,1694
"18089",2018,15026,15715,16842,10301,6133,13904,14147,17014,10081,6153,28930,29862,33856,20382,12286
"18091",2018,3744,3581,3854,2020,1190,2760,3172,2537,1754,1253,6504,6753,6391,3774,2443
"18095",2018,3376,3448,4659,2453,1638,3928,3802,4137,2234,1681,7304,7250,8796,4687,3319
"18097",2018,35539,34440,31914,18096,11475,33401,30739,33174,17908,11879,68940,65179,65088,36004,23354
"18105",2018,3272,2468,3457,2180,7227,2911,3784,2784,2109,6318,6183,6252,6241,4289,13545
"18109",2018,2045,2725,2348,1485,870,1820,1792,2472,1575,386,3865,4517,4820,3060,1256
"18127",2018,5309,5414,5478,3520,2801,4016,4681,5945,3059,2070,9325,10095,11423,6579,4871
"18141",2018,8791,8538,9678,5605,4340,8925,8450,9078,5197,4854,17716,16988,18756,10802,9194
"18157",2018,5974,5632,5303,4249,7370,5791,4024,6010,3151,6271,11765,9656,11313,7400,13641
"18163",2018,5601,5440,6624,3369,2641,5164,5533,4885,2579,2632,10765,10973,11509,5948,5273
"18167",2018,3471,2559,3477,2024,2476,2886,2239,3241,1796,1509,6357,4798,6718,3820,3985
"18177",2018,2431,1850,1908,1263,725,1844,1508,2660,1011,1111,4275,3358,4568,2274,1836
"19013",2018,3791,4123,4236,2564,2208,4457,3301,4262,2054,3077,8248,7424,8498,4618,5285
"19049",2018,3370,3317,4130,2180,1240,3188,4432,2871,2100,553,6558,7749,7001,4280,1793
"19061",2018,3146,2263,3092,1891,1774,3947,3110,2375,1703,1575,7093,5373,5467,3594,3349
"19103",2018,4512,4954,4665,2318,3868,4102,3502,4074,2055,3874,8614,8456,8739,4373,7742
"19113",2018,7504,7243,7878,4690,3164,6796,6686,7562,4221,3093,14300,13929,15440,8911,6257
"19153",2018,17835,15349,19070,9637,6062,16830,16709,16491,9394,5984,34665,32058,35561,19031,12046
"19155",2018,2835,3444,3366,1665,1383,2687,2342,3480,1868,1154,5522,5786,6846,3533,2537
"19163",2018,6145,5735,5787,3447,2454,5404,5444,6328,3032,2022,11549,11179,12115,6479,4476
"19169",2018,2465,2453,1920,1277,6078,2389,2500,2008,1309,3896,4854,4953,3928,2586,9974
"19193",2018,3853,3921,3848,2278,1772,3156,3634,4311,1650,1290,7009,7555,8159,3928,3062
"20015",2018,1964,1991,2859,1475,1051,1667,2322,2895,1594,883,3631,4313,5754,3069,1934
"20045",2018,3064,2194,3440,1677,3430,2995,3463,3132,1769,4255,6059,5657,6572,3446,7685
"20091",2018,19868,21126,20914,12962,6801,17920,18558,21796,12497,6005,37788,39684,42710,25459,12806
"20103",2018,2411,3017,2790,1763,1187,2929,2788,2659,1362,1036,5340,5805,5449,3125,2223
"20161",2018,1964,1457,1851,709,2853,1693,1570,1648,1296,2703,3657,3027,3499,2005,5556
"20173",2018,18069,19121,19132,11302,6756,17248,17795,18799,10455,6013,35317,36916,37931,21757,12769
"20177",2018,5551,5975,6176,4054,2563,5134,5160,6591,3307,2105,10685,11135,12767,7361,4668
"20209",2018,6982,5919,7144,3408,2019,6336,7425,5644,3262,1871,13318,13344,12788,6670,3890
"21015",2018,4591,4467,5733,3520,1454,4443,4239,3954,2707,1918,9034,8706,9687,6227,3372
"21029",2018,1996,1307,3530,2187,1206,1891,2215,2555,1563,661,3887,3522,6085,3750,1867
"21037",2018,2675,3295,2007,1882,1127,2835,2536,2467,1706,1718,5510,5831,4474,3588,2845
"21047",2018,3306,2436,2194,1034,1755,3728,3117,2315,875,837,7034,5553,4509,1909,2592
"21059",2018,3513,3334,3814,2142,1465,3049,3117,3843,1889,1173,6562,6451,7657,4031,2638
"21067",2018,10139,9353,9756,5347,4649,9443,9973,8484,4999,5582,19582,19326,18240,10346,10231
"21093",2018,4078,4047,4113,2371,1542,2992,2854,4665,1992,1135,7070,6901,8778,4363,2677
"21111",2018,24719,25795,22445,14269,9396,23574,21915,24185,13892,8876,48293,47710,46630,28161,18272
"21117",2018,6345,6302,4302,3047,2239,5305,6886,4622,2561,1869,11650,13188,8924,5608,4108
"21145",2018,1689,2227,1834,1312,484,2094,1689,2040,1368,598,3783,3916,3874,2680,1082
"21151",2018,2310,3287,2184,1556,2273,2614,2020,3070,1440,2095,4924,5307,5254,2996,4368
"21185",2018,1555,2429,2654,1604,999,1603,2763,2976,1540,821,3158,5192,5630,3144,1820
"21227",2018,4002,4324,4805,2279,3357,4049,3281,4698,2639,3870,8051,7605,9503,4918,7227
"22005",2018,4255,4670,5228,3071,1663,4486,4862,4405,2273,1227,8741,9532,9633,5344,2890
"22015",2018,4001,5192,4480,2015,1779,4083,5070,3931,2818,970,8084,10262,8411,4833,2749
"22017",2018,7921,8258,8339,4543,2848,7864,6540,9549,4721,1835,15785,14798,17888,9264,4683
"22019",2018,7457,6487,7558,3709,2855,7244,8045,5699,4086,1853,14701,14532,13257,7795,4708
"22033",2018,13683,14790,13247,8726,6918,15047,13807,12911,7969,7779,28730,28597,26158,16695,14697
"22045",2018,2269,2002,3390,1515,1329,2613,1883,3125,1357,936,4882,3885,6515,2872,2265
"22051",2018,14545,12104,14137,7548,4546,14018,12618,13180,7382,3853,28563,24722,27317,14930,8399
"22055",2018,8144,7534,8241,5036,4343,8713,8647,6800,4233,3232,16857,16181,15041,9269,7575
"22057",2018,2456,3317,3605,1857,1129,2885,4065,3132,1665,1991,5341,7382,6737,3522,3120
"22063",2018,4980,5042,5571,2722,1476,4889,4135,5089,3277,1741,9869,9177,10660,5999,3217
"22071",2018,11788,10387,11219,6154,4603,11215,8812,12313,6236,4567,23003,19199,23532,12390,9170
"22073",2018,5430,6154,5196,3408,2469,4965,6096,4669,3245,2213,10395,12250,9865,6653,4682
"22079",2018,4640,4406,4766,2851,1853,4192,5158,3514,2516,1868,8832,9564,8280,5367,3721
"22097",2018,3468,2652,3441,2313,1499,2998,2602,3476,1310,1038,6466,5254,6917,3623,2537
"22103",2018,8994,6541,11478,5370,3114,6627,7943,9223,5724,2867,15621,14484,20701,11094,5981
"22105",2018,4717,4751,4880,2572,1830,4877,3556,5111,2407,2434,9594,8307,9991,4979,4264
"22109",2018,3428,4884,3586,2347,1428,3569,3483,5402,1594,549,6997,8367,8988,3941,1977
"23001",2018,3136,3362,3437,1746,1531,3004,2440,3410,1722,1188,6140,5802,6847,3468,2719
"23003",2018,1603,1406,1885,1343,867,1807,1776,1777,970,649,3410,3182,3662,2313,1516
"23005",2018,7090,8452,7551,5433,3316,6416,7582,7322,4657,3752,13506,16034,14873,10090,7068
"23011",2018,2973,2976,3481,2033,1533,2858,2740,3925,2015,1398,5831,5716,7406,4048,2931
"23019",2018,3498,3973,3769,2523,3016,3269,3482,3772,2458,2407,6767,7455,7541,4981,5423
"23031",2018,5144,5066,6437,3542,2198,4703,4776,5863,3257,2057,9847,9842,12300,6799,4255
"24001",2018,2003,1671,1957,1092,1694,1516,1478,1617,923,1518,3519,3149,3574,2015,3212
"24003",2018,18008,17726,18858,10444,6531,17475,16533,18550,10380,4839,35483,34259,37408,20824,11370
"24005",2018,24850,24439,26467,15332,11233,24005,23035,26062,14632,11199,48855,47474,52529,29964,22432
"24009",2018,2554,2764,3987,2319,989,2074,2150,3472,1980,750,4628,4914,7459,4299,1739
"24013",2018,4581,5018,5731,3759,2692,4120,4048,5389,3932,2269,8701,9066,11120,7691,4961
"24015",2018,3021,4101,2344,2267,1391,2649,3341,3431,1964,1208,5670,7442,5775,4231,2599
"24017",2018,4950,5591,5202,3583,1952,4753,5378,5022,3659,1967,9703,10969,10224,7242,3919
"24021",2018,7544,8914,8201,5794,3591,7554,7943,8452,4886,3207,15098,16857,16653,10680,6798
"24025",2018,7337,8398,7755,5520,3224,6952,7561,8035,4614,2455,14289,15959,15790,10134,5679
"24027",2018,9810,10601,12537,7237,3836,9300,11026,10941,7118,3180,19110,21627,23478,14355,7016
"24031",2018,33430,33988,36266,20943,11739,32397,35127,31282,20654,10888,65827,69115,67548,41597,22627
"24033",2018,30259,27701,28579,15947,13781,29281,27157,27546,15458,12804,59540,54858,56125,31405,26585
"24037",2018,2783,3051,4811,2901,1429,3045,2727,5652,2231,2351,5828,5778,10463,5132,3780
"24043",2018,4909,4771,5225,3121,1481,3395,3498,5448,2603,1290,8304,8269,10673,5724,2771
"24045",2018,3356,2799,3375,2184,2166,2980,3115,3431,1475,2480,6336,5914,6806,3659,4646
"24510",2018,19504,16183,17523,9220,8715,18463,17477,15673,9071,8465,37967,33660,33196,18291,17180
"25001",2018,3196,4588,5456,3371,2263,3999,3972,4852,3146,1947,7195,8560,10308,6517,4210
"25003",2018,2748,2749,3453,2463,1550,2253,3132,2573,2193,1708,5001,5881,6026,4656,3258
"25005",2018,15338,14901,18654,10224,8360,14071,15588,16880,10442,7016,29409,30489,35534,20666,15376
"25009",2018,22619,21624,26088,15761,11562,21903,22223,23705,14423,10429,44522,43847,49793,30184,21991
"25011",2018,1463,1941,1635,1332,635,1557,2022,1773,1023,509,3020,3963,3408,2355,1144
"25013",2018,13034,13601,15987,9437,7630,12393,14062,13396,9228,6937,25427,27663,29383,18665,14567
"25015",2018,2669,2931,4075,2386,5869,2495,2406,3849,2757,7935,5164,5337,7924,5143,13804
"25017",2018,43732,44647,45713,28851,23861,41911,43645,42749,27385,22703,85643,88292,88462,56236,46564
"25021",2018,19206,18753,23078,13889,7926,18492,20192,20227,13689,9962,37698,38945,43305,27578,17888
"25023",2018,14138,16320,15509,10657,6706,13136,15128,14636,10721,6308,27274,31448,30145,21378,13014
"25025",2018,21155,18751,16861,10933,15417,20620,17230,17467,10641,17455,41775,35981,34328,21574,32872
"25027",2018,22919,23570,26521,16227,12004,21538,23203,24655,15788,12027,44457,46773,51176,32015,24031
"26005",2018,3457,3387,4785,2595,1410,3629,4160,3910,2434,1052,7086,7547,8695,5029,2462
"26017",2018,2838,3494,2137,2069,1410,2297,3093,2918,2237,1141,5135,6587,5055,4306,2551
"26021",2018,4582,4320,5315,2627,2064,4242,4957,4479,3049,2056,8824,9277,9794,5676,4120
"26025",2018,4686,4049,4797,2721,1458,3388,4788,4178,2095,2345,8074,8837,8975,4816,3803
"26037",2018,2174,1807,3314,1764,987,2160,2417,2624,1495,848,4334,4224,5938,3259,1835
"26045",2018,2771,3121,3680,2155,1675,2768,2880,3310,1799,1051,5539,6001,6990,3954,2726
"26049",2018,12004,11106,15424,8251,4897,11731,11793,13176,8068,4744,23735,22899,28600,16319,9641
"26055",2018,2582,2551,3287,1746,1074,2035,2168,2995,1552,918,4617,4719,6282,3298,1992
"26065",2018,8654,7611,8584,4520,8355,7859,8333,7350,5495,10118,16513,15944,15934,10015,18473
"26073",2018,1559,1144,1838,1152,2906,1886,1637,1586,1004,3168,3445,2781,3424,2156,6074
"26075",2018,4351,4632,4878,3411,1811,4570,3331,5580,3049,2418,8921,7963,10458,6460,4229
"26077",2018,8447,7947,8703,5157,4364,7155,7308,8500,4067,4971,15602,15255,17203,9224,9335
"26081",2018,22790,23890,21275,13055,8414,20956,20891,21725,13227,8369,43746,44781,43000,26282,16783
"26087",2018,2130,1829,3696,1956,961,2045,2225,2524,1895,867,4175,4054,6220,3851,1828
"26091",2018,2678,3006,3025,1889,1607,2659,2502,3318,1578,1377,5337,5508,6343,3467,2984
"26093",2018,5228,4752,6884,4167,2573,4972,5134,5690,3924,2124,10200,9886,12574,8091,4697
"26099",2018,24285,27398,24743,17552,8766,23361,26596,23156,16918,9080,47646,53994,47899,34470,17846
"26103",2018,1626,2139,1561,1054,1263,1661,1896,1610,903,1287,3287,4035,3171,1957,2550
"26111",2018,2503,2763,2232,1606,1141,2333,2073,3169,1550,948,4836,4836,5401,3156,2089
"26115",2018,3876,5319,4132,3117,1780,3950,3735,5054,2999,1551,7826,9054,9186,6116,3331
"26121",2018,5616,5874,5596,3906,1729,4865,5068,5951,3188,1926,10481,10942,11547,7094,3655
"26125",2018,35458,33729,40678,25027,14257,33495,34719,36995,23930,13103,68953,68448,77673,48957,27360
"26139",2018,8945,10710,9843,5732,5568,8745,10290,9240,6027,7006,17690,21000,19083,11759,12574
"26145",2018,6004,5310,6370,3770,3372,4936,5226,5770,3462,2711,10940,10536,12140,7232,6083
"26147",2018,4211,3925,5499,3802,1624,4161,3862,4667,3003,1679,8372,7787,10166,6805,3303
"26155",2018,1865,2257,1855,1546,787,1940,1866,1781,1456,859,3805,4123,3636,3002,1646
"26159",2018,2322,2482,2532,1756,998,2060,2576,2011,1549,815,4382,5058,4543,3305,1813
"26161",2018,9057,9490,10159,6682,10479,8914,8696,9864,6073,10509,17971,18186,20023,12755,20988
"26163",2018,58682,55477,60784,36701,20882,56068,57321,54400,34797,19863,114750,112798,115184,71498,40745
"27003",2018,10971,11282,13227,7255,4508,10915,10924,12338,7486,3491,21886,22206,25565,14741,7999
"27013",2018,1866,1642,2084,931,1736,2698,1745,1443,907,1939,4564,3387,3527,1838,3675
"27019",2018,3132,3657,4160,2888,1185,3073,3608,4486,2752,1127,6205,7265,8646,5640,2312
"27037",2018,14245,14501,15240,9026,5372,13193,14495,14118,8815,4260,27438,28996,29358,17841,9632
"27053",2018,41662,37329,39626,21885,14640,39802,39048,36022,21168,14161,81464,76377,75648,43053,28801
"27109",2018,5230,5042,5653,3662,1308,5798,4610,5247,3015,1493,11028,9652,10900,6677,2801
"27123",2018,19527,18820,17164,10268,7248,18584,18156,16246,9468,7329,38111,36976,33410,19736,14577
"27131",2018,1695,2148,2461,1667,1591,1777,1472,2487,1177,2448,3472,3620,4948,2844,4039
"27137",2018,5233,5232,5577,3375,3524,4786,5150,5522,3136,3615,10019,10382,11099,6511,7139
"27139",2018,5212,6202,5651,3053,2013,4644,5535,6303,3500,1821,9856,11737,11954,6553,3834
"27141",2018,3322,3387,3732,2095,1114,3545,3642,3357,2092,908,6867,7029,7089,4187,2022
"27145",2018,5259,4369,6122,3003,4008,4935,5292,4857,2865,3264,10194,9661,10979,5868,7272
"27163",2018,7626,8918,9737,6138,2948,7973,8790,9035,5431,2598,15599,17708,18772,11569,5546
"27171",2018,5093,5252,6494,3426,1848,4288,4618,5688,2972,1570,9381,9870,12182,6398,3418
"28033",2018,5949,6533,6903,4845,2480,5445,4611,8432,3990,2221,11394,11144,15335,8835,4701
"28035",2018,2221,1972,2776,3124,1307,2769,1710,1937,1047,1589,4990,3682,4713,4171,2896
"28047",2018,7311,7714,6260,4022,2935,6472,7535,6205,3896,1816,13783,15249,12465,7918,4751
"28049",2018,7418,7492,9172,4705,4211,7660,6961,8659,4685,4500,15078,14453,17831,9390,8711
"28059",2018,3013,5378,7035,2691,2181,2951,3447,5832,3284,1827,5964,8825,12867,5975,4008
"28067",2018,2125,2690,1865,1341,1683,2828,1923,2589,1670,901,4953,4613,4454,3011,2584
"28075",2018,2315,2734,2549,947,1295,2298,2745,3155,985,807,4613,5479,5704,1932,2102
"28081",2018,2776,3419,2547,1672,2048,2824,2868,3284,1363,1007,5600,6287,5831,3035,3055
"28089",2018,3748,3604,3851,2057,1805,3275,3675,3827,2364,1849,7023,7279,7678,4421,3654
"28121",2018,4726,4475,5926,3443,1595,4113,4310,5388,3290,808,8839,8785,11314,6733,2403
"29019",2018,5865,6113,4961,2718,4574,4635,4527,5248,2472,6199,10500,10640,10209,5190,10773
"29021",2018,2961,2246,3560,1532,971,2864,2254,2784,1503,901,5825,4500,6344,3035,1872
"29031",2018,2176,2765,2380,1400,1522,2343,2248,2621,1104,1502,4519,5013,5001,2504,3024
"29037",2018,2849,3620,4133,2709,1643,2582,4308,2802,2139,1302,5431,7928,6935,4848,2945
"29043",2018,2753,4130,2482,2404,878,2889,2868,3845,1762,849,5642,6998,6327,4166,1727
"29047",2018,8148,8064,9153,4998,2819,7518,7134,9096,5466,2800,15666,15198,18249,10464,5619
"29051",2018,2363,2010,2391,1800,788,2353,2168,2947,1209,998,4716,4178,5338,3009,1786
"29071",2018,3150,3031,3850,2326,1071,3259,3253,2773,2111,1049,6409,6284,6623,4437,2120
"29077",2018,8380,8262,8526,4860,4853,9536,7629,9121,4644,5117,17916,15891,17647,9504,9970
"29095",2018,23451,23245,23471,13456,8060,22966,23379,21921,13216,7472,46417,46624,45392,26672,15532
"29097",2018,4338,3915,5041,2448,1495,3560,3671,4993,2110,1468,7898,7586,10034,4558,2963
"29099",2018,6450,6477,8927,4484,2408,6824,6576,7523,4393,2091,13274,13053,16450,8877,4499
"29165",2018,2966,2701,4984,2207,1159,2714,4085,2750,1925,816,5680,6786,7734,4132,1975
"29183",2018,11961,13327,13942,8226,4462,11200,11404,14561,8051,4854,23161,24731,28503,16277,9316
"29187",2018,1769,1083,2891,910,844,1802,1892,1945,1824,548,3571,2975,4836,2734,1392
"29189",2018,29857,30984,31217,19786,11863,29178,29293,30911,18301,11990,59035,60277,62128,38087,23853
"29510",2018,9657,7241,8303,3954,2179,9192,6856,8177,4122,3194,18849,14097,16480,8076,5373
"30013",2018,3020,2277,2980,1331,778,2401,2465,2057,1369,610,5421,4742,5037,2700,1388
"30029",2018,2914,3926,2948,1886,1371,2754,2023,4098,1927,488,5668,5949,7046,3813,1859
"30031",2018,2902,3514,3504,1900,2100,3027,2547,3554,1915,1844,5929,6061,7058,3815,3944
"30049",2018,2368,1544,2509,1334,808,1796,1726,2553,1156,865,4164,3270,5062,2490,1673
"30063",2018,3485,3147,3150,1699,2136,3085,2079,3441,2035,2130,6570,5226,6591,3734,4266
"30111",2018,4823,5056,6273,2829,1914,4622,5400,5546,3066,1552,9445,10456,11819,5895,3466
"31055",2018,21973,20339,20113,11643,7353,20805,19104,20117,11242,7488,42778,39443,40230,22885,14841
"31109",2018,10490,11100,9603,5515,5603,9480,8812,11775,5546,6758,19970,19912,21378,11061,12361
"31153",2018,6766,6866,7621,4392,2546,6806,7513,6658,3931,2092,13572,14379,14279,8323,4638
"32003",2018,71307,69367,79646,43730,25587,68613,69425,73727,41814,23885,139920,138792,153373,85544,49472
"32031",2018,14116,14156,15074,8486,5703,13415,14538,12897,8093,5322,27531,28694,27971,16579,11025
"33005",2018,1536,1662,2292,1173,1802,1540,1693,2191,1548,2254,3076,3355,4483,2721,4056
"33009",2018,1773,2155,1816,1324,2950,1836,2079,2145,1248,2512,3609,4234,3961,2572,5462
"33011",2018,10540,11777,12460,8034,4899,10848,11283,12293,7746,4687,21388,23060,24753,15780,9586
"33013",2018,3386,3186,4722,2513,2050,3331,4129,4556,2772,2235,6717,7315,9278,5285,4285
"33015",2018,7357,7328,9976,6096,3169,6564,7993,9203,5732,2812,13921,15321,19179,11828,5981
"33017",2018,3044,3421,3245,2354,2753,3399,3359,2939,2438,5426,6443,6780,6184,4792,8179
"34001",2018,7360,7768,9585,4970,3600,6990,8360,6330,5059,3081,14350,16128,15915,10029,6681
"34003",2018,25185,28793,28513,18690,10793,24565,25572,29336,17679,10331,49750,54365,57849,36369,21124
"34005",2018,11362,13571,13467,8195,5620,11387,12249,13668,8903,3975,22749,25820,27135,17098,9595
"34007",2018,14223,15362,17614,10017,5724,16603,14267,17171,9501,5602,30826,29629,34785,19518,11326
"34009",2018,2157,1830,2227,1604,794,1914,1581,2119,1307,458,4071,3411,4346,2911,1252
"34011",2018,4484,4443,5806,2912,2093,4768,4750,5329,2812,1875,9252,9193,11135,5724,3968
"34013",2018,26877,27941,25947,15618,9970,25677,25654,25989,15275,9577,52554,53595,51936,30893,19547
"34015",2018,6942,8913,9948,5648,3816,7854,8442,9606,6124,4453,14796,17355,19554,11772,8269
"34017",2018,24051,17725,18639,9392,7293,22874,17877,17495,10168,5847,46925,35602,36134,19560,13140
"34019",2018,2392,3808,3570,2652,1814,2651,3079,3452,2635,1427,5043,6887,7022,5287,3241
"34021",2018,10723,10789,11625,6806,5363,10205,9105,12214,7228,7242,20928,19894,23839,14034,12605
"34023",2018,24536,24395,27035,16008,11471,23374,24075,25271,15238,11296,47910,48470,52306,31246,22767
"34025",2018,16001,15653,22562,13203,7850,14896,16644,20215,12552,6826,30897,32297,42777,25755,14676
"34027",2018,12642,14257,15458,10006,6019,12081,11257,17586,10795,5872,24723,25514,33044,20801,11891
"34029",2018,21667,19116,21194,11500,6266,20890,16987,21178,11457,5439,42557,36103,42372,22957,11705
"34031",2018,17266,16066,17709,10164,7229,16602,16445,15871,9737,6937,33868,32511,33580,19901,14166
"34033",2018,1633,1849,2728,1234,768,1449,1748,1842,1124,469,3082,3597,4570,2358,1237
"34035",2018,8795,9134,12172,7160,4372,8094,8309,12295,6557,3000,16889,17443,24467,13717,7372
"34037",2018,3662,3294,4533,3038,1571,3037,3626,4047,2782,1730,6699,6920,8580,5820,3301
"34039",2018,17908,19460,17565,11268,6977,17218,18387,17823,10892,6373,35126,37847,35388,22160,13350
"34041",2018,2513,2579,3389,2245,1577,2186,2745,2969,2159,1208,4699,5324,6358,4404,2785
"35001",2018,18999,17762,25703,13157,8223,18142,18300,22944,12363,8079,37141,36062,48647,25520,16302
"35005",2018,2370,2072,2724,1604,1116,1722,2441,2110,1441,923,4092,4513,4834,3045,2039
"35013",2018,6865,6030,9186,4191,3799,6739,9055,6300,3865,4668,13604,15085,15486,8056,8467
"35025",2018,2715,2605,3590,1824,2379,2406,2172,3714,1602,541,5121,4777,7304,3426,2920
"35031",2018,1824,2561,4237,1987,929,2862,2757,2707,1901,1398,4686,5318,6944,3888,2327
"35035",2018,2429,2643,2003,815,952,1625,2361,2128,1455,1313,4054,5004,4131,2270,2265
"35043",2018,4109,4185,5723,2936,1635,3614,4256,5389,3370,1228,7723,8441,11112,6306,2863
"35045",2018,4301,4395,5074,2525,2065,4072,4762,4682,3127,1711,8373,9157,9756,5652,3776
"35049",2018,3425,3455,4326,2385,2073,2824,3708,4291,2467,1442,6249,7163,8617,4852,3515
"35061",2018,2335,2884,3028,1747,1306,2254,2921,1555,1171,1124,4589,5805,4583,2918,2430
"36001",2018,7763,7607,8789,5665,6255,7130,6307,8386,4870,7302,14893,13914,17175,10535,13557
"36005",2018,51942,48725,50672,29009,19506,50822,45761,49873,28245,18857,102764,94486,100545,57254,38363
"36007",2018,4986,6152,4126,3141,4581,4810,4617,5774,3139,4234,9796,10769,9900,6280,8815
"36009",2018,2181,2064,2717,1611,1023,1887,2583,2096,1586,985,4068,4647,4813,3197,2008
"36011",2018,2039,2279,2207,1420,1010,1912,2353,1667,1387,794,3951,4632,3874,2807,1804
"36013",2018,3472,3224,4298,2355,2242,3349,3613,3138,2121,2061,6821,6837,7436,4476,4303
"36015",2018,2119,3547,2111,1433,784,2607,2588,1825,1368,1270,4726,6135,3936,2801,2054
"36019",2018,1913,1899,2157,1381,1748,1869,1623,2117,1222,1787,3782,3522,4274,2603,3535
"36027",2018,6817,7793,8071,5557,5373,6600,6964,8080,5465,4938,13417,14757,16151,11022,10311
"36029",2018,25706,24347,27523,17026,13350,24500,27190,23412,16388,13250,50206,51537,50935,33414,26600
"36045",2018,4372,4483,3061,1751,1597,4312,3590,3259,1971,1142,8684,8073,6320,3722,2739
"36047",2018,96118,77756,82737,44028,25104,90978,78439,75797,42970,24478,187096,156195,158534,86998,49582
"36051",2018,1484,1649,1589,1030,1662,1273,1446,1550,1258,2143,2757,3095,3139,2288,3805
"36053",2018,1596,2104,1761,1219,1964,1496,1960,1842,1499,1995,3092,4064,3603,2718,3959
"36055",2018,20744,21005,22981,13891,11726,19821,20747,21623,13404,10442,40565,41752,44604,27295,22168
"36059",2018,38206,39633,44224,27231,17053,36070,39591,40363,25910,15947,74276,79224,84587,53141,33000
"36061",2018,39030,29466,32165,16544,14922,37740,29547,31496,16991,19603,76770,59013,63661,33535,34525
"36063",2018,5316,4893,6990,4172,2895,5573,5308,6231,3580,2031,10889,10201,13221,7752,4926
"36065",2018,6722,6892,7066,3795,3159,6023,6888,7299,3964,3754,12745,13780,14365,7759,6913
"36067",2018,13511,14645,13114,8445,7693,13002,14551,11847,8908,8325,26513,29196,24961,17353,16018
"36069",2018,2735,3401,3104,2354,1244,2812,2986,2958,1959,1299,5547,6387,6062,4313,2543
"36071",2018,13141,13832,14444,8956,6917,11961,11362,14972,8584,4779,25102,25194,29416,17540,11696
"36075",2018,3063,3195,3593,2385,2243,3099,2850,3941,2298,2176,6162,6045,7534,4683,4419
"36079",2018,2493,2967,2551,2167,1268,1963,2320,2848,2281,1055,4456,5287,5399,4448,2323
"36081",2018,72323,57099,69020,36515,22204,68702,57634,62447,34628,21392,141025,114733,131467,71143,43596
"36083",2018,3761,4476,4849,2906,3517,4354,3713,4431,2689,2430,8115,8189,9280,5595,5947
"36085",2018,13935,15887,14043,9437,6165,13478,12595,15699,8963,5350,27413,28482,29742,18400,11515
"36087",2018,13142,12143,13498,8429,4621,13206,12170,12380,6744,4018,26348,24313,25878,15173,8639
"36089",2018,2704,3489,3035,2004,3379,2637,2745,3136,1850,2694,5341,6234,6171,3854,6073
"36091",2018,6299,5462,7333,4395,3370,5572,6445,5918,4775,3199,11871,11907,13251,9170,6569
"36093",2018,4482,4963,4988,3106,2607,4228,3391,5467,2712,2183,8710,8354,10455,5818,4790
"36101",2018,2696,3514,2470,1924,1100,2368,2686,3051,1680,1025,5064,6200,5521,3604,2125
"36103",2018,40311,41569,47567,30397,19931,38938,38455,46736,29045,18123,79249,80024,94303,59442,38054
"36105",2018,1954,1944,2745,1663,1245,2213,2298,1988,1197,1175,4167,4242,4733,2860,2420
"36109",2018,2959,2267,2136,1847,5137,1462,1884,1810,1102,5145,4421,4151,3946,2949,10282
"36111",2018,3574,4578,4793,2657,1471,4026,3649,4953,3081,2790,7600,8227,9746,5738,4261
"36113",2018,1478,2301,909,1273,776,1468,1673,1278,977,808,2946,3974,2187,2250,1584
"36117",2018,2503,1759,4072,1545,953,2564,2827,2389,1654,859,5067,4586,6461,3199,1812
"36119",2018,27748,29581,31777,20296,12501,25989,27103,30608,18743,12086,53737,56684,62385,39039,24587
"37001",2018,4685,6062,4444,3827,3827,4734,4640,5715,2848,3406,9419,10702,10159,6675,7233
"37019",2018,2685,2474,3397,2036,2167,2858,2573,2656,2231,602,5543,5047,6053,4267,2769
"37021",2018,6908,6132,6490,4298,2559,5989,6449,7244,4066,2463,12897,12581,13734,8364,5022
"37023",2018,2258,2501,2801,1551,621,1856,2549,2189,1467,1118,4114,5050,4990,3018,1739
"37025",2018,7504,7498,8711,5241,2767,6081,6372,8022,4788,2589,13585,13870,16733,10029,5356
"37027",2018,2805,2353,2126,1493,1077,1805,2690,1657,1560,643,4610,5043,3783,3053,1720
"37031",2018,1828,1667,2208,1117,928,1340,1279,1741,1163,652,3168,2946,3949,2280,1580
"37035",2018,4276,3673,6265,2842,2043,4418,5025,5338,3205,2138,8694,8698,11603,6047,4181
"37037",2018,1482,2261,2671,1225,716,2280,1643,2123,1308,288,3762,3904,4794,2533,1004
"37045",2018,2270,3456,3054,2044,1384,2745,2786,3242,2060,1575,5015,6242,6296,4104,2959
"37049",2018,3668,4173,2712,1755,1255,2501,3719,3137,1589,554,6169,7892,5849,3344,1809
"37051",2018,12406,10476,11864,6521,5830,12279,11278,10604,6367,4595,24685,21754,22468,12888,10425
"37057",2018,4263,4769,6053,3038,1471,4920,5284,4814,3500,1587,9183,10053,10867,6538,3058
"37063",2018,10318,8001,9974,4938,4639,10179,9439,7880,4956,4780,20497,17440,17854,9894,9419
"37067",2018,11753,11894,13541,7670,5630,10884,10463,13214,7239,6768,22637,22357,26755,14909,12398
"37069",2018,1868,1962,2200,629,811,1898,1169,3059,1836,482,3766,3131,5259,2465,1293
"37071",2018,6735,8349,5770,4469,2804,6461,6631,7400,4350,2671,13196,14980,13170,8819,5475
"37081",2018,16264,15096,18495,10479,8590,15336,16076,16876,10415,10871,31600,31172,35371,20894,19461
"37085",2018,5489,4354,5578,2787,1534,4307,5715,4074,2626,1998,9796,10069,9652,5413,3532
"37089",2018,2362,3761,4309,1703,1355,2469,3069,1727,2653,1277,4831,6830,6036,4356,2632
"37097",2018,5187,4995,6912,3358,2043,4751,5283,6511,4063,1678,9938,10278,13423,7421,3721
"37101",2018,6733,6670,8887,3846,2257,6185,7359,7076,5040,2296,12918,14029,15963,8886,4553
"37109",2018,2190,2122,2913,1852,867,1780,1631,3327,1834,1036,3970,3753,6240,3686,1903
"37119",2018,37416,36532,35651,21202,13309,35275,36529,34164,20945,14663,72691,73061,69815,42147,27972
"37125",2018,2498,3006,2415,3251,1551,2572,2984,2300,1827,983,5070,5990,4715,5078,2534
"37127",2018,3356,2887,3321,1420,1219,1440,3183,3062,1752,902,4796,6070,6383,3172,2121
"37129",2018,5303,6485,6838,3864,4534,4462,6336,5841,2857,3717,9765,12821,12679,6721,8251
"37133",2018,8356,6791,6532,2733,7790,8742,7332,5634,2299,2463,17098,14123,12166,5032,10253
"37135",2018,2749,3425,4736,2055,3887,3863,3685,5533,2817,6025,6612,7110,10269,4872,9912
"37147",2018,5913,4417,6596,2769,3417,4887,5296,4902,3647,5661,10800,9713,11498,6416,9078
"37151",2018,4460,4066,4980,3334,1397,3902,4114,4955,2321,1486,8362,8180,9935,5655,2883
"37155",2018,4907,4891,4421,2649,2205,3965,4516,4603,2820,2381,8872,9407,9024,5469,4586
"37157",2018,1611,2852,3755,1768,1250,1700,2453,2633,1614,1140,3311,5305,6388,3382,2390
"37159",2018,3665,4990,5994,3606,2145,2897,3870,3928,2485,2756,6562,8860,9922,6091,4901
"37161",2018,1834,1710,1651,1829,938,1654,2001,1712,1391,928,3488,3711,3363,3220,1866
"37171",2018,1904,2162,2456,1357,702,1461,2148,2202,1506,998,3365,4310,4658,2863,1700
"37179",2018,6192,8062,11240,6626,3713,7030,7798,10322,6371,3645,13222,15860,21562,12997,7358
"37183",2018,34792,36556,38850,22768,15131,33006,34233,38748,22579,15134,67798,70789,77598,45347,30265
"37191",2018,4447,2862,5489,2903,1592,3665,3364,5120,1305,1164,8112,6226,10609,4208,2756
"37193",2018,1687,1776,1775,1677,298,2170,1773,2084,1102,681,3857,3549,3859,2779,979
"37195",2018,1964,3230,2200,1028,2283,2869,2323,2996,2073,1307,4833,5553,5196,3101,3590
"38015",2018,3506,3290,3049,1583,1309,2872,2512,3281,1591,1420,6378,5802,6330,3174,2729
"38017",2018,6656,7006,5514,2568,3788,6497,5720,4425,2467,2588,13153,12726,9939,5035,6376
"38035",2018,2592,2082,2847,1061,1966,1974,1789,1619,964,1488,4566,3871,4466,2025,3454
"38101",2018,2587,2605,2113,1221,892,2165,2054,2228,976,614,4752,4659,4341,2197,1506
"39003",2018,3204,3651,3082,2108,2192,2826,3170,3058,1984,1547,6030,6821,6140,4092,3739
"39007",2018,3113,3082,3403,1711,1009,2670,2623,3089,1732,768,5783,5705,6492,3443,1777
"39009",2018,1298,940,1998,1218,2898,1213,950,1524,434,3736,2511,1890,3522,1652,6634
"39013",2018,1544,1737,2211,1210,620,2035,1441,1776,1317,397,3579,3178,3987,2527,1017
"39017",2018,11999,10255,15982,8179,6658,10987,11776,13076,7747,7068,22986,22031,29058,15926,13726
"39023",2018,3874,3726,5090,2747,1927,4000,3533,4594,2557,2168,7874,7259,9684,5304,4095
"39025",2018,6208,7082,6847,4244,2401,5890,7749,5499,4090,1896,12098,14831,12346,8334,4297
"39029",2018,2541,2812,2969,1900,1382,2985,2539,3376,1750,932,5526,5351,6345,3650,2314
"39035",2018,36654,30681,41396,22531,15464,34512,35309,34268,22476,14301,71166,65990,75664,45007,29765
"39041",2018,6816,7037,9053,4813,2632,5909,7739,7648,5144,2593,12725,14776,16701,9957,5225
"39043",2018,1808,2481,2026,1773,655,2152,1310,2362,1232,537,3960,3791,4388,3005,1192
"39045",2018,4749,4781,5887,3716,2496,4679,4728,5095,3543,1808,9428,9509,10982,7259,4304
"39049",2018,47323,41854,42463,23367,20257,45703,39782,41492,22660,19964,93026,81636,83955,46027,40221
"39055",2018,2531,3046,3026,2213,1662,2480,2365,3548,2109,1005,5011,5411,6574,4322,2667
"39057",2018,4663,4934,5190,3111,3702,4621,3663,5409,3300,3552,9284,8597,10599,6411,7254
"39061",2018,27177,25109,27459,15208,11397,25728,24178,26460,15956,11130,52905,49287,53919,31164,22527
"39063",2018,2102,2863,1676,1557,619,2230,2105,2487,1750,1539,4332,4968,4163,3307,2158
"39081",2018,1678,1403,2338,1410,515,1447,1319,1891,999,785,3125,2722,4229,2409,1300
"39085",2018,5252,6856,6996,4910,2253,5662,5756,6673,4105,2244,10914,12612,13669,9015,4497
"39089",2018,5374,5668,6016,3606,2613,5603,5957,5090,3495,2212,10977,11625,11106,7101,4825
"39093",2018,9261,9228,10396,6465,3514,8448,9350,9257,5858,4168,17709,18578,19653,12323,7682
"39095",2018,14003,13567,14783,8345,6287,13034,12288,14636,7906,4883,27037,25855,29419,16251,11170
"39099",2018,6331,7050,5795,4831,3566,5907,5304,6332,4594,2987,12238,12354,12127,9425,6553
"39101",2018,1768,2242,1847,1246,763,1987,2087,1695,1086,785,3755,4329,3542,2332,1548
"39103",2018,5132,5480,6430,4256,1936,4591,4732,6005,3630,1960,9723,10212,12435,7886,3896
"39109",2018,2906,4011,3836,2309,1032,3240,3476,2733,2275,1057,6146,7487,6569,4584,2089
"39113",2018,17398,14620,18554,10493,7272,15199,16865,14741,9674,6500,32597,31485,33295,20167,13772
"39119",2018,2552,2665,2794,1998,961,2713,2088,3350,1523,936,5265,4753,6144,3521,1897
"39133",2018,4190,5141,3140,2842,3199,3313,4096,4211,2671,5082,7503,9237,7351,5513,8281
"39139",2018,2960,3417,4021,2487,1421,4121,3062,3897,1880,1035,7081,6479,7918,4367,2456
"39141",2018,2210,2288,2125,1505,873,1832,2016,2264,1900,634,4042,4304,4389,3405,1507
"39145",2018,2069,2658,1887,1594,1203,2143,2316,2282,1554,1004,4212,4974,4169,3148,2207
"39151",2018,10284,12405,10948,6988,4630,10442,10270,11513,6833,4850,20726,22675,22461,13821,9480
"39153",2018,15004,16455,15889,10101,6584,14723,14071,16587,10296,6764,29727,30526,32476,20397,13348
"39155",2018,5841,5396,5905,3686,2162,5216,4380,6572,3681,1817,11057,9776,12477,7367,3979
"39157",2018,2952,2739,2892,1789,1153,2697,3531,2405,2054,829,5649,6270,5297,3843,1982
"39165",2018,6513,7105,10192,5269,2649,6580,5563,9913,5420,3419,13093,12668,20105,10689,6068
"39169",2018,3686,3569,4577,2527,1680,3623,4277,3555,2278,1719,7309,7846,8132,4805,3399
"39173",2018,3435,3871,3703,2255,3184,3644,3455,3673,2346,3776,7079,7326,7376,4601,6960
"40017",2018,5484,4910,5692,2762,1728,4712,5419,5760,3032,1622,10196,10329,11452,5794,3350
"40027",2018,7711,8852,8809,5296,5581,7415,9063,8088,5377,5169,15126,17915,16897,10673,10750
"40031",2018,4050,3927,4153,2111,2937,4120,3102,4586,2286,918,8170,7029,8739,4397,3855
"40037",2018,2360,2374,2572,1485,934,2185,2420,2223,1443,820,4545,4794,4795,2928,1754
"40101",2018,2208,2271,2636,1403,1035,2110,1921,2459,1632,569,4318,4192,5095,3035,1604
"40109",2018,30680,27441,30369,15788,9921,28638,28306,26872,15282,9055,59318,55747,57241,31070,18976
"40119",2018,2055,2545,1972,1694,3012,2234,1989,2464,1255,2900,4289,4534,4436,2949,5912
"40125",2018,2131,2372,2334,1534,1093,2234,2138,2896,1514,1060,4365,4510,5230,3048,2153
"40131",2018,2812,3382,2840,1982,1157,2509,2674,3195,2085,1038,5321,6056,6035,4067,2195
"40143",2018,23910,22667,23906,13515,8164,22402,21196,23573,12872,7970,46312,43863,47479,26387,16134
"40145",2018,2377,2536,3282,1854,1055,2288,2882,2831,1453,944,4665,5418,6113,3307,1999
"41003",2018,2101,1835,2628,1306,3076,1706,1589,2156,1449,3156,3807,3424,4784,2755,6232
"41005",2018,11925,12682,14043,7776,4249,10543,11226,13164,8205,4095,22468,23908,27207,15981,8344
"41017",2018,4675,5266,6673,3490,1716,4916,5176,5330,3603,1483,9591,10442,12003,7093,3199
"41019",2018,2555,3604,2616,1972,1189,2841,2228,3650,1885,1077,5396,5832,6266,3857,2266
"41029",2018,6139,6367,6537,3342,1836,5568,6401,5818,4399,2004,11707,12768,12355,7741,3840
"41033",2018,2529,1926,2953,1642,961,1750,2531,2004,1505,1000,4279,4457,4957,3147,1961
"41035",2018,2030,2809,1521,1214,1279,1800,2016,2102,1494,786,3830,4825,3623,2708,2065
"41039",2018,9682,9650,10591,6203,6369,8630,8814,10947,5384,6015,18312,18464,21538,11587,12384
"41043",2018,3949,3597,4232,2651,1210,3508,4188,3430,2385,1256,7457,7785,7662,5036,2466
"41047",2018,11823,11400,13249,7977,4464,10943,10609,12631,7338,4523,22766,22009,25880,15315,8987
"41051",2018,23211,20635,22279,12721,8800,21446,21819,19486,11303,8410,44657,42454,41765,24024,17210
"41053",2018,1921,2769,3192,1525,1625,2690,1683,3345,2110,953,4611,4452,6537,3635,2578
"41059",2018,1963,2946,2903,1635,1112,3096,2795,3027,1524,922,5059,5741,5930,3159,2034
"41067",2018,18354,19023,20566,11999,6571,17456,19870,17574,11774,6498,35810,38893,38140,23773,13069
"41071",2018,2659,2818,4277,2030,1703,3451,3772,2536,2173,2093,6110,6590,6813,4203,3796
"42001",2018,2644,2908,3576,1904,1597,2900,1773,3677,1785,1327,5544,4681,7253,3689,2924
"42003",2018,32576,31090,32876,19529,16009,31451,28074,32891,19262,15927,64027,59164,65767,38791,31936
"42005",2018,1636,1899,1902,995,733,1430,1517,1866,1097,613,3066,3416,3768,2092,1346
"42007",2018,4257,4693,4259,2602,1632,4462,4113,4692,2756,1289,8719,8806,8951,5358,2921
"42011",2018,11827,12226,14583,8375,6637,12261,13242,12647,8469,6550,24088,25468,27230,16844,13187
"42013",2018,3146,3510,3495,2198,1618,2958,4032,2728,2193,1520,6104,7542,6223,4391,3138
"42017",2018,15790,16466,20624,12512,7533,14946,15281,20275,12320,6397,30736,31747,40899,24832,13930
"42019",2018,4878,5309,5734,3447,2798,4599,3964,6405,3179,2621,9477,9273,12139,6626,5419
"42021",2018,3297,3206,4051,2248,1784,3165,2597,4235,2427,2058,6462,5803,8286,4675,3842
"42025",2018,1525,1222,1951,1264,608,1631,1009,2582,1048,534,3156,2231,4533,2312,1142
"42027",2018,3452,3017,3768,2232,6217,3010,3327,3476,2245,5913,6462,6344,7244,4477,12130
"42029",2018,14835,17454,17286,11177,6605,14210,16441,16822,10483,8061,29045,33895,34108,21660,14666
"42033",2018,1951,2474,2019,1334,749,1836,1605,2271,1191,645,3787,4079,4290,2525,1394
"42037",2018,1818,1727,1375,996,1457,1407,1477,1638,942,1530,3225,3204,3013,1938,2987
"42039",2018,2323,2366,2581,1739,1280,2498,1737,2870,1623,1220,4821,4103,5451,3362,2500
"42041",2018,7388,5882,8592,4438,3499,6166,7719,6445,4179,3882,13554,13601,15037,8617,7381
"42043",2018,8927,8331,9335,5492,3138,8262,8357,8539,5111,2653,17189,16688,17874,10603,5791
"42045",2018,17241,18503,16527,11289,8652,15955,16926,16856,10466,8619,33196,35429,33383,21755,17271
"42049",2018,6808,8406,8204,5660,4777,8103,7406,8727,4793,3922,14911,15812,16931,10453,8699
"42051",2018,3313,3496,3531,2128,1175,3541,3460,3366,2079,1031,6854,6956,6897,4207,2206
"42055",2018,4816,4156,5859,3004,1615,4319,4227,5511,2611,2231,9135,8383,11370,5615,3846
"42063",2018,2030,2478,1836,1325,2397,1911,1564,2345,1329,2181,3941,4042,4181,2654,4578
"42069",2018,5160,6055,6378,4060,3243,5969,5596,6334,3626,3020,11129,11651,12712,7686,6263
"42071",2018,18065,17026,19141,10932,7580,17162,15383,19673,10329,8110,35227,32409,38814,21261,15690
"42073",2018,2066,2151,2413,1924,890,2295,1900,2697,1349,1310,4361,4051,5110,3273,2200
"42075",2018,3865,3999,5432,2936,1939,4222,4564,4512,2611,1867,8087,8563,9944,5547,3806
"42077",2018,11516,10947,13232,7335,4667,10321,11924,11277,6667,4655,21837,22871,24509,14002,9322
"42079",2018,7960,7307,10572,5771,4112,8290,7660,9630,5578,4159,16250,14967,20202,11349,8271
"42081",2018,2928,2606,3923,1715,2595,3359,2939,3359,2488,1759,6287,5545,7282,4203,4354
"42085",2018,2699,2805,3812,1941,1790,2555,2537,2897,2001,1739,5254,5342,6709,3942,3529
"42089",2018,3329,5659,4458,3563,3341,3438,3921,5330,3788,2984,6767,9580,9788,7351,6325
"42091",2018,23335,24862,26620,16228,9764,22141,23841,25507,15598,9490,45476,48703,52127,31826,19254
"42095",2018,7248,8814,9510,5952,5981,7083,7870,8794,5653,4137,14331,16684,18304,11605,10118
"42097",2018,2181,3263,1803,1689,759,2381,2416,2534,1533,829,4562,5679,4337,3222,1588
"42101",2018,53455,46357,49130,26266,21911,50786,47180,45656,25261,23251,104241,93537,94786,51527,45162
"42107",2018,3415,3821,4580,2885,1283,3338,2550,5160,2441,1174,6753,6371,9740,5326,2457
"42111",2018,1757,2100,1595,1272,701,1598,1649,1941,1182,643,3355,3749,3536,2454,1344
"42125",2018,4898,6364,5346,3393,2938,5161,5892,5708,3479,2556,10059,12256,11054,6872,5494
"42129",2018,7813,9121,9478,6396,3731,7725,8326,9601,5659,3565,15538,17447,19079,12055,7296
"42133",2018,13469,13076,15403,9156,6050,12011,13666,13839,8320,5430,25480,26742,29242,17476,11480
"44003",2018,4035,4367,5053,3190,1209,3717,4385,3283,2846,1227,7752,8752,8336,6036,2436
"44005",2018,1737,1492,2758,1375,829,1376,1729,1753,1375,1646,3113,3221,4511,2750,2475
"44007",2018,18571,19062,17284,11443,10391,17746,18471,16198,11182,11186,36317,37533,33482,22625,21577
"44009",2018,2572,2740,3037,2188,3191,2481,2326,3005,2059,3910,5053,5066,6042,4247,7101
"45003",2018,5742,5711,4655,3943,2902,5036,3887,5546,2144,2063,10778,9598,10201,6087,4965
"45007",2018,6331,6281,7012,4162,2831,5785,5699,6379,3777,2592,12116,11980,13391,7939,5423
"45013",2018,4244,5842,4227,2581,4009,5360,3880,5868,3249,1392,9604,9722,10095,5830,5401
"45015",2018,7905,8788,6691,4396,4023,6471,8369,6265,3857,2391,14376,17157,12956,8253,6414
"45019",2018,11480,10469,12619,6522,5718,12132,10581,10629,5543,5022,23612,21050,23248,12065,10740
"45031",2018,2074,1515,3950,1431,1456,832,1708,2155,1260,1249,2906,3223,6105,2691,2705
"45035",2018,4730,7708,4216,3706,2318,4832,5275,5527,3220,2521,9562,12983,9743,6926,4839
"45041",2018,4217,3937,5271,2760,1807,4436,4062,5446,2567,2486,8653,7999,10717,5327,4293
"45045",2018,16426,16915,17160,10302,6183,15172,15422,17194,9439,6121,31598,32337,34354,19741,12304
"45047",2018,1201,1713,2515,1779,1167,2632,1980,2063,1539,1344,3833,3693,4578,3318,2511
"45051",2018,8486,7774,10275,5777,4855,7476,8916,8008,4880,4611,15962,16690,18283,10657,9466
"45055",2018,2691,2558,2262,1224,1278,1173,1406,2174,1627,653,3864,3964,4436,2851,1931
"45057",2018,2702,3389,2593,1682,1682,2747,2831,4038,1157,1192,5449,6220,6631,2839,2874
"45059",2018,2012,2149,2183,1943,1343,1745,1214,2731,583,858,3757,3363,4914,2526,2201
"45063",2018,8517,9881,10232,5874,3244,8747,8881,10343,5991,3032,17264,18762,20575,11865,6276
"45073",2018,2195,2466,2205,1270,1149,1503,2484,1888,1575,517,3698,4950,4093,2845,1666
"45075",2018,2267,2334,3390,1428,848,2380,2236,2941,1776,1504,4647,4570,6331,3204,2352
"45077",2018,3513,3655,3573,2243,3793,2883,2147,3626,2002,3291,6396,5802,7199,4245,7084
"45079",2018,11865,11622,13294,8169,10565,12033,13717,10555,7210,9385,23898,25339,23849,15379,19950
"45083",2018,9192,9434,10921,6255,4590,8481,10406,11676,6007,4106,17673,19840,22597,12262,8696
"45085",2018,4112,3259,3751,2005,1759,2962,2858,4100,2097,1152,7074,6117,7851,4102,2911
"45091",2018,8057,10471,9602,6279,3687,7904,10166,9088,4930,3779,15961,20637,18690,11209,7466
"46099",2018,7138,7640,7015,3637,2660,7339,5900,6535,3847,2123,14477,13540,13550,7484,4783
"46103",2018,3957,2635,4633,2297,1742,3123,2840,3289,2530,1030,7080,5475,7922,4827,2772
"47001",2018,2152,2694,1656,1389,1157,2005,2165,2727,1359,922,4157,4859,4383,2748,2079
"47009",2018,3622,4568,3517,2831,1518,3008,4113,2870,2595,1601,6630,8681,6387,5426,3119
"47011",2018,3248,3015,3938,2352,1702,2932,1911,3815,2019,1501,6180,4926,7753,4371,3203
"47037",2018,23026,20188,18756,10668,9179,22562,20494,17842,10063,9275,45588,40682,36598,20731,18454
"47059",2018,1732,1265,2540,1168,964,1580,1662,1844,1272,778,3312,2927,4384,2440,1742
"47065",2018,10574,10763,11089,6433,4769,10157,10490,10062,6196,4898,20731,21253,21151,12629,9667
"47093",2018,13277,14570,13504,8098,7193,13092,12897,14287,7816,6766,26369,27467,27791,15914,13959
"47113",2018,2951,2228,4129,2182,1607,3338,2882,2812,1372,1242,6289,5110,6941,3554,2849
"47119",2018,3218,3284,3169,2174,1212,2754,2196,3989,1332,767,5972,5480,7158,3506,1979
"47125",2018,8601,7302,7770,4623,2775,8286,7757,7075,3526,3109,16887,15059,14845,8149,5884
"47141",2018,1912,2262,1575,1796,1789,2169,2024,2716,1589,1212,4081,4286,4291,3385,3001
"47147",2018,2245,2230,2617,1368,966,2177,2231,2556,1507,808,4422,4461,5173,2875,1774
"47149",2018,11674,12158,10670,6294,5292,9594,12459,10338,6699,5276,21268,24617,21008,12993,10568
"47155",2018,3099,2808,3501,1756,1011,2436,1926,2919,1729,1581,5535,4734,6420,3485,2592
"47157",2018,32858,30990,35221,19266,11915,32125,29877,34113,18739,11069,64983,60867,69334,38005,22984
"47163",2018,3660,4622,4456,2652,1756,3748,3479,5402,2769,1687,7408,8101,9858,5421,3443
"47165",2018,5765,6802,7244,3820,1999,5687,6088,5120,3390,2156,11452,12890,12364,7210,4155
"47179",2018,3439,3631,3101,2221,1920,2510,2761,4581,1811,2225,5949,6392,7682,4032,4145
"47187",2018,6451,9308,10314,6191,3599,6699,8579,9648,5898,2801,13150,17887,19962,12089,6400
"47189",2018,4196,4486,5996,3255,2046,3978,5564,3391,2791,1268,8174,10050,9387,6046,3314
"48005",2018,3372,2002,4530,2054,1247,2334,2967,3225,1617,1114,5706,4969,7755,3671,2361
"48021",2018,3367,2752,3377,2022,2226,2580,2578,3401,2017,1145,5947,5330,6778,4039,3371
"48027",2018,15349,13664,14034,7606,5475,14402,13065,13462,7111,4570,29751,26729,27496,14717,10045
"48029",2018,72336,66763,76864,42422,31242,69781,64274,74335,41494,28209,142117,131037,151199,83916,59451
"48037",2018,2839,2609,3872,1935,935,3215,2778,3682,1758,634,6054,5387,7554,3693,1569
"48039",2018,13169,14286,14101,8788,4284,12495,13422,14150,7563,5269,25664,27708,28251,16351,9553
"48041",2018,7405,5825,7325,4016,7334,6343,6856,5996,3137,8218,13748,12681,13321,7153,15552
"48061",2018,17507,19322,17543,11345,7087,16868,15828,19014,11335,6519,34375,35150,36557,22680,13606
"48085",2018,31788,34730,41998,24288,13058,30503,32233,41951,22986,11203,62291,66963,83949,47274,24261
"48091",2018,4469,4709,4996,3290,2317,4199,4885,4270,2855,1422,8668,9594,9266,6145,3739
"48099",2018,2412,2263,2762,1129,1421,2583,1858,2765,1446,879,4995,4121,5527,2575,2300
"48113",2018,100785,94536,100262,56136,34508,96117,94548,92362,54909,33594,196902,189084,192624,111045,68102
"48121",2018,27493,28606,33024,19268,11609,26277,30445,28441,18442,12319,53770,59051,61465,37710,23928
"48135",2018,7988,7471,6096,3384,2875,7119,6297,6639,3940,2228,15107,13768,12735,7324,5103
"48139",2018,6161,7525,6929,3996,2506,5395,6818,6362,4562,2196,11556,14343,13291,8558,4702
"48141",2018,32519,30690,33221,19812,12950,30683,27530,34668,18978,12706,63202,58220,67889,38790,25656
"48157",2018,27519,31111,31935,19340,10344,26944,28147,32106,18722,9720,54463,59258,64041,38062,20064
"48167",2018,11122,12605,10966,7612,4909,10317,9097,13683,6354,3435,21439,21702,24649,13966,8344
"48181",2018,4011,3572,5952,2748,1606,4092,3397,4838,2736,2192,8103,6969,10790,5484,3798
"48183",2018,4075,4406,4609,2270,1791,4617,2723,6161,2855,1745,8692,7129,10770,5125,3536
"48187",2018,5153,5798,6722,3593,3700,5092,6619,4375,3668,2389,10245,12417,11097,7261,6089
"48201",2018,180628,167121,186731,103411,62714,173743,167438,173892,98720,58579,354371,334559,360623,202131,121293
"48203",2018,1441,3161,2090,1645,767,1802,1935,2765,2053,1564,3243,5096,4855,3698,2331
"48209",2018,7373,6614,7738,3585,4794,6619,7229,6498,4272,5194,13992,13843,14236,7857,9988
"48213",2018,2062,1674,3341,958,1154,2471,3328,2423,1418,854,4533,5002,5764,2376,2008
"48215",2018,39736,40011,41173,23232,15311,37434,35380,40321,24005,14161,77170,75391,81494,47237,29472
"48231",2018,3192,2790,3926,2148,1812,3028,2651,3654,1659,2281,6220,5441,7580,3807,4093
"48245",2018,8839,7187,9998,4786,3111,8766,8273,8881,4605,3582,17605,15460,18879,9391,6693
"48251",2018,6029,7835,4887,3809,2247,5769,5798,6578,3716,1944,11798,13633,11465,7525,4191
"48257",2018,4412,5049,4997,2807,2302,4872,4430,5631,3583,2207,9284,9479,10628,6390,4509
"48291",2018,2878,3044,4668,1931,1085,2992,3096,2055,2205,1268,5870,6140,6723,4136,2353
"48303",2018,10624,10995,9491,6004,8052,10111,10355,9743,5796,6853,20735,21350,19234,11800,14905
"48309",2018,9159,7217,10483,5541,5117,8510,8278,8627,5218,5103,17669,15495,19110,10759,10220
"48329",2018,7726,5786,7132,3802,1424,6991,7714,6891,3237,2687,14717,13500,14023,7039,4111
"48339",2018,21426,21432,23742,14324,7253,18954,19764,23737,12355,7067,40380,41196,47479,26679,14320
"48347",2018,2687,1851,2521,1128,1765,1549,2635,1490,1489,2746,4236,4486,4011,2617,4511
"48355",2018,12508,11051,14510,7932,6207,11899,13310,10792,6908,5942,24407,24361,25302,14840,12149
"48361",2018,3223,2146,3343,2246,619,3085,2511,2679,1570,1201,6308,4657,6022,3816,1820
"48367",2018,4463,4728,5129,3062,2619,4041,4587,4994,3223,1568,8504,9315,10123,6285,4187
"48375",2018,4619,4910,4854,2170,1390,4599,4052,5048,2543,1448,9218,8962,9902,4713,2838
"48381",2018,4374,4827,4551,2972,2248,4172,3919,5087,2592,2339,8546,8746,9638,5564,4587
"48397",2018,2656,4062,4781,2348,948,3254,3994,3664,2411,1098,5910,8056,8445,4759,2046
"48409",2018,2404,2932,2305,1739,1102,2309,2100,2596,1360,715,4713,5032,4901,3099,1817
"48423",2018,8326,8482,7820,5226,3565,7541,7057,7963,4144,3484,15867,15539,15783,9370,7049
"48439",2018,75019,73680,83589,46595,27967,71508,77491,74892,45859,27751,146527,151171,158481,92454,55718
"48441",2018,4822,3840,5721,2576,2928,5135,4717,4736,2664,3263,9957,8557,10457,5240,6191
"48451",2018,4115,3777,4613,2180,2224,3924,2973,4611,1988,2381,8039,6750,9224,4168,4605
"48453",2018,40056,36519,39548,21513,16293,38339,36648,36740,21172,15436,78395,73167,76288,42685,31729
"48469",2018,3067,2679,4154,1510,1340,3070,2372,4069,2773,1340,6137,5051,8223,4283,2680
"48471",2018,1542,1950,1650,792,1724,1134,1391,1716,752,2277,2676,3341,3366,1544,4001
"48479",2018,13388,10986,13898,7820,5205,12623,11682,12909,7353,4695,26011,22668,26807,15173,9900
"48485",2018,4153,3895,4503,1726,4276,4198,3785,4374,2918,2524,8351,7680,8877,4644,6800
"48491",2018,19005,19765,23167,12581,6845,17803,20946,19603,12497,7615,36808,40711,42770,25078,14460
"48497",2018,2101,1863,2866,1693,1200,2280,2404,2321,1314,1300,4381,4267,5187,3007,2500
"49005",2018,5549,6568,4206,3233,2148,5451,5009,5702,2930,3126,11000,11577,9908,6163,5274
"49011",2018,15719,16090,17449,9240,5149,14024,14852,16535,9064,4193,29743,30942,33984,18304,9342
"49035",2018,43389,43867,45212,26091,15237,42944,41602,44759,25023,13922,86333,85469,89971,51114,29159
"49045",2018,2895,2599,4265,2191,1031,2647,2582,3908,1803,1146,5542,5181,8173,3994,2177
"49049",2018,29763,29874,30218,16962,12883,28747,25841,30602,15703,13497,58510,55715,60820,32665,26380
"49053",2018,6013,6227,7086,4179,2141,4761,6869,5902,3688,2197,10774,13096,12988,7867,4338
"49057",2018,9605,10861,9913,6123,3325,9482,10249,10357,5930,3437,19087,21110,20270,12053,6762
"50007",2018,3717,3816,4238,2918,4398,3189,4041,4948,2298,4420,6906,7857,9186,5216,8818
"51003",2018,3323,3168,2653,1735,3208,3028,2158,3725,1737,2306,6351,5326,6378,3472,5514
"51013",2018,7216,6568,5716,3346,1361,7020,5323,5455,2369,1919,14236,11891,11171,5715,3280
"51015",2018,1678,1325,2999,1247,705,1771,1963,2212,1167,916,3449,3288,5211,2414,1621
"51019",2018,1853,2477,1970,1668,887,1705,2169,2187,1690,465,3558,4646,4157,3358,1352
"51041",2018,11621,11753,12209,7826,4079,9137,11080,11711,7383,5097,20758,22833,23920,15209,9176
"51059",2018,37427,37433,39662,23156,14088,35662,36678,36706,22374,12611,73089,74111,76368,45530,26699
"51061",2018,2232,1790,2472,1846,816,1928,1758,3260,1322,718,4160,3548,5732,3168,1534
"51069",2018,2521,2781,3848,1874,1151,2105,3146,2468,1916,925,4626,5927,6316,3790,2076
"51085",2018,2591,3247,4503,2180,1424,1954,3523,3246,2470,1470,4545,6770,7749,4650,2894
"51087",2018,10572,9945,11348,6242,4082,9105,11972,8596,6688,3037,19677,21917,19944,12930,7119
"51095",2018,1269,1508,2410,1417,1258,2215,3077,2220,1381,1104,3484,4585,4630,2798,2362
"51107",2018,14590,16715,17387,9878,4519,14322,14717,17865,9484,4468,28912,31432,35252,19362,8987
"51121",2018,1778,1960,2297,1334,5517,1782,1547,2282,1324,4775,3560,3507,4579,2658,10292
"51153",2018,18247,16505,20615,10508,5940,16654,16253,18230,10637,5201,34901,32758,38845,21145,11141
"51161",2018,2023,3288,3029,1658,1035,1998,2202,2623,2029,1220,4021,5490,5652,3687,2255
"51165",2018,2195,2650,2704,1410,1227,2196,2658,2255,1722,1415,4391,5308,4959,3132,2642
"51177",2018,4841,4912,4502,3321,1878,3389,4511,4585,3128,1749,8230,9423,9087,6449,3627
"51179",2018,4925,5637,5609,3331,2011,4980,4651,6358,3756,2050,9905,10288,11967,7087,4061
"51199",2018,1744,2114,2255,715,1073,2193,2457,2644,2034,1126,3937,4571,4899,2749,2199
"51510",2018,5593,4938,2658,1846,2277,5471,3295,3692,1942,977,11064,8233,6350,3788,3254
"51550",2018,7342,8348,8412,4934,3042,7730,9175,7339,4919,3152,15072,17523,15751,9853,6194
"51650",2018,4294,3249,4043,2249,1669,4050,2888,4418,2352,2593,8344,6137,8461,4601,4262
"51680",2018,2698,2929,1206,702,2074,2828,1679,2970,992,3387,5526,4608,4176,1694,5461
"51700",2018,6505,5428,6092,3873,4116,6211,5000,5603,2566,2893,12716,10428,11695,6439,7009
"51710",2018,8125,6004,6895,3139,5398,7771,6318,6174,3348,5160,15896,12322,13069,6487,10558
"51740",2018,3470,3996,2477,1676,1173,3382,3238,2162,1449,933,6852,7234,4639,3125,2106
"51760",2018,6630,3936,5942,3048,3717,6549,5484,5025,3093,4697,13179,9420,10967,6141,8414
"51770",2018,4225,3469,2537,1561,851,3086,3407,2302,1642,804,7311,6876,4839,3203,1655
"51800",2018,3018,3074,3250,2450,821,2863,2780,3448,1197,739,5881,5854,6698,3647,1560
"51810",2018,14343,14530,13738,8344,4665,13745,13494,13388,7857,4709,28088,28024,27126,16201,9374
"53005",2018,6973,7428,7689,4500,2681,7037,8122,7452,4798,2583,14010,15550,15141,9298,5264
"53007",2018,2434,3198,2313,1105,335,2305,2975,2049,1674,593,4739,6173,4362,2779,928
"53009",2018,1934,1672,2145,1139,992,1396,1751,2071,967,783,3330,3423,4216,2106,1775
"53011",2018,15492,15684,18110,10217,5443,13895,15690,16134,9567,5215,29387,31374,34244,19784,10658
"53015",2018,3527,2858,3952,2329,1404,3500,2896,4110,2221,1054,7027,5754,8062,4550,2458
"53021",2018,4393,4100,4668,2334,1362,4005,4570,4618,2231,1278,8398,8670,9286,4565,2640
"53025",2018,3639,3534,4949,2189,1606,3708,3862,4218,2191,1756,7347,7396,9167,4380,3362
"53027",2018,1485,2093,1665,1749,1077,1771,2112,2184,2040,788,3256,4205,3849,3789,1865
"53029",2018,2176,1328,2725,1202,1126,2160,1955,2343,795,659,4336,3283,5068,1997,1785
"53033",2018,66357,66796,61871,35574,24184,63023,62968,60573,35698,23168,129380,129764,122444,71272,47352
"53035",2018,8334,8062,7706,4286,2824,7260,7838,6989,4781,1862,15594,15900,14695,9067,4686
"53041",2018,2787,2054,2609,1510,1184,2117,1906,2730,1286,767,4904,3960,5339,2796,1951
"53045",2018,1103,2402,1542,1026,725,2117,1665,1857,826,800,3220,4067,3399,1852,1525
"53053",2018,30603,33023,27245,16549,10626,28720,28610,28603,15918,10138,59323,61633,55848,32467,20764
"53057",2018,4156,4875,3046,1952,1455,3653,2710,4913,2672,989,7809,7585,7959,4624,2444
"53061",2018,26699,24693,27681,14715,8667,24908,25108,25379,15363,7464,51607,49801,53060,30078,16131
"53063",2018,15457,15707,16845,9456,7418,16109,14483,16592,9404,7312,31566,30190,33437,18860,14730
"53067",2018,8845,8517,9039,4830,2853,7668,7986,8974,5522,3083,16513,16503,18013,10352,5936
"53073",2018,6505,6705,5903,3404,4314,5296,6176,7145,2985,4903,11801,12881,13048,6389,9217
"53077",2018,10493,12022,9399,5983,3793,9889,9281,11627,5756,3474,20382,21303,21026,11739,7267
"54003",2018,3450,3585,4434,3005,1048,3431,3280,3483,2563,977,6881,6865,7917,5568,2025
"54011",2018,2316,2587,2819,1663,1510,2602,2217,2813,1427,1906,4918,4804,5632,3090,3416
"54033",2018,1754,1758,2305,1627,604,1657,1897,1701,1303,1228,3411,3655,4006,2930,1832
"54039",2018,5068,6150,3958,3245,1712,4440,4526,4865,3000,1911,9508,10676,8823,6245,3623
"54061",2018,2737,2556,2781,1384,3445,2349,1956,2760,1174,2727,5086,4512,5541,2558,6172
"54081",2018,2131,1658,3024,1378,1314,1700,1934,2623,1268,547,3831,3592,5647,2646,1861
"54107",2018,2467,2108,2958,1578,799,2336,2199,2712,1454,848,4803,4307,5670,3032,1647
"55009",2018,8856,9294,8634,5259,4145,7979,7771,9896,5015,3391,16835,17065,18530,10274,7536
"55025",2018,15682,13643,17899,8859,7916,14908,14641,15710,9529,8816,30590,28284,33609,18388,16732
"55027",2018,1926,2350,2892,1575,826,1808,1879,2904,2047,740,3734,4229,5796,3622,1566
"55035",2018,3160,3047,3018,1897,1728,2856,2344,3088,1572,2735,6016,5391,6106,3469,4463
"55039",2018,3376,2664,3252,1954,1106,3214,2893,2751,1926,1159,6590,5557,6003,3880,2265
"55055",2018,2119,2555,2759,1892,1758,2090,2008,2622,2009,1524,4209,4563,5381,3901,3282
"55059",2018,5148,5035,6064,4136,2505,4216,4279,6301,3406,2909,9364,9314,12365,7542,5414
"55063",2018,3003,3103,3420,2154,2194,3258,2813,3736,1896,2961,6261,5916,7156,4050,5155
"55071",2018,2065,2799,2173,1401,846,1839,2533,1717,1538,702,3904,5332,3890,2939,1548
"55073",2018,3891,3931,4700,2773,1549,3923,4576,4246,2807,1468,7814,8507,8946,5580,3017
"55079",2018,33061,31279,33590,18006,13516,31633,30649,31420,17795,12858,64694,61928,65010,35801,26374
"55087",2018,5825,7290,5635,3408,2270,6142,6605,5288,3934,1684,11967,13895,10923,7342,3954
"55089",2018,2485,2731,2855,1889,855,2083,2161,2872,1885,1237,4568,4892,5727,3774,2092
"55097",2018,1824,1942,2235,1255,1639,1665,1763,2055,1190,1619,3489,3705,4290,2445,3258
"55101",2018,5934,6668,6247,4564,2144,5953,5242,7359,3383,2357,11887,11910,13606,7947,4501
"55105",2018,5518,5764,5558,3210,2236,4334,4570,5016,3456,2200,9852,10334,10574,6666,4436
"55109",2018,2557,2983,3536,2176,1021,2629,2349,4175,2098,953,5186,5332,7711,4274,1974
"55117",2018,2904,3920,4197,2538,1603,2560,2983,3992,2088,1342,5464,6903,8189,4626,2945
"55127",2018,2981,3022,3113,1963,2116,2109,2356,3581,2117,1938,5090,5378,6694,4080,4054
"55131",2018,3650,4391,3951,2715,1483,3917,3704,4706,2721,1538,7567,8095,8657,5436,3021
"55133",2018,10859,11583,13285,8979,5159,9994,11215,12984,7798,4350,20853,22798,26269,16777,9509
"55139",2018,4995,4777,4780,2925,2936,4311,4890,5099,3123,2750,9306,9667,9879,6048,5686
"55141",2018,2133,1752,2615,1302,681,2100,2635,1578,1551,862,4233,4387,4193,2853,1543
"56021",2018,3369,3095,3209,1488,1253,2931,3120,3631,2279,1505,6300,6215,6840,3767,2758
"56025",2018,2708,2080,3344,1883,947,2248,2940,2180,1531,1006,4956,5020,5524,3414,1953
"72013",2018,1694,1561,2736,1674,1106,1546,2215,1951,1423,881,3240,3776,4687,3097,1987
"72021",2018,3460,4009,4710,3024,2347,3214,3511,4733,2994,2047,6674,7520,9443,6018,4394
"72025",2018,2326,2929,3925,2446,1683,2306,3067,3595,2359,1584,4632,5996,7520,4805,3267
"72031",2018,2863,4239,3302,2775,1939,2843,3559,3936,2687,1930,5706,7798,7238,5462,3869
"72061",2018,1761,1831,2071,1895,489,1195,1717,2012,863,935,2956,3548,4083,2758,1424
"72097",2018,1330,2218,1365,1359,1593,1225,1652,1788,1249,1491,2555,3870,3153,2608,3084
"72113",2018,3034,3730,3830,2517,1872,2876,3978,3325,2382,1783,5910,7708,7155,4899,3655
"72127",2018,6667,8155,7499,5695,3982,6427,7916,7648,5769,4515,13094,16071,15147,11464,8497
"72135",2018,1740,1869,2374,1522,1075,964,2127,2052,1433,1039,2704,3996,4426,2955,2114
"72137",2018,1544,1347,2751,1414,1093,1440,2221,1838,1454,1005,2984,3568,4589,2868,2098
"72139",2018,1684,1765,1966,1291,548,628,1831,1648,1140,985,2312,3596,3614,2431,1533
"01003",2019,5735,5849,8901,5219,2451,4881,6977,5472,3869,2871,10616,12826,14373,9088,5322
"01015",2019,3359,3007,3617,2518,1851,3340,2527,4157,1949,1223,6699,5534,7774,4467,3074
"01043",2019,2323,2534,2846,1540,862,2987,2029,3060,1494,695,5310,4563,5906,3034,1557
"01049",2019,1942,2752,2976,1237,1229,2636,1540,2543,1808,854,4578,4292,5519,3045,2083
"01051",2019,2445,3459,2390,1637,874,1827,3179,1422,1692,693,4272,6638,3812,3329,1567
"01055",2019,3013,2911,3890,1471,1202,2636,3012,3538,1518,917,5649,5923,7428,2989,2119
"01069",2019,3416,2982,3965,2201,1176,3221,2865,3580,2056,1190,6637,5847,7545,4257,2366
"01073",2019,21353,19640,22851,12118,7966,20895,19914,20685,11926,8535,42248,39554,43536,24044,16501
"01077",2019,1982,1999,3349,2106,1239,1980,1712,3513,1645,1371,3962,3711,6862,3751,2610
"01081",2019,5377,7183,3690,3268,3057,3135,5479,3813,2775,4940,8512,12662,7503,6043,7997
"01083",2019,3042,2678,3222,2225,713,2894,2863,3134,2349,2238,5936,5541,6356,4574,2951
"01089",2019,10651,11002,12022,6629,5081,11209,9322,13643,6238,5290,21860,20324,25665,12867,10371
"01095",2019,2392,3024,3472,1916,833,4449,3300,2991,2791,1166,6841,6324,6463,4707,1999
"01097",2019,13469,11570,15031,8304,5428,13975,13459,12786,7748,4900,27444,25029,27817,16052,10328
"01101",2019,7524,6489,9095,4298,3432,6880,8040,6392,4283,3222,14404,14529,15487,8581,6654
"01103",2019,3595,3911,3732,2913,1586,3760,2919,3137,3015,1223,7355,6830,6869,5928,2809
"01115",2019,2289,2169,3440,1910,1140,2716,3464,2223,1965,712,5005,5633,5663,3875,1852
"01117",2019,5672,6602,8542,4354,2445,6016,6662,7664,4737,2711,11688,13264,16206,9091,5156
"01121",2019,2672,1966,3356,1828,1078,1904,1673,2248,1368,1451,4576,3639,5604,3196,2529
"01125",2019,5864,4738,7605,4014,6214,6416,7248,4273,3837,8193,12280,11986,11878,7851,14407
"01127",2019,2067,2031,2142,1521,594,1507,1499,2069,1355,431,3574,3530,4211,2876,1025
"02020",2019,8778,11758,8241,5739,4619,10950,9144,10332,4255,3612,19728,20902,18573,9994,8231
"02090",2019,3426,3722,3693,1936,1997,3303,3261,2337,1326,1173,6729,6983,6030,3262,3170
"02170",2019,4034,4361,4298,2291,1452,3221,4261,3734,2387,1420,7255,8622,8032,4678,2872
"04001",2019,2654,2349,3405,1723,1300,1904,2789,2684,1592,1016,4558,5138,6089,3315,2316
"04003",2019,3494,4374,3553,2147,1803,3361,3577,3884,2613,861,6855,7951,7437,4760,2664
"04005",2019,3368,4866,3851,2877,5841,3532,2883,4778,1850,6588,6900,7749,8629,4727,12429
"04013",2019,140990,141728,161892,92101,61111,135129,141982,150472,88145,58113,276119,283710,312364,180246,119224
"04015",2019,4597,4882,5520,2755,1746,4400,4334,5682,3435,2445,8997,9216,11202,6190,4191
"04017",2019,3637,4112,4358,2206,1438,3811,4003,4658,2337,1040,7448,8115,9016,4543,2478
"04019",2019,29248,28270,33929,19087,16124,27865,32329,27385,17493,16322,57113,60599,61314,36580,32446
"04021",2019,12898,12434,17937,9174,6477,12592,15695,13957,7886,5375,25490,28129,31894,17060,11852
"04025",2019,4981,5878,4909,4040,3457,4240,4521,5736,2862,2491,9221,10399,10645,6902,5948
"04027",2019,7557,7491,7850,4188,3236,7542,6807,7700,4436,3081,15099,14298,15550,8624,6317
"05007",2019,9770,12653,8872,6632,3555,8506,10708,10207,5910,3087,18276,23361,19079,12542,6642
"05031",2019,4143,3985,3455,2245,1737,3068,3350,4070,1820,2197,7211,7335,7525,4065,3934
"05045",2019,3168,4301,4842,2393,2207,3450,3738,4203,2474,3052,6618,8039,9045,4867,5259
"05051",2019,2764,2491,2907,1985,1152,2192,3012,2231,1957,1030,4956,5503,5138,3942,2182
"05069",2019,1243,3092,1371,1390,525,2731,1449,2086,1160,708,3974,4541,3457,2550,1233
"05085",2019,2470,2032,3187,1597,940,2289,1900,3364,1778,578,4759,3932,6551,3375,1518
"05119",2019,13067,12071,13607,7208,4090,12729,13192,11162,7213,4137,25796,25263,24769,14421,8227
"05125",2019,3826,4440,3423,2906,1048,3377,3285,4499,2575,1822,7203,7725,7922,5481,2870
"05131",2019,4455,2952,5513,2542,2514,4067,4292,3766,3085,1055,8522,7244,9279,5627,3569
"05143",2019,8119,8162,8971,5029,5100,7700,8017,7633,4118,5434,15819,16179,16604,9147,10534
"05145",2019,2414,2459,3408,1387,1855,2147,2102,2837,1521,1895,4561,4561,6245,2908,3750
"06001",2019,48598,47995,49668,28168,19683,45765,43900,48821,27183,19756,94363,91895,98489,55351,39439
"06007",2019,6249,6242,6222,3968,4140,5732,6345,6389,3309,4814,11981,12587,12611,7277,8954
"06013",2019,32960,36952,37982,23947,13727,31251,36037,37295,22960,13143,64211,72989,75277,46907,26870
"06017",2019,4842,5364,5525,3442,1852,4202,4720,6667,3609,1436,9044,10084,12192,7051,3288
"06019",2019,38592,40142,42365,22693,14432,36539,37908,41010,22134,13734,75131,78050,83375,44827,28166
"06023",2019,3280,3249,4431,1769,3110,3526,4139,3230,1991,2302,6806,7388,7661,3760,5412
"06025",2019,7290,7871,6857,4216,2675,7187,6718,7244,4215,2672,14477,14589,14101,8431,5347
"06029",2019,34167,37312,38533,21156,13487,33934,33723,39359,20936,12379,68101,71035,77892,42092,25866
"06031",2019,6269,3856,7184,2980,1800,6212,5417,6399,3026,2005,12481,9273,13583,6006,3805
"06033",2019,1531,2006,1863,991,1058,2063,1811,2251,916,1378,3594,3817,4114,1907,2436
"06037",2019,296228,286814,330504,184805,128210,283019,279464,306004,177711,126160,579247,566278,636508,362516,254370
"06039",2019,5739,5936,6471,3724,2040,5620,6959,5189,3502,2315,11359,12895,11660,7226,4355
"06041",2019,5364,6622,8234,5523,3865,5952,6735,8274,4896,2481,11316,13357,16508,10419,6346
"06045",2019,2213,1448,3976,1131,1210,2670,2794,2394,1693,1196,4883,4242,6370,2824,2406
"06047",2019,10299,10954,12695,7279,4949,10779,10228,11817,6729,4454,21078,21182,24512,14008,9403
"06053",2019,15440,15781,16773,9066,6232,14779,15366,16484,9502,6937,30219,31147,33257,18568,13169
"06055",2019,3607,3352,4775,2763,1761,2930,3361,4560,2575,1810,6537,6713,9335,5338,3571
"06057",2019,2682,2520,1712,1192,835,2418,1841,2684,1782,958,5100,4361,4396,2974,1793
"06059",2019,95525,90497,105440,62307,40888,89805,92233,94883,58986,39879,185330,182730,200323,121293,80767
"06061",2019,10702,12524,13823,8381,4000,10327,11340,13536,7525,4907,21029,23864,27359,15906,8907
"06065",2019,80079,83333,96015,54369,35461,75960,79982,91628,52789,34527,156039,163315,187643,107158,69988
"06067",2019,49727,52229,52726,30555,18817,48108,51457,48808,29511,16987,97835,103686,101534,60066,35804
"06071",2019,78027,80228,84682,48881,31763,73704,74955,82623,46538,28748,151731,155183,167305,95419,60511
"06073",2019,104102,98004,104635,59074,48783,99064,94265,99430,56224,42376,203166,192269,204065,115298,91159
"06075",2019,18833,15869,15953,7993,6103,20255,15890,14622,8831,7945,39088,31759,30575,16824,14048
"06077",2019,26684,27265,32681,18147,12408,25244,25596,31216,16926,10109,51928,52861,63897,35073,22517
"06079",2019,6029,5550,8938,3901,4754,6576,5571,7956,4580,7304,12605,11121,16894,8481,12058
"06081",2019,21630,22845,21177,13349,7468,20307,19768,22535,13181,7133,41937,42613,43712,26530,14601
"06083",2019,14240,13094,14979,7650,11134,13198,12258,14755,8110,11629,27438,25352,29734,15760,22763
"06085",2019,57015,53446,66402,35885,23062,54231,54402,59435,35101,21967,111246,107848,125837,70986,45029
"06087",2019,6815,8446,6450,4834,6872,6781,6870,7185,4468,7330,13596,15316,13635,9302,14202
"06089",2019,5687,6069,4946,3375,1929,4687,5506,4945,3603,1463,10374,11575,9891,6978,3392
"06095",2019,13739,12403,16077,8294,5226,12993,13374,13922,8083,4496,26732,25777,29999,16377,9722
"06097",2019,11780,13657,13975,8795,5474,11993,11265,14987,9025,6619,23773,24922,28962,17820,12093
"06099",2019,19635,18184,23860,13051,8181,19763,20841,20253,12186,7617,39398,39025,44113,25237,15798
"06101",2019,3291,4217,3117,2544,1447,3202,3215,3761,1523,1247,6493,7432,6878,4067,2694
"06103",2019,1402,1937,3700,1194,1220,1682,1413,2443,1656,895,3084,3350,6143,2850,2115
"06107",2019,19736,20170,21067,12049,7185,17685,18974,21298,11273,6463,37421,39144,42365,23322,13648
"06111",2019,24115,24504,31032,17078,11700,23208,22161,30769,17424,11347,47323,46665,61801,34502,23047
"06113",2019,5791,5820,6922,3719,6126,5517,6966,5561,4103,7230,11308,12786,12483,7822,13356
"06115",2019,3097,3586,2621,1579,1284,3351,4405,1943,1097,507,6448,7991,4564,2676,1791
"08001",2019,18524,21452,18948,11979,6505,17066,18626,17462,11070,6310,35590,40078,36410,23049,12815
"08005",2019,19366,20167,23806,13521,7112,20846,20622,21138,12962,6396,40212,40789,44944,26483,13508
"08013",2019,6852,8279,9762,6082,7022,7202,7945,9548,5837,6882,14054,16224,19310,11919,13904
"08014",2019,1656,2009,2595,2037,483,1930,2056,2172,1087,771,3586,4065,4767,3124,1254
"08031",2019,21439,17209,21435,10206,7459,20772,18315,19136,10112,7278,42211,35524,40571,20318,14737
"08035",2019,10533,10914,15378,9135,4706,9501,10677,13846,8643,4358,20034,21591,29224,17778,9064
"08041",2019,23922,23436,25375,14302,11088,22920,26363,20761,14190,8529,46842,49799,46136,28492,19617
"08059",2019,15118,14678,17949,10333,6596,14175,15243,15387,10314,5974,29293,29921,33336,20647,12570
"08069",2019,9083,10292,10262,6840,6383,8364,6640,12287,5279,6306,17447,16932,22549,12119,12689
"08077",2019,3867,4199,5479,3012,2300,4595,4276,4746,2561,2606,8462,8475,10225,5573,4906
"08101",2019,4837,5009,5796,3428,2279,4411,5238,5225,3469,2171,9248,10247,11021,6897,4450
"08123",2019,11644,12213,12254,7357,4785,11010,12251,10756,6797,4907,22654,24464,23010,14154,9692
"09001",2019,26245,28498,31910,20129,13019,24915,26670,31993,19302,13370,51160,55168,63903,39431,26389
"09003",2019,24649,25018,27557,17494,11588,23671,25979,25463,16504,11372,48320,50997,53020,33998,22960
"09005",2019,3955,5741,4416,3124,2224,2985,3238,5477,3436,1542,6940,8979,9893,6560,3766
"09007",2019,3193,3568,5084,3361,2364,2600,3345,4145,2757,2231,5793,6913,9229,6118,4595
"09009",2019,22482,22653,26125,15763,12677,21302,23179,23189,15932,12548,43784,45832,49314,31695,25225
"09011",2019,6260,5403,9070,5581,3415,6365,6676,7529,4012,2683,12625,12079,16599,9593,6098
"09013",2019,3007,3246,4392,2698,4032,3454,3496,3428,2654,4468,6461,6742,7820,5352,8500
"09015",2019,3277,3429,3363,2562,2266,2238,3327,3053,1865,1697,5515,6756,6416,4427,3963
"10001",2019,5551,6148,6049,3142,2423,5523,5728,5348,3814,2658,11074,11876,11397,6956,5081
"10003",2019,16111,16372,17045,11110,7776,15682,14124,18808,10105,8309,31793,30496,35853,21215,16085
"10005",2019,5608,5526,6700,3985,2392,5786,6252,5961,3468,1584,11394,11778,12661,7453,3976
"11001",2019,23038,18151,15902,7686,9442,22225,17407,15919,7573,13050,45263,35558,31821,15259,22492
"12001",2019,6853,5571,8667,2857,6148,6962,5375,7521,4662,8569,13815,10946,16188,7519,14717
"12005",2019,4983,3940,6279,2771,1958,4514,5207,4366,3858,1000,9497,9147,10645,6629,2958
"12009",2019,13946,13562,17846,10053,6653,13398,13354,17359,9855,5521,27344,26916,35205,19908,12174
"12011",2019,57089,53048,62976,34548,21213,54935,58218,54881,34243,20104,112024,111266,117857,68791,41317
"12015",2019,2874,3944,2812,1994,599,2421,3533,3019,1760,1439,5295,7477,5831,3754,2038
"12017",2019,2328,2235,4269,1959,838,3435,2751,3187,1649,1143,5763,4986,7456,3608,1981
"12019",2019,6224,8622,6328,4701,2977,5699,5808,7811,5113,2754,11923,14430,14139,9814,5731
"12021",2019,7792,8516,10971,5991,3699,8192,8125,9675,5776,4300,15984,16641,20646,11767,7999
"12023",2019,1765,1813,2126,848,1509,1812,2424,2492,2210,665,3577,4237,4618,3058,2174
"12031",2019,32868,26025,34565,15610,10602,31451,29928,29637,15461,11671,64319,55953,64202,31071,22273
"12033",2019,9411,10846,7597,5237,6027,9602,8951,9458,5127,4357,19013,19797,17055,10364,10384
"12035",2019,1696,2139,3281,1271,731,2828,2590,3593,1667,1488,4524,4729,6874,2938,2219
"12053",2019,4274,4965,5289,3063,2010,4244,4955,6030,2956,2175,8518,9920,11319,6019,4185
"12055",2019,3135,2125,3281,1425,1840,1529,2139,2596,2045,530,4664,4264,5877,3470,2370
"12057",2019,45575,44295,49832,27685,18568,43254,40982,47590,26210,18025,88829,85277,97422,53895,36593
"12061",2019,3083,4059,4072,3740,660,2872,3407,2612,2127,1683,5955,7466,6684,5867,2343
"12069",2019,8911,9614,11924,6245,3095,7941,9970,8624,6332,4072,16852,19584,20548,12577,7167
"12071",2019,17779,18497,20941,12248,8041,16916,18219,18252,11046,7601,34695,36716,39193,23294,15642
"12073",2019,7581,7684,7657,4684,7737,7755,7837,7267,4169,10209,15336,15521,14924,8853,17946
"12081",2019,10321,9471,11260,7679,5003,8000,8189,12030,5370,3305,18321,17660,23290,13049,8308
"12083",2019,9396,9157,10266,5790,3540,8475,7914,10414,5840,4009,17871,17071,20680,11630,7549
"12085",2019,3283,3659,3963,2786,1669,3060,2835,4456,2043,1554,6343,6494,8419,4829,3223
"12086",2019,80438,71735,81401,45936,32215,76759,67670,80446,45294,30377,157197,139405,161847,91230,62592
"12087",2019,1526,1988,1808,815,845,1378,801,1654,538,360,2904,2789,3462,1353,1205
"12089",2019,2752,2857,1800,1648,768,1984,2459,2820,1294,419,4736,5316,4620,2942,1187
"12091",2019,6606,6301,7282,4037,2714,6728,6355,6404,3572,1638,13334,12656,13686,7609,4352
"12095",2019,42991,42805,44654,25902,19881,40703,43481,40034,25444,20267,83694,86286,84688,51346,40148
"12097",2019,12209,10576,16740,8154,4214,10360,10932,13520,8108,4605,22569,21508,30260,16262,8819
"12099",2019,38965,39751,40936,25352,16660,37323,36250,41406,23889,15647,76288,76001,82342,49241,32307
"12101",2019,14853,17316,15655,10085,6137,13511,13982,16981,9573,6354,28364,31298,32636,19658,12491
"12103",2019,21398,21214,22880,13894,8260,20232,19193,23503,13124,7712,41630,40407,46383,27018,15972
"12105",2019,21360,19596,26675,14091,8909,20266,20567,23307,13277,8991,41626,40163,49982,27368,17900
"12107",2019,2172,2742,2440,914,445,1658,1710,2507,1655,586,3830,4452,4947,2569,1031
"12109",2019,5856,7990,9532,4953,2913,6330,8261,8828,5482,3084,12186,16251,18360,10435,5997
"12111",2019,6786,8735,9796,4889,4785,9566,7085,11253,5940,2474,16352,15820,21049,10829,7259
"12113",2019,5412,4894,7688,3187,1967,5113,4669,6174,3058,1524,10525,9563,13862,6245,3491
"12115",2019,7474,6271,11494,5902,4003,7138,7268,9708,5503,2856,14612,13539,21202,11405,6859
"12117",2019,12726,15021,13472,8654,4733,12316,15949,12007,8826,5850,25042,30970,25479,17480,10583
"12119",2019,1661,729,1398,824,776,780,1689,889,1130,1059,2441,2418,2287,1954,1835
"12127",2019,12862,12662,14615,8231,6765,13240,15574,11354,8194,5889,26102,28236,25969,16425,12654
"12131",2019,2275,2445,2009,1334,656,1826,2467,1961,765,934,4101,4912,3970,2099,1590
"13013",2019,2624,2678,3480,2860,1212,2716,3047,3387,793,672,5340,5725,6867,3653,1884
"13015",2019,3497,3933,2924,2039,1150,3345,3948,4001,2033,1502,6842,7881,6925,4072,2652
"13021",2019,5221,5580,5403,2950,3647,4873,4360,5891,2840,3327,10094,9940,11294,5790,6974
"13031",2019,1956,1767,2346,1422,3629,2432,2030,2476,1066,3257,4388,3797,4822,2488,6886
"13045",2019,4795,3298,4486,2312,1787,3333,4137,3541,2369,2846,8128,7435,8027,4681,4633
"13047",2019,2380,2573,1567,1367,972,1900,2693,1619,1365,697,4280,5266,3186,2732,1669
"13051",2019,8658,8732,9681,4905,4302,7584,8005,7862,5012,5187,16242,16737,17543,9917,9489
"13057",2019,7040,8847,9651,6067,2447,7507,7916,10118,5024,3551,14547,16763,19769,11091,5998
"13059",2019,3872,3515,3750,808,5886,3190,2492,3407,967,8108,7062,6007,7157,1775,13994
"13063",2019,10976,10997,12284,5962,4213,11244,8799,13544,6816,4344,22220,19796,25828,12778,8557
"13067",2019,23303,23769,26349,15839,10127,22837,24981,23874,15592,9711,46140,48750,50223,31431,19838
"13073",2019,4094,5835,7333,4102,3035,4292,5555,4392,3736,1989,8386,11390,11725,7838,5024
"13077",2019,4451,6318,4806,3430,1555,4023,4092,5898,3021,1679,8474,10410,10704,6451,3234
"13089",2019,26650,22712,25772,13249,8684,25909,22122,24644,13052,8469,52559,44834,50416,26301,17153
"13095",2019,3100,2529,3170,1432,1551,2984,3144,2387,1591,2150,6084,5673,5557,3023,3701
"13097",2019,6049,3134,8127,2996,2688,3071,3969,6053,4040,3312,9120,7103,14180,7036,6000
"13113",2019,2560,3898,3801,2724,1289,2490,3690,4103,3054,360,5050,7588,7904,5778,1649
"13115",2019,2632,3865,3643,2062,1328,2584,3731,1986,2227,2253,5216,7596,5629,4289,3581
"13117",2019,7105,9994,10265,6313,3446,6889,8353,10656,5979,3202,13994,18347,20921,12292,6648
"13121",2019,31029,29977,34704,19569,16322,30055,30203,32574,19683,16486,61084,60180,67278,39252,32808
"13127",2019,2015,3712,2290,1824,605,1640,2485,3166,1095,1235,3655,6197,5456,2919,1840
"13135",2019,30822,33829,37998,23334,12941,30062,34418,36119,22751,12167,60884,68247,74117,46085,25108
"13139",2019,6556,6207,8535,4559,2703,6336,5936,7874,4593,2744,12892,12143,16409,9152,5447
"13151",2019,6787,8887,8859,6685,3880,6361,8271,8863,4564,2863,13148,17158,17722,11249,6743
"13153",2019,6355,5058,6379,4324,2286,3295,6061,6544,2233,1101,9650,11119,12923,6557,3387
"13157",2019,2468,2677,2771,1497,748,2504,2861,2476,1538,538,4972,5538,5247,3035,1286
"13185",2019,4560,4198,3920,2266,1704,3636,4262,3966,1670,2405,8196,8460,7886,3936,4109
"13215",2019,6795,7800,6000,3818,3360,6899,7367,6186,3440,2843,13694,15167,12186,7258,6203
"13217",2019,3943,3244,4561,1441,1626,3467,6043,4814,1350,2169,7410,9287,9375,2791,3795
"13223",2019,5422,3960,8590,4870,2500,5087,5613,6719,3602,970,10509,9573,15309,8472,3470
"13245",2019,6871,8033,4624,4023,3713,6495,4690,7513,3714,3330,13366,12723,12137,7737,7043
"13247",2019,2427,3484,3569,2224,1556,2146,1986,4276,1851,1201,4573,5470,7845,4075,2757
"13255",2019,2472,4358,995,1650,577,1619,2052,1936,560,1005,4091,6410,2931,2210,1582
"13285",2019,2254,2263,2270,1434,393,2214,2434,2402,1342,1043,4468,4697,4672,2776,1436
"13295",2019,2564,2320,2032,1758,661,1299,1815,2312,915,815,3863,4135,4344,2673,1476
"13297",2019,2742,3150,3734,1869,453,2503,3608,3031,2232,1140,5245,6758,6765,4101,1593
"13313",2019,3470,4261,3687,2315,1667,3494,3894,3617,2279,1268,6964,8155,7304,4594,2935
"15001",2019,5809,6235,6551,3928,1941,5605,5496,6547,3213,1880,11414,11731,13098,7141,3821
"15003",2019,31097,29547,28615,16628,11720,29005,28126,26359,15497,9710,60102,57673,54974,32125,21430
"15007",2019,1909,2237,1774,1628,877,2272,2377,2659,862,749,4181,4614,4433,2490,1626
"15009",2019,4937,4900,5750,3034,1542,4701,5548,4351,2990,1498,9638,10448,10101,6024,3040
"16001",2019,13599,15015,17573,11586,6475,13655,12527,18723,9050,5989,27254,27542,36296,20636,12464
"16005",2019,3902,3002,3341,2090,1388,2878,3148,2393,1746,1275,6780,6150,5734,3836,2663
"16019",2019,4786,5494,5532,2992,1659,4519,4883,5015,2965,1091,9305,10377,10547,5957,2750
"16027",2019,8289,9044,9580,5454,2380,8025,9634,8608,5566,2524,16314,18678,18188,11020,4904
"16055",2019,5055,6664,5307,3371,1909,4483,5068,4566,3303,1672,9538,11732,9873,6674,3581
"16083",2019,3246,3422,3020,1724,882,3293,4740,3287,1873,1320,6539,8162,6307,3597,2202
"17001",2019,1797,2103,2116,1089,639,2231,2263,1820,1014,530,4028,4366,3936,2103,1169
"17019",2019,5687,5469,6075,3023,8804,5141,4802,5656,3438,7212,10828,10271,11731,6461,16016
"17031",2019,158667,151490,162584,93996,60593,151564,143651,159311,91454,60658,310231,295141,321895,185450,121251
"17037",2019,2267,3769,3527,1904,2885,3588,1710,3929,1774,2511,5855,5479,7456,3678,5396
"17043",2019,27557,27805,31454,19824,11462,26230,28136,28462,18110,11059,53787,55941,59916,37934,22521
"17089",2019,16912,16869,21374,12669,8082,16050,15769,20880,12456,6495,32962,32638,42254,25125,14577
"17091",2019,3329,3785,2811,2193,1786,3005,3422,3921,1859,2373,6334,7207,6732,4052,4159
"17093",2019,3788,4592,5088,2518,957,4482,6266,4830,4464,2434,8270,10858,9918,6982,3391
"17097",2019,20131,22879,25255,16689,12112,19506,22809,23410,15446,11331,39637,45688,48665,32135,23443
"17099",2019,3421,3313,3135,2383,1114,2568,3752,2412,1941,882,5989,7065,5547,4324,1996
"17111",2019,8393,9935,11114,6863,3369,8240,10967,9213,6701,3440,16633,20902,20327,13564,6809
"17113",2019,4309,5683,5209,2735,3816,4904,5212,4852,3545,5285,9213,10895,10061,6280,9101
"17115",2019,2511,4066,3499,1716,1675,2566,3648,2844,2113,1624,5077,7714,6343,3829,3299
"17119",2019,7722,8011,8600,4885,3168,7034,8236,7537,5104,3024,14756,16247,16137,9989,6192
"17143",2019,5680,4690,6680,3470,2398,6875,6425,5136,3280,2457,12555,11115,11816,6750,4855
"17161",2019,4124,4045,4939,2342,2014,4179,3970,4795,3146,1982,8303,8015,9734,5488,3996
"17163",2019,8499,7090,10214,5437,3067,7664,7273,9279,5111,2354,16163,14363,19493,10548,5421
"17167",2019,5735,6760,5378,3833,2581,5411,5020,7052,3742,2583,11146,11780,12430,7575,5164
"17179",2019,3800,4233,4565,3210,1488,3589,4270,4091,2702,1246,7389,8503,8656,5912,2734
"17183",2019,2707,3007,1941,1161,1042,2397,2278,2797,1471,1092,5104,5285,4738,2632,2134
"17197",2019,20058,22370,26658,16820,10065,19785,20919,26137,16082,8302,39843,43289,52795,32902,18367
"17199",2019,2050,2116,2156,1176,575,1853,1869,1916,1318,432,3903,3985,4072,2494,1007
"17201",2019,8956,9007,9993,5782,3410,8459,9427,8395,5656,3115,17415,18434,18388,11438,6525
"18003",2019,13522,13335,14279,7891,4048,12939,14396,12521,7928,4217,26461,27731,26800,15819,8265
"18005",2019,2443,2601,3679,1907,814,2383,2180,2823,1972,663,4826,4781,6502,3879,1477
"18011",2019,2052,2463,3643,1409,524,1869,1387,3330,1682,479,3921,3850,6973,3091,1003
"18019",2019,4174,3161,3650,1790,1828,3514,4366,3560,2179,1225,7688,7527,7210,3969,3053
"18035",2019,2877,2731,2784,2377,3381,2480,3103,2380,1638,3632,5357,5834,5164,4015,7013
"18039",2019,7221,7121,9426,5662,2475,6981,5087,10697,4474,3005,14202,12208,20123,10136,5480
"18043",2019,2449,2063,3526,1413,550,2150,2721,2560,1311,890,4599,4784,6086,2724,1440
"18053",2019,2066,1882,2344,1204,714,1712,1765,1490,1002,1528,3778,3647,3834,2206,2242
"18057",2019,11747,12220,14940,8059,3710,9413,11612,13850,8152,3696,21160,23832,28790,16211,7406
"18059",2019,2325,2506,2758,1498,1397,2417,1829,2697,1435,722,4742,4335,5455,2933,2119
"18063",2019,4547,5166,7621,3398,2208,5028,6576,6481,3345,1630,9575,11742,14102,6743,3838
"18067",2019,2418,2558,2807,1917,1001,2584,2290,2932,1772,869,5002,4848,5739,3689,1870
"18081",2019,4410,5469,5409,3637,2162,5790,4892,5717,3099,1584,10200,10361,11126,6736,3746
"18085",2019,2719,2045,3645,1400,1092,2519,2378,2667,1478,1104,5238,4423,6312,2878,2196
"18089",2019,14299,14551,17956,10558,6121,14086,12676,18281,10041,5857,28385,27227,36237,20599,11978
"18091",2019,3304,3481,3278,2892,1091,2759,3142,2740,1805,916,6063,6623,6018,4697,2007
"18095",2019,3510,3854,4744,2593,1750,3545,3620,3823,2039,1428,7055,7474,8567,4632,3178
"18097",2019,35996,33967,32668,19080,11678,33482,32495,31432,17489,11833,69478,66462,64100,36569,23511
"18105",2019,3547,3334,3120,2016,8390,3207,3298,2773,1901,7173,6754,6632,5893,3917,15563
"18109",2019,1907,1522,3132,1658,812,1976,1527,2567,1520,695,3883,3049,5699,3178,1507
"18127",2019,4733,4808,6101,3534,2230,4438,4367,5527,3564,2152,9171,9175,11628,7098,4382
"18141",2019,9311,9422,8889,5755,4064,7704,7882,9271,5251,5447,17015,17304,18160,11006,9511
"18157",2019,5584,5836,5893,3337,7724,5239,5356,6124,2958,6970,10823,11192,12017,6295,14694
"18163",2019,5719,5434,5560,2820,2507,5146,4692,6576,3249,2980,10865,10126,12136,6069,5487
"18167",2019,3008,2793,3117,2127,2192,3046,3205,2535,1656,2308,6054,5998,5652,3783,4500
"18177",2019,2323,2079,1666,1322,753,1936,2278,2008,1242,1185,4259,4357,3674,2564,1938
"19013",2019,4403,5016,3126,2149,2140,3662,3647,3891,2446,2736,8065,8663,7017,4595,4876
"19049",2019,3177,4043,2748,1740,823,3304,4051,3700,2178,1194,6481,8094,6448,3918,2017
"19061",2019,2944,3110,3158,2371,1385,2833,2395,3439,1816,1592,5777,5505,6597,4187,2977
"19103",2019,4200,4562,4495,2292,3882,4197,3514,4233,2510,3926,8397,8076,8728,4802,7808
"19113",2019,7236,8081,7014,4400,2807,6833,7507,7028,4238,2755,14069,15588,14042,8638,5562
"19153",2019,17594,18338,15912,10071,6108,16618,18170,14806,9588,5810,34212,36508,30718,19659,11918
"19155",2019,2997,3966,2710,2010,1210,2557,2868,2862,1674,1205,5554,6834,5572,3684,2415
"19163",2019,5191,6362,5878,3455,2196,5486,5342,5992,3011,2052,10677,11704,11870,6466,4248
"19169",2019,2157,2566,1613,1209,4009,1981,2412,2251,1130,5105,4138,4978,3864,2339,9114
"19193",2019,3700,3870,4266,2096,1355,3041,3323,4212,2200,1457,6741,7193,8478,4296,2812
"20015",2019,2355,2873,2379,1356,970,1656,2652,2609,1487,906,4011,5525,4988,2843,1876
"20045",2019,3095,2981,3146,1676,2932,2410,5331,1889,2225,3547,5505,8312,5035,3901,6479
"20091",2019,18934,18714,22992,12730,6739,18639,19884,20303,12731,6835,37573,38598,43295,25461,13574
"20103",2019,2581,2927,2857,1467,950,2680,2430,2836,1477,1040,5261,5357,5693,2944,1990
"20161",2019,1546,1823,1773,675,4664,1958,1344,1857,812,2287,3504,3167,3630,1487,6951
"20173",2019,17590,17688,20178,11049,6274,17177,16395,20617,10591,5860,34767,34083,40795,21640,12134
"20177",2019,5244,6244,5441,4012,2259,5267,7009,4609,2910,1864,10511,13253,10050,6922,4123
"20209",2019,6716,6620,6749,3436,1975,6031,7316,5495,3368,1356,12747,13936,12244,6804,3331
"21015",2019,5119,5077,5360,3119,2094,3816,4515,4141,3369,1463,8935,9592,9501,6488,3557
"21029",2019,1981,2479,2862,1649,893,1927,2436,2660,1527,711,3908,4915,5522,3176,1604
"21037",2019,2876,2727,2533,1699,1241,2672,2672,2740,1532,1107,5548,5399,5273,3231,2348
"21047",2019,3476,2665,1809,1078,1644,3104,2147,1951,2807,874,6580,4812,3760,3885,2518
"21059",2019,3720,4387,2658,1816,642,3045,3187,3961,1879,935,6765,7574,6619,3695,1577
"21067",2019,10145,9502,9488,5531,5855,9334,9447,8707,5188,7275,19479,18949,18195,10719,13130
"21093",2019,4052,3320,4751,2375,1777,3070,4141,2710,2429,1291,7122,7461,7461,4804,3068
"21111",2019,24420,22790,25066,13726,9095,23146,20501,24916,13989,8941,47566,43291,49982,27715,18036
"21117",2019,4964,6400,4931,3217,1870,6022,4420,6387,3079,1629,10986,10820,11318,6296,3499
"21145",2019,2219,1859,2596,878,462,2046,1569,2241,1391,544,4265,3428,4837,2269,1006
"21151",2019,2926,1716,3471,1642,2293,2653,2320,3006,1485,2700,5579,4036,6477,3127,4993
"21185",2019,1538,1697,3125,1647,793,1931,2607,2376,1562,896,3469,4304,5501,3209,1689
"21227",2019,4326,4425,4540,2505,2547,4146,3367,4208,2859,3989,8472,7792,8748,5364,6536
"22005",2019,3305,5699,6222,2367,1664,3761,4960,5007,2302,1075,7066,10659,11229,4669,2739
"22015",2019,4055,3544,5791,3259,1997,4458,4598,3322,2413,649,8513,8142,9113,5672,2646
"22017",2019,7849,7053,8792,4370,2611,7891,8661,6952,4676,2827,15740,15714,15744,9046,5438
"22019",2019,7316,8342,5599,4189,3320,7546,7232,7092,4028,2463,14862,15574,12691,8217,5783
"22033",2019,14871,13169,14770,8779,7555,13679,13088,13692,8025,8040,28550,26257,28462,16804,15595
"22045",2019,2501,2502,2324,1631,744,2293,2957,2211,1061,1264,4794,5459,4535,2692,2008
"22051",2019,13847,15061,10981,7376,4540,14060,12699,13877,7396,3270,27907,27760,24858,14772,7810
"22055",2019,8060,8189,8355,4532,3151,7800,8371,7773,4570,2837,15860,16560,16128,9102,5988
"22057",2019,3392,2981,3510,1574,1208,3602,3642,2657,1404,1192,6994,6623,6167,2978,2400
"22063",2019,4437,4321,6378,2595,2466,4407,3613,6311,3820,1418,8844,7934,12689,6415,3884
"22071",2019,11677,9998,11382,5961,4615,10787,8696,12788,5845,4717,22464,18694,24170,11806,9332
"22073",2019,5369,5072,5824,3307,1476,4892,5194,5152,3126,2614,10261,10266,10976,6433,4090
"22079",2019,4384,5677,3935,2803,1950,4219,3328,5022,2542,1981,8603,9005,8957,5345,3931
"22097",2019,2935,2556,3526,2282,1531,2977,2748,2952,1199,876,5912,5304,6478,3481,2407
"22103",2019,7180,7707,11178,5020,3804,7925,8204,8694,5945,2758,15105,15911,19872,10965,6562
"22105",2019,4586,4317,5108,3318,3508,4538,4772,4529,1650,2476,9124,9089,9637,4968,5984
"22109",2019,4567,2872,3344,3147,489,2752,4449,4040,2518,669,7319,7321,7384,5665,1158
"23001",2019,3185,2486,4337,1735,1602,3155,3614,2623,2136,906,6340,6100,6960,3871,2508
"23003",2019,1951,1915,1585,1143,710,1458,1864,1493,945,612,3409,3779,3078,2088,1322
"23005",2019,6662,7485,7534,4810,3909,7236,6714,8013,5081,3761,13898,14199,15547,9891,7670
"23011",2019,2804,2664,3735,2157,1585,2953,2031,4335,2041,1562,5757,4695,8070,4198,3147
"23019",2019,3613,2929,4490,2867,3160,3114,3257,3851,2713,2283,6727,6186,8341,5580,5443
"23031",2019,4966,5794,4931,3889,2307,4486,5467,5140,3373,2586,9452,11261,10071,7262,4893
"24001",2019,1665,2256,1495,1084,1548,1562,1282,1817,886,1597,3227,3538,3312,1970,3145
"24003",2019,17905,19797,17059,10309,8537,17538,16976,18419,10581,6234,35443,36773,35478,20890,14771
"24005",2019,24765,23138,27745,16114,10660,24109,23132,26241,13763,12171,48874,46270,53986,29877,22831
"24009",2019,2516,3399,3409,1940,814,1952,3047,3035,2012,1167,4468,6446,6444,3952,1981
"24013",2019,4498,5457,5533,3461,2490,4212,5525,4042,3632,2085,8710,10982,9575,7093,4575
"24015",2019,2782,3482,3729,1788,1353,3142,2723,3195,1639,1290,5924,6205,6924,3427,2643
"24017",2019,4555,5448,6527,3527,1446,4416,4868,5980,3541,1191,8971,10316,12507,7068,2637
"24021",2019,8076,8566,8856,5042,3628,7248,7915,9099,5188,3428,15324,16481,17955,10230,7056
"24025",2019,7620,6602,9264,5016,2881,6707,7286,9222,4727,2661,14327,13888,18486,9743,5542
"24027",2019,9555,11372,11771,7189,4072,9751,9605,12360,7346,3393,19306,20977,24131,14535,7465
"24031",2019,32855,33842,36147,21018,11766,31763,29947,35910,20555,11111,64618,63789,72057,41573,22877
"24033",2019,30248,27028,29060,15855,13510,29126,25249,29244,15652,13043,59374,52277,58304,31507,26553
"24037",2019,3629,2880,4090,2851,917,3179,3137,4952,2363,1698,6808,6017,9042,5214,2615
"24043",2019,4535,4540,4606,2559,1635,4128,5590,4121,2686,1573,8663,10130,8727,5245,3208
"24045",2019,3085,2356,3697,1391,3057,2898,3700,2345,2919,2846,5983,6056,6042,4310,5903
"24510",2019,18510,16125,17048,9284,8194,17939,17042,15291,8328,9238,36449,33167,32339,17612,17432
"25001",2019,4221,3422,5726,3761,2229,3119,4298,4232,2898,1427,7340,7720,9958,6659,3656
"25003",2019,2777,2673,3232,2645,1805,2455,2324,2728,2015,1594,5232,4997,5960,4660,3399
"25005",2019,15246,15186,18247,10661,7284,14024,14166,17602,10590,7189,29270,29352,35849,21251,14473
"25009",2019,22523,21830,25324,15442,10872,21634,20619,24132,14806,10234,44157,42449,49456,30248,21106
"25011",2019,1605,1480,1939,1152,842,1164,1615,1648,1234,653,2769,3095,3587,2386,1495
"25013",2019,13017,12848,16214,9056,6559,12259,14686,12415,9150,7119,25276,27534,28629,18206,13678
"25015",2019,2380,2830,4477,2304,5901,2370,2772,3544,2523,8235,4750,5602,8021,4827,14136
"25017",2019,43306,44144,45020,28222,23429,41130,42186,43912,27179,22553,84436,86330,88932,55401,45982
"25021",2019,18074,19857,21608,14092,9945,19707,20156,20134,13520,9505,37781,40013,41742,27612,19450
"25023",2019,14258,13310,18451,10800,6624,13170,14265,15898,10267,6671,27428,27575,34349,21067,13295
"25025",2019,21088,16067,18810,10803,14514,20172,16355,17743,10129,15616,41260,32422,36553,20932,30130
"25027",2019,22678,25006,24825,15827,12224,21514,21647,25757,16098,11939,44192,46653,50582,31925,24163
"26005",2019,3744,4038,4041,2456,1220,3772,3337,4299,2409,1163,7516,7375,8340,4865,2383
"26017",2019,2730,2518,3035,2086,1031,2889,2584,2881,1892,867,5619,5102,5916,3978,1898
"26021",2019,4226,4167,5019,2913,2266,4554,5482,4258,2583,2105,8780,9649,9277,5496,4371
"26025",2019,4139,3889,4700,3129,1818,4108,4076,3882,2231,2167,8247,7965,8582,5360,3985
"26037",2019,2300,2738,2519,1723,905,2107,2404,2334,1466,928,4407,5142,4853,3189,1833
"26045",2019,2960,3151,3693,2212,1342,2820,3434,2693,1946,1008,5780,6585,6386,4158,2350
"26049",2019,11961,13987,11585,8043,5085,11937,10347,14605,8103,4725,23898,24334,26190,16146,9810
"26055",2019,2247,2297,2953,1684,1066,2252,2543,2534,1591,1014,4499,4840,5487,3275,2080
"26065",2019,7907,8415,7615,5256,8500,8159,7291,8385,4497,12010,16066,15706,16000,9753,20510
"26073",2019,1520,1750,1786,1147,2127,1654,1553,1729,983,3426,3174,3303,3515,2130,5553
"26075",2019,4572,5424,4544,2905,2047,4203,4188,4608,3089,1902,8775,9612,9152,5994,3949
"26077",2019,8106,6994,8892,4877,4212,7980,7933,7786,4444,5062,16086,14927,16678,9321,9274
"26081",2019,22158,23047,21996,13242,8482,21034,22598,19948,13043,8839,43192,45645,41944,26285,17321
"26087",2019,1957,2133,2702,1880,1340,2162,2586,2319,1675,738,4119,4719,5021,3555,2078
"26091",2019,2675,2573,2947,2112,1262,2699,2637,3269,1610,1060,5374,5210,6216,3722,2322
"26093",2019,5195,4963,6354,4015,2304,4942,5595,5194,3756,1954,10137,10558,11548,7771,4258
"26099",2019,24723,24952,26487,16835,9592,23396,23951,25403,16108,8359,48119,48903,51890,32943,17951
"26103",2019,1634,2305,1456,914,1211,1783,1387,1826,892,1399,3417,3692,3282,1806,2610
"26111",2019,2212,2711,2898,1562,995,2292,1923,2916,1629,1191,4504,4634,5814,3191,2186
"26115",2019,4396,4270,4723,2682,1594,3798,4055,4800,2878,1510,8194,8325,9523,5560,3104
"26121",2019,4689,5910,5472,3496,2251,5289,6786,4492,3124,2361,9978,12696,9964,6620,4612
"26125",2019,34550,34259,39468,24515,14433,32794,31644,39077,23573,13463,67344,65903,78545,48088,27896
"26139",2019,8762,10567,9964,5786,5191,8591,9718,9830,5959,6768,17353,20285,19794,11745,11959
"26145",2019,5304,6288,5199,4031,2656,5640,5898,5263,3089,2400,10944,12186,10462,7120,5056
"26147",2019,4015,4139,5348,3167,1908,3767,3849,4745,3160,1729,7782,7988,10093,6327,3637
"26155",2019,1737,1904,2204,1253,835,1615,2018,1770,1679,836,3352,3922,3974,2932,1671
"26159",2019,2331,2314,2767,1500,1055,2189,1893,3113,1300,598,4520,4207,5880,2800,1653
"26161",2019,8936,9312,9888,5981,10045,8628,7911,10603,6240,10569,17564,17223,20491,12221,20614
"26163",2019,58736,55292,61202,35313,20474,56035,55388,56199,34225,20263,114771,110680,117401,69538,40737
"27003",2019,10701,10098,14224,7037,4348,11479,9858,13536,7826,4217,22180,19956,27760,14863,8565
"27013",2019,2013,2393,1509,1008,2234,2274,1864,1509,904,2113,4287,4257,3018,1912,4347
"27019",2019,3647,4137,3714,2782,1367,3182,3417,4257,2567,1220,6829,7554,7971,5349,2587
"27035",2019,1644,1862,2059,1274,407,2015,2154,2101,1085,551,3659,4016,4160,2359,958
"27037",2019,14280,14540,15658,9020,6108,13113,13853,14759,8691,5050,27393,28393,30417,17711,11158
"27053",2019,40983,40632,36640,22219,14981,39118,38282,36495,21653,14539,80101,78914,73135,43872,29520
"27109",2019,6474,5721,4777,3810,1694,5648,4762,4297,3202,1378,12122,10483,9074,7012,3072
"27123",2019,19261,18466,17542,10100,7911,18402,16852,17607,9724,8111,37663,35318,35149,19824,16022
"27131",2019,2295,2015,1976,1152,1533,2127,1999,1792,1182,1739,4422,4014,3768,2334,3272
"27137",2019,5356,5351,5398,3529,3239,4796,4373,5819,2995,3322,10152,9724,11217,6524,6561
"27139",2019,5057,5123,6436,3569,2181,4769,5829,6627,2946,1371,9826,10952,13063,6515,3552
"27141",2019,3063,4192,3227,2669,1196,3161,3358,3600,2133,1265,6224,7550,6827,4802,2461
"27145",2019,5316,5230,5607,2940,3059,4580,5221,5412,2999,4127,9896,10451,11019,5939,7186
"27163",2019,7562,9687,9560,5784,2656,6831,9689,8937,5507,2502,14393,19376,18497,11291,5158
"27171",2019,4959,5192,5305,4286,1721,4292,5490,6029,2993,1349,9251,10682,11334,7279,3070
"28033",2019,5509,6341,7455,5019,2051,6030,7109,5827,3604,2469,11539,13450,13282,8623,4520
"28035",2019,1974,1602,3099,1076,1657,2759,2178,3043,1142,939,4733,3780,6142,2218,2596
"28047",2019,6768,5988,8436,3857,5673,6778,5203,8245,4061,3240,13546,11191,16681,7918,8913
"28049",2019,7841,7694,8103,4675,3792,6989,6791,8411,4761,4047,14830,14485,16514,9436,7839
"28059",2019,3295,4810,5252,3293,2306,4450,4091,5404,2577,1600,7745,8901,10656,5870,3906
"28067",2019,2680,2730,2282,1416,1315,1735,2650,2469,1070,904,4415,5380,4751,2486,2219
"28075",2019,2568,1952,3062,1076,597,2048,2517,2149,1889,1703,4616,4469,5211,2965,2300
"28081",2019,2809,3168,2848,2016,985,2909,2027,4104,1426,978,5718,5195,6952,3442,1963
"28089",2019,2557,4203,3541,1975,1244,3722,3594,4107,2584,614,6279,7797,7648,4559,1858
"28121",2019,4163,5440,4603,3082,1479,5059,5698,4847,2559,1670,9222,11138,9450,5641,3149
"29019",2019,5614,5540,5192,2758,4056,4635,4811,5011,2907,5456,10249,10351,10203,5665,9512
"29021",2019,3666,2828,2240,1691,894,2546,2314,2457,1457,1069,6212,5142,4697,3148,1963
"29031",2019,2386,2724,2163,1369,1325,2063,1999,2455,1497,1844,4449,4723,4618,2866,3169
"29037",2019,3360,3108,4022,2064,1007,3848,3503,2932,2466,1530,7208,6611,6954,4530,2537
"29043",2019,2580,3203,3911,1844,805,3064,3140,2891,1685,798,5644,6343,6802,3529,1603
"29047",2019,7806,8701,7973,5224,3777,7840,8333,8318,5743,2811,15646,17034,16291,10967,6588
"29051",2019,2127,2963,2397,1260,829,2269,2085,2039,1434,666,4396,5048,4436,2694,1495
"29071",2019,3026,3891,3306,2275,1299,2881,2978,3151,1912,918,5907,6869,6457,4187,2217
"29077",2019,8381,8135,9691,5044,5043,7959,8422,7683,4953,4750,16340,16557,17374,9997,9793
"29095",2019,22985,22854,23526,13630,7726,22166,20696,24855,13516,7685,45151,43550,48381,27146,15411
"29097",2019,3814,5247,3920,2762,1673,3404,4817,3534,2474,1299,7218,10064,7454,5236,2972
"29099",2019,6211,6789,8218,5392,2506,6177,7822,6193,4626,2305,12388,14611,14411,10018,4811
"29165",2019,3250,2973,4275,2086,890,2925,3672,3136,2160,1259,6175,6645,7411,4246,2149
"29183",2019,11191,13665,13546,8141,4863,11634,13084,13473,7677,4480,22825,26749,27019,15818,9343
"29187",2019,1656,1813,2015,1661,645,2045,1586,2255,667,440,3701,3399,4270,2328,1085
"29189",2019,29705,32417,29947,19272,12349,28443,26597,32668,18640,12138,58148,59014,62615,37912,24487
"29510",2019,9386,6761,8348,3998,2631,8765,8155,6116,4742,2801,18151,14916,14464,8740,5432
"30013",2019,2911,3234,1903,1365,1223,2743,2550,2107,1424,631,5654,5784,4010,2789,1854
"30029",2019,2711,3873,2998,2221,1030,2755,2810,3330,1831,1372,5466,6683,6328,4052,2402
"30031",2019,2923,2975,3367,2155,3528,2873,2680,3337,1616,2207,5796,5655,6704,3771,5735
"30049",2019,2308,1527,2192,1181,1372,1749,1635,2018,1172,827,4057,3162,4210,2353,2199
"30063",2019,2595,3186,3131,1804,2061,2738,2135,5001,1796,2003,5333,5321,8132,3600,4064
"30111",2019,4855,5418,5917,3123,1740,4362,5595,5331,2786,1686,9217,11013,11248,5909,3426
"31055",2019,21406,18525,22369,11777,7538,20554,21223,18382,11452,7328,41960,39748,40751,23229,14866
"31109",2019,10177,10243,11180,5497,6208,8910,9076,11952,5153,5766,19087,19319,23132,10650,11974
"31153",2019,7092,7629,7449,4288,2249,6426,6627,7239,4322,2029,13518,14256,14688,8610,4278
"32003",2019,71142,69915,81197,43976,26282,67851,69513,74572,42631,24537,138993,139428,155769,86607,50819
"32031",2019,13259,14053,15733,8336,6097,13264,12284,15372,8228,5681,26523,26337,31105,16564,11778
"33005",2019,1644,1490,2430,1218,1530,1651,2049,2221,1120,1497,3295,3539,4651,2338,3027
"33009",2019,1678,1979,2110,1461,2684,2080,2026,1810,1320,2110,3758,4005,3920,2781,4794
"33011",2019,11138,10893,13355,8039,4410,10384,9929,12974,7557,4886,21522,20822,26329,15596,9296
"33013",2019,3416,5302,2921,2907,2116,3657,4278,3839,2719,2093,7073,9580,6760,5626,4209
"33015",2019,7811,8768,7415,6100,3387,6994,7302,9393,5860,2626,14805,16070,16808,11960,6013
"33017",2019,3142,3160,4023,1961,3059,3041,2412,3841,1903,4362,6183,5572,7864,3864,7421
"34001",2019,7108,7030,9750,5266,3409,6386,7374,8300,4281,3519,13494,14404,18050,9547,6928
"34003",2019,24619,27597,29087,18657,10195,24554,25949,28248,17599,9986,49173,53546,57335,36256,20181
"34005",2019,11676,13200,13420,8647,4838,11057,12142,13611,8406,4686,22733,25342,27031,17053,9524
"34007",2019,15458,17013,15693,10256,7061,14822,15425,15920,9418,5558,30280,32438,31613,19674,12619
"34009",2019,1841,2653,2405,1365,697,1780,2268,2299,1339,567,3621,4921,4704,2704,1264
"34011",2019,3982,5225,6127,4057,2513,4204,4289,6061,1611,1537,8186,9514,12188,5668,4050
"34013",2019,26889,25700,28457,15729,10097,25753,23467,28265,15118,9554,52642,49167,56722,30847,19651
"34015",2019,7729,9338,9043,5899,3501,7533,8714,9148,5695,3607,15262,18052,18191,11594,7108
"34017",2019,23667,18610,17490,9033,7356,22758,19195,15814,9960,6043,46425,37805,33304,18993,13399
"34019",2019,2680,2876,3907,2594,1506,2323,3330,3330,2672,1206,5003,6206,7237,5266,2712
"34021",2019,10671,12295,10133,6185,6701,10080,8425,12723,7550,8426,20751,20720,22856,13735,15127
"34023",2019,24173,23621,27304,16628,12244,22938,24290,24833,14661,11458,47111,47911,52137,31289,23702
"34025",2019,15465,19680,17866,13292,7194,14880,18650,17545,12225,6711,30345,38330,35411,25517,13905
"34027",2019,12418,14282,15653,10582,6465,12100,12176,15456,9812,5803,24518,26458,31109,20394,12268
"34029",2019,22522,21451,19911,11399,6211,20438,18696,21067,11206,5038,42960,40147,40978,22605,11249
"34031",2019,17041,14599,19008,10032,7226,16583,15045,16962,9748,7309,33624,29644,35970,19780,14535
"34033",2019,1573,1182,1968,1491,813,1982,2256,1559,1118,327,3555,3438,3527,2609,1140
"34035",2019,8348,10104,11199,7616,4280,7475,10115,9699,6201,3894,15823,20219,20898,13817,8174
"34037",2019,3437,3399,4521,2762,1903,2624,3505,4333,2665,1422,6061,6904,8854,5427,3325
"34039",2019,17954,18843,18154,10683,6816,17301,15735,20409,10970,6316,35255,34578,38563,21653,13132
"34041",2019,2294,3269,2774,2021,1301,2809,1579,3752,1854,1609,5103,4848,6526,3875,2910
"35001",2019,18486,20631,21670,12604,8749,18341,17983,22291,13059,7723,36827,38614,43961,25663,16472
"35005",2019,1963,1781,3161,1351,2065,2190,2482,2758,1102,1092,4153,4263,5919,2453,3157
"35013",2019,6806,7138,8041,4615,4219,6608,6296,8761,4413,4334,13414,13434,16802,9028,8553
"35025",2019,2903,3428,2897,1937,1489,3002,3801,2341,831,1280,5905,7229,5238,2768,2769
"35031",2019,2324,2461,2824,1359,907,2575,3108,4019,1415,1110,4899,5569,6843,2774,2017
"35035",2019,2443,3023,1473,1326,1100,1979,2455,1952,829,1211,4422,5478,3425,2155,2311
"35043",2019,4444,3889,6183,3185,2201,3258,5097,4531,2816,1481,7702,8986,10714,6001,3682
"35045",2019,3813,5087,4876,3001,1716,3879,4001,5131,2578,1211,7692,9088,10007,5579,2927
"35049",2019,3117,3573,4032,2385,2251,2969,3330,4389,2433,560,6086,6903,8421,4818,2811
"35061",2019,2504,2666,2822,2422,1067,1417,1757,2811,672,1294,3921,4423,5633,3094,2361
"36001",2019,7813,6960,8834,4339,6452,7390,6696,8264,5469,7534,15203,13656,17098,9808,13986
"36005",2019,50893,44644,53412,28789,19554,49154,44260,49620,27291,18278,100047,88904,103032,56080,37832
"36007",2019,5668,4993,5138,3512,4282,5086,4715,4789,2862,3977,10754,9708,9927,6374,8259
"36009",2019,2366,2412,2172,1729,1073,2040,2196,2397,1298,962,4406,4608,4569,3027,2035
"36011",2019,1893,1697,2379,1342,707,1889,1872,2442,1204,832,3782,3569,4821,2546,1539
"36013",2019,3216,4320,2658,2252,2154,3520,3213,3692,2575,2313,6736,7533,6350,4827,4467
"36015",2019,2183,2235,2328,1880,945,2136,2619,2483,1421,831,4319,4854,4811,3301,1776
"36019",2019,1804,1775,2076,1142,1456,1862,2135,1887,1124,1964,3666,3910,3963,2266,3420
"36027",2019,6246,6593,9953,5562,5949,6401,8022,7053,5062,5261,12647,14615,17006,10624,11210
"36029",2019,25539,24124,27912,16513,12368,24562,23359,26965,16299,12276,50101,47483,54877,32812,24644
"36045",2019,4132,3786,3250,2261,1486,4159,3521,2898,1934,1471,8291,7307,6148,4195,2957
"36047",2019,94201,77394,81563,44055,25043,88586,74185,78023,42123,24272,182787,151579,159586,86178,49315
"36051",2019,1386,1298,2020,1311,1455,1318,1474,1478,988,2014,2704,2772,3498,2299,3469
"36053",2019,1765,2752,1362,1213,1922,1573,1516,2070,1348,1737,3338,4268,3432,2561,3659
"36055",2019,20987,19001,24863,13879,11483,19297,18892,23038,12993,10446,40284,37893,47901,26872,21929
"36059",2019,37828,41322,43138,27002,16788,36258,38977,40784,25646,15778,74086,80299,83922,52648,32566
"36061",2019,38723,31586,30050,16722,14792,37408,28679,31794,16909,19184,76131,60265,61844,33631,33976
"36063",2019,5240,5414,6797,3559,2481,5784,5566,5866,3472,2314,11024,10980,12663,7031,4795
"36065",2019,6349,7114,7200,4338,3824,6109,6371,6895,4141,2661,12458,13485,14095,8479,6485
"36067",2019,13015,11953,16037,8805,8062,12816,13069,13017,8381,9021,25831,25022,29054,17186,17083
"36069",2019,2362,3401,3908,1883,1995,2381,2866,3044,1930,1573,4743,6267,6952,3813,3568
"36071",2019,13845,12718,15688,8702,6454,11979,14132,12164,8578,4587,25824,26850,27852,17280,11041
"36075",2019,3461,2465,4496,2438,2351,3140,3079,3545,1990,2515,6601,5544,8041,4428,4866
"36079",2019,2026,1626,3893,1946,1016,2281,1898,3270,1880,622,4307,3524,7163,3826,1638
"36081",2019,70188,60523,63990,36904,22287,66670,55612,63104,34336,20590,136858,116135,127094,71240,42877
"36083",2019,4199,4285,4440,2632,3394,3948,4098,4059,2977,2492,8147,8383,8499,5609,5886
"36085",2019,12626,15471,16163,9045,5516,12806,14534,13511,9530,4914,25432,30005,29674,18575,10430
"36087",2019,12954,11960,13798,8308,4159,13738,11178,13557,7075,4334,26692,23138,27355,15383,8493
"36089",2019,2671,2625,3437,1848,3047,2559,2252,3543,1947,2508,5230,4877,6980,3795,5555
"36091",2019,5947,6454,6696,4436,3343,5475,5712,6167,4326,3095,11422,12166,12863,8762,6438
"36093",2019,4524,5217,5668,2358,1650,3787,5321,3965,2597,1232,8311,10538,9633,4955,2882
"36101",2019,2783,2576,3224,1834,1091,2623,2767,2754,1762,932,5406,5343,5978,3596,2023
"36103",2019,40144,43048,44520,29976,19740,38811,38350,45616,28435,17949,78955,81398,90136,58411,37689
"36105",2019,2146,2297,2267,2094,649,2114,1886,1584,1482,422,4260,4183,3851,3576,1071
"36109",2019,2005,1444,2470,2150,4325,1681,1765,2043,895,5457,3686,3209,4513,3045,9782
"36111",2019,4168,4357,4283,3084,2025,3516,3866,4752,2989,2521,7684,8223,9035,6073,4546
"36113",2019,1654,1142,2178,1081,638,1018,1294,1867,927,594,2672,2436,4045,2008,1232
"36117",2019,2742,2970,2481,1934,962,2012,2436,2671,1765,961,4754,5406,5152,3699,1923
"36119",2019,27469,28498,31991,20150,12430,26033,24872,32347,18998,12728,53502,53370,64338,39148,25158
"37001",2019,5655,4904,5786,2857,2599,4312,4936,5344,3572,4095,9967,9840,11130,6429,6694
"37019",2019,2542,3995,2909,2091,1098,2660,2975,1829,1782,1759,5202,6970,4738,3873,2857
"37021",2019,6989,5910,7411,4601,2739,5539,6642,6716,4057,3562,12528,12552,14127,8658,6301
"37023",2019,2150,2184,2681,1311,1067,2123,1720,2797,1662,793,4273,3904,5478,2973,1860
"37025",2019,7578,7839,8556,5251,2800,6011,6377,8986,4392,3974,13589,14216,17542,9643,6774
"37027",2019,1931,2173,2484,1526,1104,1961,2616,1403,2243,1392,3892,4789,3887,3769,2496
"37031",2019,1620,1535,1345,1225,1026,1117,1791,1958,1186,1054,2737,3326,3303,2411,2080
"37035",2019,4200,5034,5987,3679,1629,3745,3768,5208,3299,2220,7945,8802,11195,6978,3849
"37037",2019,2094,1702,2527,1496,929,2153,1866,1742,1230,429,4247,3568,4269,2726,1358
"37045",2019,2784,3051,3266,1470,1128,2403,3711,2594,2165,1116,5187,6762,5860,3635,2244
"37049",2019,3218,3627,2531,819,1683,3253,2693,3342,2270,543,6471,6320,5873,3089,2226
"37051",2019,12705,12208,10274,6133,5846,12433,10866,11823,6597,4716,25138,23074,22097,12730,10562
"37057",2019,4213,4866,5366,2973,1541,4835,4869,5519,3063,1444,9048,9735,10885,6036,2985
"37063",2019,10198,10216,8260,5666,3650,10014,8930,8081,4670,5035,20212,19146,16341,10336,8685
"37067",2019,11433,13178,11978,7714,5312,10825,11827,12547,7334,6332,22258,25005,24525,15048,11644
"37069",2019,1381,1889,2714,1758,2045,1570,2737,2754,492,1039,2951,4626,5468,2250,3084
"37071",2019,7025,6649,7765,4735,2698,6305,6878,6687,3809,2572,13330,13527,14452,8544,5270
"37081",2019,16050,16650,17410,10540,9102,15399,12914,20011,9920,14130,31449,29564,37421,20460,23232
"37085",2019,4750,5151,4021,3662,2315,4556,4271,5850,2725,3127,9306,9422,9871,6387,5442
"37089",2019,2449,3528,3000,2386,1021,3102,2960,2725,1911,818,5551,6488,5725,4297,1839
"37097",2019,4777,6710,5912,4969,2180,4454,5119,5973,3123,2340,9231,11829,11885,8092,4520
"37101",2019,6449,6816,8536,5042,3722,6773,6726,8047,4345,3605,13222,13542,16583,9387,7327
"37109",2019,3024,1969,3027,1768,961,2016,2620,2005,1701,722,5040,4589,5032,3469,1683
"37119",2019,37536,33486,38474,21232,14000,35533,31950,38853,21084,15031,73069,65436,77327,42316,29031
"37125",2019,3169,2829,3059,1980,1258,3054,2721,2741,1753,680,6223,5550,5800,3733,1938
"37127",2019,3029,2554,3302,2109,1003,2245,2756,2914,1623,1233,5274,5310,6216,3732,2236
"37129",2019,4926,6155,6685,3298,3324,5804,5339,6447,4051,4751,10730,11494,13132,7349,8075
"37133",2019,7484,6205,9045,3644,7155,7010,6502,4999,3421,2060,14494,12707,14044,7065,9215
"37135",2019,2912,4740,3504,2968,4479,2932,4212,4900,2383,4479,5844,8952,8404,5351,8958
"37147",2019,4170,4971,6013,3118,4198,5831,5803,5457,3128,3972,10001,10774,11470,6246,8170
"37151",2019,4331,4749,4561,2876,1967,3607,4420,4832,2427,1421,7938,9169,9393,5303,3388
"37155",2019,4552,4892,4281,2718,2360,3944,3857,5230,2567,2430,8496,8749,9511,5285,4790
"37157",2019,3619,2260,2254,1750,1065,1851,2106,2751,1763,489,5470,4366,5005,3513,1554
"37159",2019,3986,4082,4962,2647,2241,4079,4661,4121,2664,1697,8065,8743,9083,5311,3938
"37161",2019,2043,2666,1297,723,962,1651,1701,1851,1562,711,3694,4367,3148,2285,1673
"37171",2019,1678,2024,2378,1636,1128,1832,2047,2011,1221,841,3510,4071,4389,2857,1969
"37179",2019,6556,7489,11211,6620,3655,7135,8229,9994,6097,4356,13691,15718,21205,12717,8011
"37183",2019,34115,35652,39916,23129,15524,32938,35101,39076,22779,15921,67053,70753,78992,45908,31445
"37191",2019,3991,3273,4957,1858,2442,3971,3903,4337,2728,2066,7962,7176,9294,4586,4508
"37193",2019,1484,1474,2581,1428,859,1396,2016,1509,1157,1028,2880,3490,4090,2585,1887
"37195",2019,2333,2102,3180,1458,1055,2476,1346,4610,1170,1125,4809,3448,7790,2628,2180
"38015",2019,2709,2802,3834,1708,1572,3161,2414,3530,1597,1142,5870,5216,7364,3305,2714
"38017",2019,6285,5644,6441,2395,2617,5568,4586,5976,3368,2816,11853,10230,12417,5763,5433
"38035",2019,2086,2406,1955,885,2001,2089,2475,1380,1161,1467,4175,4881,3335,2046,3468
"38101",2019,2421,2237,2408,997,668,1997,2444,2031,1194,969,4418,4681,4439,2191,1637
"39003",2019,3211,2968,4313,2043,2095,2498,2983,3404,2207,1532,5709,5951,7717,4250,3627
"39007",2019,2984,2933,3584,1824,1117,2340,3148,2523,1913,913,5324,6081,6107,3737,2030
"39009",2019,1283,1495,1118,1135,3040,1623,840,1502,1081,5204,2906,2335,2620,2216,8244
"39013",2019,1514,1370,2426,1228,671,1502,1742,1675,1112,1097,3016,3112,4101,2340,1768
"39017",2019,11269,12788,13401,8136,7789,11434,10549,14140,7427,7886,22703,23337,27541,15563,15675
"39023",2019,4168,3950,4446,2752,2194,3454,3696,4344,2900,2215,7622,7646,8790,5652,4409
"39025",2019,5738,6299,7247,4219,2351,5795,5474,7960,4154,2020,11533,11773,15207,8373,4371
"39029",2019,2791,2805,3209,1810,1322,2504,3464,2247,1757,998,5295,6269,5456,3567,2320
"39035",2019,35743,31791,39891,22255,14573,34145,32477,36364,21490,14249,69888,64268,76255,43745,28822
"39041",2019,6187,8781,7873,5360,3063,5848,7552,8175,4379,3047,12035,16333,16048,9739,6110
"39043",2019,2431,1878,2104,1447,547,1820,1772,2396,1234,639,4251,3650,4500,2681,1186
"39045",2019,4835,6046,5044,3669,1629,4484,4230,6359,2983,1330,9319,10276,11403,6652,2959
"39049",2019,46889,42956,42230,23145,19169,45295,40248,42097,22545,19379,92184,83204,84327,45690,38548
"39055",2019,2434,3046,3444,2418,1180,2298,2878,3001,2019,1050,4732,5924,6445,4437,2230
"39057",2019,5513,4984,4472,3161,3121,4353,5600,4063,2761,4003,9866,10584,8535,5922,7124
"39061",2019,27061,26678,25908,15299,12229,25939,24688,26436,15024,11843,53000,51366,52344,30323,24072
"39063",2019,2403,2242,2595,1547,931,1788,2645,2107,1261,1138,4191,4887,4702,2808,2069
"39081",2019,1707,1405,2104,1177,824,1580,1847,1644,959,1004,3287,3252,3748,2136,1828
"39085",2019,5629,7585,5050,4423,2904,5333,6016,7542,3856,2517,10962,13601,12592,8279,5421
"39089",2019,5516,4314,7334,3604,2395,4823,5442,5635,3676,2690,10339,9756,12969,7280,5085
"39093",2019,8781,8826,11017,6292,5054,8251,9964,8757,5888,3891,17032,18790,19774,12180,8945
"39095",2019,13787,13351,14459,8370,5425,13312,13625,13412,7676,4966,27099,26976,27871,16046,10391
"39099",2019,6839,5878,7185,4502,3545,5124,6833,5331,3857,2818,11963,12711,12516,8359,6363
"39101",2019,1792,1896,1929,1333,652,1968,1615,1844,1343,458,3760,3511,3773,2676,1110
"39103",2019,5276,5896,5591,3900,2126,4618,4702,6078,3654,1839,9894,10598,11669,7554,3965
"39109",2019,3507,2859,4009,2538,1118,3036,2708,3842,2103,1120,6543,5567,7851,4641,2238
"39113",2019,16781,16095,16850,9870,7114,15698,15531,15885,9628,6930,32479,31626,32735,19498,14044
"39119",2019,2462,2046,3512,1527,1027,2242,2202,3104,1473,1957,4704,4248,6616,3000,2984
"39133",2019,3694,3646,5130,3021,3785,3110,3688,4714,2735,4026,6804,7334,9844,5756,7811
"39139",2019,3415,3260,4579,2167,1179,3226,4180,3334,1945,1148,6641,7440,7913,4112,2327
"39141",2019,2341,2379,2789,1421,748,2098,2041,2297,1186,563,4439,4420,5086,2607,1311
"39145",2019,2201,2606,2224,1376,1008,2426,2495,1558,1413,685,4627,5101,3782,2789,1693
"39151",2019,10584,9889,12855,7241,5192,10112,10572,10888,6787,4529,20696,20461,23743,14028,9721
"39153",2019,15232,17148,15312,9726,6375,14699,13654,16898,9481,6011,29931,30802,32210,19207,12386
"39155",2019,5647,5540,5725,3679,1923,5211,4851,6151,3327,2027,10858,10391,11876,7006,3950
"39157",2019,3009,3252,3110,1762,997,2734,2478,2934,1657,832,5743,5730,6044,3419,1829
"39165",2019,6602,7929,8721,6179,2638,6011,6962,8955,5371,2620,12613,14891,17676,11550,5258
"39169",2019,3802,3875,4334,2691,2114,3407,3044,4241,2283,1690,7209,6919,8575,4974,3804
"39173",2019,3182,3512,4002,2671,2702,3610,3941,3121,2522,3725,6792,7453,7123,5193,6427
"40017",2019,4698,5178,6668,3674,2444,4467,5129,5605,3133,1666,9165,10307,12273,6807,4110
"40027",2019,7542,7762,10059,5918,6098,7242,6955,9809,4932,6187,14784,14717,19868,10850,12285
"40031",2019,4232,5379,3009,2188,2311,3800,4212,2855,2240,2050,8032,9591,5864,4428,4361
"40037",2019,1974,2384,2899,1354,1039,1960,2359,2261,1576,963,3934,4743,5160,2930,2002
"40101",2019,2351,2801,2139,1497,934,1929,2558,2093,1236,902,4280,5359,4232,2733,1836
"40109",2019,29460,28271,29648,16232,9738,28381,27295,27913,15395,9576,57841,55566,57561,31627,19314
"40119",2019,2197,2284,2295,1263,2422,1727,2503,1925,1337,3592,3924,4787,4220,2600,6014
"40125",2019,2333,1876,3193,1532,1314,2053,2093,2731,1280,1402,4386,3969,5924,2812,2716
"40131",2019,2888,2569,3562,1903,1020,2747,2438,3458,1807,974,5635,5007,7020,3710,1994
"40143",2019,23730,24040,22416,13546,8331,22113,21132,23645,13057,7672,45843,45172,46061,26603,16003
"40145",2019,2498,2838,3158,1731,1199,2124,2744,2595,1792,788,4622,5582,5753,3523,1987
"41003",2019,1952,1950,2005,1469,2415,1811,1358,2894,1443,3112,3763,3308,4899,2912,5527
"41005",2019,11050,13171,12684,8491,4371,10789,12657,11896,7623,3548,21839,25828,24580,16114,7919
"41017",2019,4175,6633,5746,3859,1898,4234,5846,4436,4120,1788,8409,12479,10182,7979,3686
"41019",2019,2801,2577,3783,1726,1317,2601,2434,3598,1847,748,5402,5011,7381,3573,2065
"41029",2019,6216,5965,7482,3750,2319,5438,6688,5857,3319,2386,11654,12653,13339,7069,4705
"41033",2019,2078,2318,2348,1699,827,2218,2821,2167,1141,1024,4296,5139,4515,2840,1851
"41035",2019,1832,2493,1933,1033,575,2217,2245,1792,1144,441,4049,4738,3725,2177,1016
"41039",2019,9708,9113,10949,5559,6116,8464,9019,10237,6522,6589,18172,18132,21186,12081,12705
"41043",2019,3227,3750,4844,3214,1148,3675,3111,4163,2801,1391,6902,6861,9007,6015,2539
"41047",2019,11421,11979,12834,7309,5587,11074,10869,11361,7780,4179,22495,22848,24195,15089,9766
"41051",2019,22155,20813,21454,12637,8258,19988,19978,21743,10899,7871,42143,40791,43197,23536,16129
"41053",2019,2212,2996,2570,1746,1317,2742,2502,2792,1840,2458,4954,5498,5362,3586,3775
"41059",2019,2434,1842,4263,1370,1294,2219,3231,2388,1678,887,4653,5073,6651,3048,2181
"41067",2019,17834,18556,20671,12079,6553,16899,17041,20855,11219,6281,34733,35597,41526,23298,12834
"41071",2019,2593,2711,4025,1909,1643,2854,3027,3640,2454,2155,5447,5738,7665,4363,3798
"42001",2019,2580,3178,2911,1882,1569,2160,2122,3150,2064,1726,4740,5300,6061,3946,3295
"42003",2019,32697,28456,34970,19417,15449,31261,32754,28098,18745,15596,63958,61210,63068,38162,31045
"42005",2019,1658,2106,1533,1025,577,1717,1977,1291,1050,524,3375,4083,2824,2075,1101
"42007",2019,4208,4514,4492,2499,1456,3942,4385,4314,3062,1385,8150,8899,8806,5561,2841
"42011",2019,12331,12842,14429,8432,6374,11767,12920,12795,8103,6353,24098,25762,27224,16535,12727
"42013",2019,3455,3240,4080,2195,1814,3141,2712,3832,1965,1403,6596,5952,7912,4160,3217
"42017",2019,15648,17118,19423,12558,7043,14676,15670,19835,11917,6057,30324,32788,39258,24475,13100
"42019",2019,5008,4883,5624,3486,2513,4758,5332,4906,3101,2957,9766,10215,10530,6587,5470
"42021",2019,3326,3048,3789,2586,1692,2864,3822,2973,2305,1945,6190,6870,6762,4891,3637
"42025",2019,1525,1503,1909,990,775,1320,1567,1727,1158,362,2845,3070,3636,2148,1137
"42027",2019,2912,3078,3988,1891,5857,2759,3238,3297,2200,5982,5671,6316,7285,4091,11839
"42029",2019,14607,16114,18087,11744,7125,14032,15014,18123,10245,7965,28639,31128,36210,21989,15090
"42033",2019,1917,1953,2255,1429,778,1661,1742,2114,1284,604,3578,3695,4369,2713,1382
"42037",2019,1402,1689,1681,994,1455,1532,1288,1835,971,1896,2934,2977,3516,1965,3351
"42039",2019,2225,2292,2797,1518,1283,2307,2242,2260,1518,1370,4532,4534,5057,3036,2653
"42041",2019,7070,6776,7889,4466,3299,6581,7072,7746,3667,4666,13651,13848,15635,8133,7965
"42043",2019,8374,8726,9410,5955,3748,8631,7402,9246,5077,2900,17005,16128,18656,11032,6648
"42045",2019,17160,15046,20372,11241,9160,16363,17507,16553,10304,8766,33523,32553,36925,21545,17926
"42049",2019,7234,7948,8261,4657,4534,7747,7890,7819,5305,4071,14981,15838,16080,9962,8605
"42051",2019,3128,3609,3163,2076,1268,3499,3496,3116,2522,1017,6627,7105,6279,4598,2285
"42055",2019,4671,5087,4951,3029,1841,4455,4182,5320,2540,1784,9126,9269,10271,5569,3625
"42063",2019,1905,2145,2307,1373,2168,1785,2485,1808,1261,2327,3690,4630,4115,2634,4495
"42069",2019,5610,5973,6829,3507,2705,5360,5051,6811,3761,2925,10970,11024,13640,7268,5630
"42071",2019,17702,18180,18674,10390,6910,17621,17505,17120,10680,7978,35323,35685,35794,21070,14888
"42073",2019,2189,2150,2509,1584,938,2329,2037,2708,1473,997,4518,4187,5217,3057,1935
"42075",2019,4310,4165,5310,2175,1372,3623,4379,4729,2869,1434,7933,8544,10039,5044,2806
"42077",2019,11183,11704,12448,7436,4251,10566,11001,11514,7348,5426,21749,22705,23962,14784,9677
"42079",2019,8684,11437,6354,5256,4121,8012,8183,8836,6235,3335,16696,19620,15190,11491,7456
"42081",2019,3002,3865,3055,2097,1716,2704,3364,3304,1827,1299,5706,7229,6359,3924,3015
"42085",2019,2680,2726,3288,2028,1770,2782,2987,2500,1723,1350,5462,5713,5788,3751,3120
"42089",2019,3604,4351,5248,3617,2884,4274,5076,4293,2653,1748,7878,9427,9541,6270,4632
"42091",2019,23078,23209,28457,16069,9297,22185,24844,24841,15659,10413,45263,48053,53298,31728,19710
"42095",2019,8145,7389,10171,5729,5782,6226,7648,9387,5291,5115,14371,15037,19558,11020,10897
"42097",2019,2237,2260,3050,1573,792,2257,2540,2521,1312,740,4494,4800,5571,2885,1532
"42101",2019,52855,45583,50103,25838,21108,49863,46211,46520,25281,22418,102718,91794,96623,51119,43526
"42107",2019,3641,3553,4511,2691,1321,3091,3739,4091,2344,1192,6732,7292,8602,5035,2513
"42111",2019,2001,1762,2010,1219,642,1607,1806,1907,1290,660,3608,3568,3917,2509,1302
"42125",2019,5182,6450,5530,3467,2665,4955,6925,4070,3576,2727,10137,13375,9600,7043,5392
"42129",2019,8069,9364,9166,6303,3919,7421,8513,9002,5916,3440,15490,17877,18168,12219,7359
"42133",2019,13064,14438,14519,9764,5346,12090,11531,15381,7852,5515,25154,25969,29900,17616,10861
"44003",2019,3923,4264,3907,3221,2020,4288,3261,4744,2457,1257,8211,7525,8651,5678,3277
"44005",2019,2046,853,2541,1071,1188,1566,1185,2558,1162,1209,3612,2038,5099,2233,2397
"44007",2019,18426,15856,20725,12293,10369,18050,16368,18701,10590,10361,36476,32224,39426,22883,20730
"44009",2019,2298,1555,4473,2335,2559,2497,3331,1967,1932,2873,4795,4886,6440,4267,5432
"45003",2019,4730,4560,6369,2181,2537,4820,5515,5263,3427,2350,9550,10075,11632,5608,4887
"45007",2019,5299,5683,7185,4613,3113,5850,5201,7336,4424,2560,11149,10884,14521,9037,5673
"45013",2019,4443,3927,6009,2667,2053,5154,3793,5875,3452,3150,9597,7720,11884,6119,5203
"45015",2019,7745,8130,8107,4651,4180,6216,7234,6988,5001,3184,13961,15364,15095,9652,7364
"45019",2019,12012,12188,10247,6485,5378,11788,10567,11762,5748,5473,23800,22755,22009,12233,10851
"45031",2019,1680,2396,2462,1405,1621,2171,968,2279,1301,716,3851,3364,4741,2706,2337
"45035",2019,4314,5585,6389,3147,1262,5317,6910,4071,3586,2230,9631,12495,10460,6733,3492
"45041",2019,4367,4614,4301,3389,1497,4207,3563,5607,2215,1361,8574,8177,9908,5604,2858
"45045",2019,16706,17099,17714,9737,6142,15282,17223,16431,9876,6790,31988,34322,34145,19613,12932
"45047",2019,2751,2109,2080,1099,1103,1605,2525,1975,1521,682,4356,4634,4055,2620,1785
"45051",2019,7869,9430,9408,4765,3847,7755,7732,10341,5473,3895,15624,17162,19749,10238,7742
"45055",2019,1333,3162,1481,1420,930,2514,1938,2271,1235,768,3847,5100,3752,2655,1698
"45057",2019,2674,3329,1837,1541,1382,3169,4039,2627,1869,1035,5843,7368,4464,3410,2417
"45059",2019,2318,1915,2658,1229,1579,1597,2162,1935,993,781,3915,4077,4593,2222,2360
"45063",2019,8028,7858,13103,5130,3385,8219,10163,10029,6311,3164,16247,18021,23132,11441,6549
"45073",2019,1531,2543,2478,1385,732,1731,2416,2701,1396,678,3262,4959,5179,2781,1410
"45075",2019,2001,2971,2959,1648,593,2440,2564,3003,1636,1933,4441,5535,5962,3284,2526
"45077",2019,3714,3267,2892,1893,3652,3200,3008,3684,1911,3258,6914,6275,6576,3804,6910
"45079",2019,12240,11064,14058,7900,12177,11541,10102,14460,7728,11792,23781,21166,28518,15628,23969
"45083",2019,10148,10208,11282,6096,4454,9534,9889,10344,6211,3897,19682,20097,21626,12307,8351
"45085",2019,4438,3860,3479,1631,2112,2595,3292,3478,2589,1011,7033,7152,6957,4220,3123
"45091",2019,8388,8777,11288,5513,3230,8198,10290,9444,5617,3664,16586,19067,20732,11130,6894
"46099",2019,7195,6760,7866,4367,2232,6571,6419,6017,3511,2146,13766,13179,13883,7878,4378
"46103",2019,3580,4434,3537,2452,1150,3261,2530,4204,2043,1260,6841,6964,7741,4495,2410
"47001",2019,1880,2043,2329,1507,1167,1940,2500,2058,1324,512,3820,4543,4387,2831,1679
"47009",2019,3338,3907,3842,2615,1591,3454,2810,4756,2225,1640,6792,6717,8598,4840,3231
"47011",2019,3042,2886,3308,2763,1195,3194,3990,2105,2353,1421,6236,6876,5413,5116,2616
"47037",2019,23449,17555,21272,10310,8868,22610,19238,18726,9894,8866,46059,36793,39998,20204,17734
"47059",2019,1696,2505,1237,1957,774,1603,1534,2354,422,1000,3299,4039,3591,2379,1774
"47065",2019,10994,11584,10930,6475,4192,9863,8439,11600,6538,5386,20857,20023,22530,13013,9578
"47093",2019,13571,12822,14930,7603,7176,13098,13064,14099,9250,6349,26669,25886,29029,16853,13525
"47113",2019,3652,3447,2871,697,1332,2317,2599,4526,1781,1562,5969,6046,7397,2478,2894
"47119",2019,3191,2631,3492,2841,1167,3242,2658,3455,882,769,6433,5289,6947,3723,1936
"47125",2019,9298,7311,8084,4540,3999,8542,6813,8241,3391,3540,17840,14124,16325,7931,7539
"47141",2019,1819,1532,3282,1308,1418,2384,2959,1811,1195,1207,4203,4491,5093,2503,2625
"47147",2019,2320,2352,2873,1342,1045,2057,2097,2311,1443,623,4377,4449,5184,2785,1668
"47149",2019,10680,10188,13636,7034,6981,10762,8955,13704,6574,5343,21442,19143,27340,13608,12324
"47155",2019,2818,2283,3123,1796,1381,2945,2662,2974,1471,771,5763,4945,6097,3267,2152
"47157",2019,32825,33367,33025,19513,11482,32057,31085,33013,17487,11435,64882,64452,66038,37000,22917
"47163",2019,4095,3856,5427,2589,1897,3504,3661,4076,2666,1436,7599,7517,9503,5255,3333
"47165",2019,5980,6960,6325,4085,2891,5247,6765,5816,3470,2357,11227,13725,12141,7555,5248
"47179",2019,3467,2687,3705,1989,2589,3031,3885,3300,2013,2008,6498,6572,7005,4002,4597
"47187",2019,6326,9291,10876,5951,3715,6717,9110,8953,6708,3066,13043,18401,19829,12659,6781
"47189",2019,4391,4878,5801,2762,1537,3609,5289,4911,2293,1656,8000,10167,10712,5055,3193
"48005",2019,2783,2402,3719,2240,980,3004,3970,1955,1984,1044,5787,6372,5674,4224,2024
"48021",2019,3065,4336,2219,1651,513,2740,2004,4158,2039,1021,5805,6340,6377,3690,1534
"48027",2019,15121,13583,14438,7931,7352,14780,12744,13856,7293,4833,29901,26327,28294,15224,12185
"48029",2019,70521,72056,73007,42396,30746,67923,68497,70405,41636,28557,138444,140553,143412,84032,59303
"48037",2019,2393,3371,2625,2162,1248,3309,2751,3955,1527,799,5702,6122,6580,3689,2047
"48039",2019,12759,13082,15713,7464,4825,11933,11855,16081,8613,4183,24692,24937,31794,16077,9008
"48041",2019,6660,7154,5888,3223,7431,7462,6730,6395,3773,7506,14122,13884,12283,6996,14937
"48061",2019,16684,17267,19078,11567,7038,16118,16088,19063,10756,6862,32802,33355,38141,22323,13900
"48085",2019,32125,33723,44791,24877,13417,30687,36548,38823,23717,12245,62812,70271,83614,48594,25662
"48091",2019,4247,4507,5475,3079,1529,4645,4872,5069,3094,1660,8892,9379,10544,6173,3189
"48099",2019,2706,2106,2712,1478,1791,2504,2698,2078,792,1252,5210,4804,4790,2270,3043
"48113",2019,98032,83028,109925,55514,35300,94346,90153,95062,54098,33344,192378,173181,204987,109612,68644
"48121",2019,28048,28877,33416,19453,11807,26378,29097,30826,19362,13171,54426,57974,64242,38815,24978
"48135",2019,7338,8141,6296,3721,2408,7393,7961,5829,3657,1634,14731,16102,12125,7378,4042
"48139",2019,6481,6703,7591,4561,2400,5771,6649,6949,3987,2513,12252,13352,14540,8548,4913
"48141",2019,30733,32283,32076,18845,14141,29591,31262,30929,18580,12134,60324,63545,63005,37425,26275
"48157",2019,27499,31684,34164,20098,9240,26677,31523,30662,19435,10098,54176,63207,64826,39533,19338
"48167",2019,9901,11731,11783,7728,5255,11670,10489,11986,7006,4059,21571,22220,23769,14734,9314
"48181",2019,4192,4285,5535,2760,2637,4005,4814,4200,2188,885,8197,9099,9735,4948,3522
"48183",2019,4147,4455,4931,3214,1940,4312,4704,3635,2408,1478,8459,9159,8566,5622,3418
"48187",2019,5102,6360,5563,3707,2323,4970,6664,5660,3278,2144,10072,13024,11223,6985,4467
"48201",2019,177082,172921,180289,103599,62898,170864,158715,182768,99202,59007,347946,331636,363057,202801,121905
"48203",2019,1022,2596,3292,1542,962,2069,2532,2646,886,469,3091,5128,5938,2428,1431
"48209",2019,7272,7539,7259,4329,5799,6530,6039,9426,4505,7084,13802,13578,16685,8834,12883
"48213",2019,1864,1840,3274,1646,1207,1964,2541,2110,1573,1035,3828,4381,5384,3219,2242
"48215",2019,37886,36891,43485,23142,14958,37087,34600,42159,23337,14913,74973,71491,85644,46479,29871
"48231",2019,3129,3638,3482,2092,1709,3153,3021,3252,1932,1599,6282,6659,6734,4024,3308
"48245",2019,8907,9088,8313,4726,3693,8211,9081,7435,4646,2263,17118,18169,15748,9372,5956
"48251",2019,5414,5568,8078,4619,2285,5580,5343,7504,3429,1836,10994,10911,15582,8048,4121
"48257",2019,5137,6209,4766,3676,2435,4731,5931,4717,2839,1780,9868,12140,9483,6515,4215
"48291",2019,2591,2936,4273,1460,1140,3844,1711,4969,2074,1735,6435,4647,9242,3534,2875
"48303",2019,9981,10011,10530,6272,7684,10650,9309,10951,5627,7346,20631,19320,21481,11899,15030
"48309",2019,9286,7922,9931,5501,5768,8112,7845,9174,5131,5581,17398,15767,19105,10632,11349
"48329",2019,8210,6466,7850,3139,3044,7827,8334,5396,4101,2297,16037,14800,13246,7240,5341
"48339",2019,21070,19860,26312,13127,7139,19233,21675,23879,13284,8637,40303,41535,50191,26411,15776
"48347",2019,2265,2043,2013,1633,1757,2084,1756,2394,812,2491,4349,3799,4407,2445,4248
"48355",2019,12734,10844,14336,7682,6109,11553,12194,11108,7491,5245,24287,23038,25444,15173,11354
"48361",2019,2923,2922,1946,2079,566,2617,3751,2529,1886,993,5540,6673,4475,3965,1559
"48367",2019,4252,5590,5075,3612,1933,4397,4529,5008,3672,1189,8649,10119,10083,7284,3122
"48375",2019,5243,3615,5244,2524,1348,3474,4308,4957,2639,1456,8717,7923,10201,5163,2804
"48381",2019,4240,4331,5146,3075,2088,4397,5863,3809,2257,2418,8637,10194,8955,5332,4506
"48397",2019,3192,3914,4961,2191,2038,3100,3268,4448,2867,1331,6292,7182,9409,5058,3369
"48409",2019,2541,2218,3033,1549,1001,2191,2087,2630,1437,987,4732,4305,5663,2986,1988
"48423",2019,7779,8062,8537,4239,4324,7686,8336,6936,5015,3319,15465,16398,15473,9254,7643
"48439",2019,73750,71021,86358,47711,28692,69940,75520,76890,46043,28892,143690,146541,163248,93754,57584
"48441",2019,5056,4574,5029,2477,2583,4889,3581,5481,3162,2846,9945,8155,10510,5639,5429
"48451",2019,4147,3521,4280,2321,2154,3830,3787,3695,2395,2099,7977,7308,7975,4716,4253
"48453",2019,39393,38282,38731,21135,16952,37376,33450,39531,22044,16906,76769,71732,78262,43179,33858
"48469",2019,2097,3035,3512,2303,1539,3914,3869,2585,1709,1381,6011,6904,6097,4012,2920
"48471",2019,1529,1003,2301,867,2295,1125,731,2558,616,2356,2654,1734,4859,1483,4651
"48479",2019,12578,11667,13254,7332,5150,12024,12894,11963,7364,4835,24602,24561,25217,14696,9985
"48485",2019,4380,4489,3568,2259,2956,3877,5061,3909,2120,1528,8257,9550,7477,4379,4484
"48491",2019,19355,22693,21328,12719,7473,18530,18302,23420,13223,6704,37885,40995,44748,25942,14177
"48497",2019,2249,2291,2907,1796,718,2495,2011,2631,1199,1165,4744,4302,5538,2995,1883
"49005",2019,5191,5146,5678,2998,2708,5363,5907,4717,3390,3317,10554,11053,10395,6388,6025
"49011",2019,15111,17615,16346,10159,5400,13458,16712,14594,8813,4503,28569,34327,30940,18972,9903
"49035",2019,41653,42358,46069,25825,15666,41402,43096,41666,27077,14224,83055,85454,87735,52902,29890
"49045",2019,3547,2254,4380,2051,723,2283,3799,3236,1683,1154,5830,6053,7616,3734,1877
"49049",2019,30066,29221,30573,17568,12357,28437,28390,28515,16515,13557,58503,57611,59088,34083,25914
"49053",2019,6129,5734,7610,4143,2391,5145,6117,6414,3735,1752,11274,11851,14024,7878,4143
"49057",2019,10147,9080,11542,5987,3067,9441,9184,10834,6281,3593,19588,18264,22376,12268,6660
"50007",2019,4054,3826,4432,2878,3624,3502,3662,3569,2616,4238,7556,7488,8001,5494,7862
"51003",2019,3069,3108,3263,2305,3063,2491,3014,2538,1765,2972,5560,6122,5801,4070,6035
"51013",2019,6470,5024,6912,2402,1541,7244,4763,6970,3199,1975,13714,9787,13882,5601,3516
"51015",2019,1468,1858,1860,1501,734,1532,2103,1546,1137,778,3000,3961,3406,2638,1512
"51019",2019,1723,3034,2006,1560,707,1753,1944,2524,1437,1389,3476,4978,4530,2997,2096
"51041",2019,11061,12235,11814,7701,4582,10250,9681,13039,7338,3439,21311,21916,24853,15039,8021
"51059",2019,36853,37564,39031,23540,14929,34982,31726,41061,22174,13469,71835,69290,80092,45714,28398
"51061",2019,1892,2691,2148,1387,1518,2101,2393,2276,1563,552,3993,5084,4424,2950,2070
"51069",2019,2435,2965,3786,1764,889,2377,2289,3335,1359,698,4812,5254,7121,3123,1587
"51085",2019,2627,3530,3898,2113,1493,2439,2824,3716,2201,2123,5066,6354,7614,4314,3616
"51087",2019,10408,10292,11558,7003,3017,8675,9839,10560,5866,3099,19083,20131,22118,12869,6116
"51095",2019,1648,2377,2292,861,693,1971,1639,2213,2058,516,3619,4016,4505,2919,1209
"51107",2019,14182,14654,19645,10151,5559,14053,16962,15873,9746,4811,28235,31616,35518,19897,10370
"51121",2019,2185,1071,2636,1210,5966,1920,1883,2126,1045,4313,4105,2954,4762,2255,10279
"51153",2019,17724,17645,19030,10667,6041,16389,16923,17593,10339,5754,34113,34568,36623,21006,11795
"51161",2019,2695,1771,3489,1947,2117,1813,2439,2858,1506,1912,4508,4210,6347,3453,4029
"51165",2019,2295,2758,2675,1671,974,2151,2349,2364,1564,910,4446,5107,5039,3235,1884
"51177",2019,4724,4839,5092,3291,2004,3607,4018,5686,2635,1797,8331,8857,10778,5926,3801
"51179",2019,5186,5426,6164,3278,2288,4721,6110,4970,3923,1727,9907,11536,11134,7201,4015
"51199",2019,2277,2442,2034,985,1115,1954,1538,3442,1378,809,4231,3980,5476,2363,1924
"51510",2019,5792,4201,3044,1778,1323,5220,3426,3692,1539,819,11012,7627,6736,3317,2142
"51550",2019,8167,8297,8776,4938,2989,7310,7983,8488,5212,3249,15477,16280,17264,10150,6238
"51650",2019,4094,2924,5387,2402,2260,3862,3824,3673,2080,2573,7956,6748,9060,4482,4833
"51680",2019,2881,1600,2504,1350,1991,2397,1953,2477,788,3339,5278,3553,4981,2138,5330
"51700",2019,6594,5470,6028,3377,3236,6796,6104,4774,2610,3207,13390,11574,10802,5987,6443
"51710",2019,7903,6547,6346,3037,6359,7451,6521,6042,3011,5009,15354,13068,12388,6048,11368
"51740",2019,2471,3649,2280,1495,1402,4073,2869,3151,1484,1853,6544,6518,5431,2979,3255
"51760",2019,7009,6552,3900,3168,3960,6376,5519,4510,2197,4654,13385,12071,8410,5365,8614
"51770",2019,2885,2901,3452,1772,1714,3427,2614,2989,1654,853,6312,5515,6441,3426,2567
"51800",2019,3329,3565,2927,1860,2013,2745,2212,3594,1807,1025,6074,5777,6521,3667,3038
"51810",2019,14252,15364,12863,8343,6574,13653,13104,13689,7780,4892,27905,28468,26552,16123,11466
"53005",2019,6660,8116,7716,5329,2267,7116,7170,7415,4171,2507,13776,15286,15131,9500,4774
"53007",2019,1983,2382,3260,1709,1515,2501,2582,2514,1373,1316,4484,4964,5774,3082,2831
"53009",2019,1776,2102,1789,979,747,1340,1871,1927,1133,606,3116,3973,3716,2112,1353
"53011",2019,15371,14986,18255,9995,6279,13829,15778,16062,10409,5193,29200,30764,34317,20404,11472
"53015",2019,3146,3669,3705,2470,647,3198,3747,3249,2014,949,6344,7416,6954,4484,1596
"53021",2019,4431,4688,3890,2191,823,4213,4374,4578,2825,1299,8644,9062,8468,5016,2122
"53025",2019,3815,4954,3315,1334,1926,3632,4276,4069,3422,1242,7447,9230,7384,4756,3168
"53027",2019,1619,1749,2900,1006,278,2233,1511,2105,2151,1393,3852,3260,5005,3157,1671
"53029",2019,2914,2488,1500,1650,1352,2463,1561,2139,470,946,5377,4049,3639,2120,2298
"53033",2019,64464,62337,66125,36143,24187,62935,58099,66149,35364,23841,127399,120436,132274,71507,48028
"53035",2019,8338,6925,8612,4213,3263,7387,8228,6449,4786,2911,15725,15153,15061,8999,6174
"53041",2019,2538,2882,2290,1680,812,2024,1848,2544,1400,957,4562,4730,4834,3080,1769
"53045",2019,1576,2674,1824,637,1112,1390,1892,1662,1376,390,2966,4566,3486,2013,1502
"53053",2019,29830,30642,29957,17111,11020,29484,29812,27712,15907,9789,59314,60454,57669,33018,20809
"53057",2019,3792,3825,3960,1861,1606,3682,3592,4476,2590,1408,7474,7417,8436,4451,3014
"53061",2019,26495,24911,28231,14840,9178,25567,25368,23884,14955,7097,52062,50279,52115,29795,16275
"53063",2019,16195,16746,16310,10179,6724,15182,12367,18977,8894,7962,31377,29113,35287,19073,14686
"53067",2019,9007,9144,7458,5655,3991,8113,9352,7880,5098,3270,17120,18496,15338,10753,7261
"53073",2019,6235,6127,6917,3338,3887,5493,7573,4714,3673,4540,11728,13700,11631,7011,8427
"53077",2019,10461,9882,11244,6249,3562,8971,10238,10722,5922,3330,19432,20120,21966,12171,6892
"54003",2019,3480,4271,4020,2234,843,3413,4170,3451,2397,1499,6893,8441,7471,4631,2342
"54011",2019,2761,2760,2624,1529,1480,2230,2483,2137,1565,2027,4991,5243,4761,3094,3507
"54033",2019,1857,1944,2215,1176,759,1683,1719,2526,1224,683,3540,3663,4741,2400,1442
"54039",2019,4965,4110,5742,2882,1703,4493,4833,5170,3175,1507,9458,8943,10912,6057,3210
"54061",2019,2752,2081,2531,1423,2857,2811,2618,1741,1315,3653,5563,4699,4272,2738,6510
"54081",2019,1857,2248,2425,1230,910,1539,2488,2086,1211,668,3396,4736,4511,2441,1578
"54107",2019,2267,2120,2568,1803,907,2491,1642,3194,1372,791,4758,3762,5762,3175,1698
"55009",2019,8571,7931,9576,5196,4206,7916,9582,8095,5353,3531,16487,17513,17671,10549,7737
"55025",2019,15351,15252,16346,9488,8723,14743,15133,15209,8745,8674,30094,30385,31555,18233,17397
"55027",2019,1831,2165,2693,1666,875,1999,2452,3607,2031,701,3830,4617,6300,3697,1576
"55035",2019,2951,2339,3780,1842,2536,2814,3119,2395,1681,3993,5765,5458,6175,3523,6529
"55039",2019,2308,3595,1737,1752,1273,3704,3123,3083,1903,1762,6012,6718,4820,3655,3035
"55055",2019,2352,2837,2173,1696,1174,2322,2754,2105,1668,1368,4674,5591,4278,3364,2542
"55059",2019,4786,5841,4980,3389,2862,4689,4683,6658,3567,2505,9475,10524,11638,6956,5367
"55063",2019,2996,3107,3811,2003,2018,2832,3706,2950,1729,3020,5828,6813,6761,3732,5038
"55071",2019,1927,2395,2713,1837,735,1545,1776,2488,1474,696,3472,4171,5201,3311,1431
"55073",2019,4430,4351,4480,3054,1474,3648,4044,4886,2200,1164,8078,8395,9366,5254,2638
"55079",2019,32561,31934,31984,17931,13320,31386,30760,31229,17636,13140,63947,62694,63213,35567,26460
"55087",2019,6061,5702,6900,3797,2144,5412,6863,5679,3409,2251,11473,12565,12579,7206,4395
"55089",2019,2117,2665,2887,1947,1179,2156,2132,3393,1654,1164,4273,4797,6280,3601,2343
"55097",2019,1648,2095,2077,1101,1908,1659,2248,1322,1047,1798,3307,4343,3399,2148,3706
"55101",2019,5575,5710,7163,4844,2500,5962,6390,6206,3232,1742,11537,12100,13369,8076,4242
"55105",2019,4956,4595,6226,3171,2287,4859,4302,5131,4161,2194,9815,8897,11357,7332,4481
"55109",2019,2785,2429,4163,2088,1028,2627,2985,3396,1797,1015,5412,5414,7559,3885,2043
"55117",2019,3369,3275,3744,1975,1336,2977,4538,3305,1940,964,6346,7813,7049,3915,2300
"55127",2019,2487,2515,3748,2574,2012,2172,2943,2843,1754,1571,4659,5458,6591,4328,3583
"55131",2019,4083,3720,4164,2887,1356,3388,4213,3701,2994,1192,7471,7933,7865,5881,2548
"55133",2019,10174,11235,13846,9056,4838,10246,10740,13116,7639,4063,20420,21975,26962,16695,8901
"55139",2019,5027,5281,4970,3112,2266,4076,5521,3969,3049,2918,9103,10802,8939,6161,5184
"55141",2019,2322,1534,2652,1374,734,1977,2519,1997,1279,573,4299,4053,4649,2653,1307
"56021",2019,3066,4228,2683,2074,1273,2510,3188,3505,1729,1003,5576,7416,6188,3803,2276
"56025",2019,2271,2417,4097,1802,806,2029,2982,2175,1583,940,4300,5399,6272,3385,1746
"72013",2019,1565,984,3261,1553,1179,1459,2460,1650,1397,551,3024,3444,4911,2950,1730
"72021",2019,3196,4738,3759,2912,2283,3054,4148,3894,2816,2094,6250,8886,7653,5728,4377
"72025",2019,2151,2435,4244,2352,1738,2156,3044,3406,2314,1659,4307,5479,7650,4666,3397
"72031",2019,2567,3072,4250,2630,1997,2576,3540,3834,2524,1999,5143,6612,8084,5154,3996
"72061",2019,1429,1644,2129,1354,857,1345,1822,1811,1304,934,2774,3466,3940,2658,1791
"72097",2019,1256,2335,1157,1353,1588,1204,1314,2024,1238,1483,2460,3649,3181,2591,3071
"72113",2019,2747,3293,4112,2340,1943,2608,3145,3992,2284,1781,5355,6438,8104,4624,3724
"72127",2019,6173,8087,7168,5452,4100,5898,6687,8509,5482,4529,12071,14774,15677,10934,8629
"72135",2019,841,2236,2877,970,1119,712,1059,3054,1880,1020,1553,3295,5931,2850,2139
"72137",2019,1384,1529,2472,1346,1074,1307,1530,2420,1344,1082,2691,3059,4892,2690,2156
"72139",2019,259,1409,2221,783,1180,1872,1272,2118,1550,1811,2131,2681,4339,2333,2991
"01003",2021,5763,7178,7566,3906,2470,6597,5670,9400,4549,2546,12360,12848,16966,8455,5016
"01015",2021,3036,3200,3963,2106,2206,3442,4174,2721,2409,2059,6478,7374,6684,4515,4265
"01043",2021,2627,1768,3882,1710,1009,2395,2647,3072,1585,973,5022,4415,6954,3295,1982
"01049",2021,2966,2771,2031,1262,680,3114,1919,2048,1436,770,6080,4690,4079,2698,1450
"01051",2021,2308,2675,3587,1988,890,2359,2801,2375,1747,1068,4667,5476,5962,3735,1958
"01055",2021,3110,3328,3081,1641,2083,2907,3130,3132,1977,1039,6017,6458,6213,3618,3122
"01069",2021,3431,2847,4269,2353,1147,3073,2977,3558,1979,1107,6504,5824,7827,4332,2254
"01073",2021,21140,25733,18431,12792,8445,19834,18592,23775,12778,8377,40974,44325,42206,25570,16822
"01077",2021,2466,2800,2778,1495,829,2317,2695,2626,1715,1131,4783,5495,5404,3210,1960
"01081",2021,5233,4610,6610,3190,4229,4222,3875,6553,2991,4800,9455,8485,13163,6181,9029
"01083",2021,2476,1827,4176,2850,895,2337,2930,4956,2154,1797,4813,4757,9132,5004,2692
"01089",2021,11353,10881,14449,7471,4768,10163,10824,13361,7108,5373,21516,21705,27810,14579,10141
"01095",2021,3292,3080,3492,1972,1061,3692,4614,2465,2506,967,6984,7694,5957,4478,2028
"01097",2021,13253,13402,14153,8580,4886,12999,12578,13359,8246,4898,26252,25980,27512,16826,9784
"01101",2021,7428,6877,7929,4512,3624,7674,6083,9131,4428,2715,15102,12960,17060,8940,6339
"01103",2021,3083,4490,3916,2630,1186,3366,3171,4623,3346,1575,6449,7661,8539,5976,2761
"01115",2021,3116,2985,2918,2272,591,2583,1956,3079,1795,1745,5699,4941,5997,4067,2336
"01117",2021,5645,7904,7094,5000,2977,6211,6695,8097,5161,2608,11856,14599,15191,10161,5585
"01121",2021,1921,1609,2183,1738,819,2429,2940,2774,1315,1275,4350,4549,4957,3053,2094
"01125",2021,6884,5993,7636,4150,5063,6331,6136,6983,3818,6316,13215,12129,14619,7968,11379
"02020",2021,9810,10334,9664,5738,5600,8548,10911,8963,4810,2756,18358,21245,18627,10548,8356
"02090",2021,3710,3987,2418,1931,1912,2681,3403,2379,1967,1633,6391,7390,4797,3898,3545
"02170",2021,3660,3374,5225,2657,1130,3388,3765,4637,2326,1197,7048,7139,9862,4983,2327
"04001",2021,1829,2720,2033,1656,1027,1813,2845,2823,1751,814,3642,5565,4856,3407,1841
"04003",2021,3123,5001,2972,2278,1151,3561,3865,3629,2266,1225,6684,8866,6601,4544,2376
"04005",2021,2880,4311,4262,2868,4635,4135,4007,4388,2206,7557,7015,8318,8650,5074,12192
"04013",2021,132235,145212,157149,95345,60648,126124,132857,155964,91481,57238,258359,278069,313113,186826,117886
"04015",2021,4274,5729,4296,3921,1883,4923,4352,5190,3092,1515,9197,10081,9486,7013,3398
"04017",2021,3348,5050,3179,2457,1318,3265,3877,4043,2481,1261,6613,8927,7222,4938,2579
"04019",2021,27419,30415,32155,19310,16415,25678,30263,29361,18707,15695,53097,60678,61516,38017,32110
"04021",2021,12104,15905,13499,8385,5400,12279,15000,13666,8767,3927,24383,30905,27165,17152,9327
"04025",2021,4938,4885,6225,4079,2225,4195,4030,6451,2999,1401,9133,8915,12676,7078,3626
"04027",2021,7076,7642,7449,4980,2990,7034,7073,6904,3820,2716,14110,14715,14353,8800,5706
"05007",2021,9512,12588,9954,6488,3748,9221,11438,9284,6756,3543,18733,24026,19238,13244,7291
"05031",2021,3806,4480,4331,2937,2376,3544,3808,3746,1614,1811,7350,8288,8077,4551,4187
"05045",2021,3626,4674,4257,2471,2013,3280,4043,3896,1914,3907,6906,8717,8153,4385,5920
"05051",2021,2373,2479,2493,2276,897,2926,2373,2737,2160,457,5299,4852,5230,4436,1354
"05069",2021,2829,1876,2022,991,575,855,2014,2113,1717,1067,3684,3890,4135,2708,1642
"05085",2021,2538,2694,2818,1852,893,2051,2366,2833,1552,669,4589,5060,5651,3404,1562
"05119",2021,12754,14687,12180,7456,4054,12018,13745,12380,7290,3946,24772,28432,24560,14746,8000
"05125",2021,3662,5570,3692,2403,1462,2962,3429,4081,2828,988,6624,8999,7773,5231,2450
"05131",2021,3405,4484,3864,2912,984,4910,3523,4826,2134,811,8315,8007,8690,5046,1795
"05143",2021,7976,8871,8212,5140,4930,8079,8560,8490,4370,5223,16055,17431,16702,9510,10153
"05145",2021,2235,1667,3547,1577,1570,2160,2307,2670,1700,1396,4395,3974,6217,3277,2966
"06001",2021,44662,46548,49742,28933,19449,43354,45027,46210,27407,19698,88016,91575,95952,56340,39147
"06007",2021,5124,5783,6717,3592,5051,5786,5587,5906,3907,4422,10910,11370,12623,7499,9473
"06013",2021,31081,32812,42433,24800,13939,30377,33844,38185,23830,12692,61458,66656,80618,48630,26631
"06017",2021,4295,4050,6965,3084,2200,4731,4779,7175,3067,1383,9026,8829,14140,6151,3583
"06019",2021,36859,43408,41060,24320,14064,35139,36494,43678,24595,14072,71998,79902,84738,48915,28136
"06023",2021,2453,3075,4984,2513,2184,3345,3061,4446,2001,3417,5798,6136,9430,4514,5601
"06025",2021,6477,6747,8631,4400,2778,6141,5541,9019,3967,2325,12618,12288,17650,8367,5103
"06029",2021,33770,37443,40216,23206,13703,31942,35120,39461,22192,13233,65712,72563,79677,45398,26936
"06031",2021,4887,5470,6794,3657,1928,5958,4292,6913,3435,1726,10845,9762,13707,7092,3654
"06033",2021,1935,1951,2284,958,603,1689,2777,1257,1201,200,3624,4728,3541,2159,803
"06037",2021,265425,281170,327117,188195,122257,254348,274594,300925,179401,120839,519773,555764,628042,367596,243096
"06039",2021,6040,6394,6356,4095,2490,5083,4499,7858,3632,1744,11123,10893,14214,7727,4234
"06041",2021,5937,8134,6236,5390,2625,5316,6898,7196,4940,3283,11253,15032,13432,10330,5908
"06045",2021,1828,3124,2477,1560,1526,2984,2734,2988,1557,1115,4812,5858,5465,3117,2641
"06047",2021,10119,11983,12709,7764,5452,10371,12106,11138,7060,5297,20490,24089,23847,14824,10749
"06053",2021,14060,15945,16719,10327,6821,14427,15049,16897,9672,7014,28487,30994,33616,19999,13835
"06055",2021,3140,3767,3899,2969,1918,3208,3052,4356,2403,1504,6348,6819,8255,5372,3422
"06057",2021,1978,2435,3272,1416,887,1788,2510,2385,1701,742,3766,4945,5657,3117,1629
"06059",2021,88838,90884,105165,63272,39699,83918,89781,96872,60631,39198,172756,180665,202037,123903,78897
"06061",2021,10483,13155,14419,8887,4799,9833,12937,12985,8221,4509,20316,26092,27404,17108,9308
"06065",2021,74504,87850,90674,56086,34692,71054,77215,92946,54190,34198,145558,165065,183620,110276,68890
"06067",2021,49656,49298,58221,33098,18175,46117,46182,56151,31121,17966,95773,95480,114372,64219,36141
"06069",2021,1425,2869,2431,1742,772,2744,2310,2818,1009,675,4169,5179,5249,2751,1447
"06071",2021,73125,76967,90081,51927,31419,70547,76322,82781,48811,28472,143672,153289,172862,100738,59891
"06073",2021,96002,99788,101990,60097,47667,91282,96071,95659,57481,41329,187284,195859,197649,117578,88996
"06075",2021,18170,15870,15781,8864,5522,16662,14181,15615,8884,7294,34832,30051,31396,17748,12816
"06077",2021,26535,28993,33415,19094,11543,25695,23702,35205,17940,10460,52230,52695,68620,37034,22003
"06079",2021,6130,5177,9226,4731,5820,6246,7050,6692,4432,7442,12376,12227,15918,9163,13262
"06081",2021,19382,20418,22176,13423,7851,18516,21522,18658,12769,6525,37898,41940,40834,26192,14376
"06083",2021,13715,14093,14249,8689,10413,13010,12228,14455,8381,13625,26725,26321,28704,17070,24038
"06085",2021,53361,52907,63245,37620,22675,47584,50437,58765,35240,21725,100945,103344,122010,72860,44400
"06087",2021,5903,7095,7815,4641,6177,5812,6108,7797,4629,7096,11715,13203,15612,9270,13273
"06089",2021,5445,5085,6707,3148,2452,4180,4979,6807,3289,1796,9625,10064,13514,6437,4248
"06095",2021,13105,14123,14796,8283,4845,12378,12245,15560,8585,4757,25483,26368,30356,16868,9602
"06097",2021,11353,12663,14297,9098,5815,10858,10604,15448,8390,6076,22211,23267,29745,17488,11891
"06099",2021,19094,20420,23615,13705,8168,18346,18738,22666,12350,7496,37440,39158,46281,26055,15664
"06101",2021,3064,4151,3140,2989,1022,2990,3782,3018,1461,763,6054,7933,6158,4450,1785
"06103",2021,1355,2536,3190,1949,629,1285,1956,2534,1467,530,2640,4492,5724,3416,1159
"06107",2021,17793,21562,21946,13379,7276,16490,16823,23324,12877,7531,34283,38385,45270,26256,14807
"06111",2021,22562,26227,28978,17543,10695,21686,26168,26377,16901,10705,44248,52395,55355,34444,21400
"06113",2021,5713,6250,6401,4138,5947,5630,6119,5976,4009,7484,11343,12369,12377,8147,13431
"06115",2021,2794,3042,4025,1600,961,3366,2699,3563,1837,1164,6160,5741,7588,3437,2125
"08001",2021,17400,18223,19896,12073,6607,15422,16585,20987,11288,6174,32822,34808,40883,23361,12781
"08005",2021,18792,18655,25163,14081,8142,18246,19506,21849,13126,6702,37038,38161,47012,27207,14844
"08013",2021,6757,8251,9208,5999,7680,6552,7956,9052,5842,7766,13309,16207,18260,11841,15446
"08014",2021,1883,1700,2504,1484,901,1749,2694,2162,1657,962,3632,4394,4666,3141,1863
"08031",2021,19914,17610,19124,10464,7106,19247,18334,17468,10299,7342,39161,35944,36592,20763,14448
"08035",2021,9862,12064,14437,9148,4462,9487,11861,12708,8895,4666,19349,23925,27145,18043,9128
"08041",2021,23205,24508,25742,14980,11995,22085,25417,22152,14729,9062,45290,49925,47894,29709,21057
"08059",2021,14382,15903,15673,10764,6505,13225,14219,15646,9842,5413,27607,30122,31319,20606,11918
"08069",2021,8239,9255,10540,6502,6878,7756,8198,10926,6479,6555,15995,17453,21466,12981,13433
"08077",2021,4122,4056,6745,2963,2143,2927,4403,4772,2948,2235,7049,8459,11517,5911,4378
"08101",2021,4425,5825,5188,3264,2119,4450,4718,5969,3660,1874,8875,10543,11157,6924,3993
"08123",2021,11671,11070,14524,7406,4784,11021,11489,12783,7348,5244,22692,22559,27307,14754,10028
"09001",2021,25663,28023,32729,20581,12859,24800,28053,30721,19935,12538,50463,56076,63450,40516,25397
"09003",2021,24148,24836,28564,17669,11736,22797,27880,23673,17024,11124,46945,52716,52237,34693,22860
"09005",2021,4428,5196,4156,3765,2012,3459,4263,4131,3206,1996,7887,9459,8287,6971,4008
"09007",2021,2644,3594,3940,3560,1964,3329,3348,4151,2710,2169,5973,6942,8091,6270,4133
"09009",2021,21842,24820,24662,16505,12418,21176,20942,26173,15876,12506,43018,45762,50835,32381,24924
"09011",2021,5583,6361,8466,4424,4660,7091,6813,7435,5243,3433,12674,13174,15901,9667,8093
"09013",2021,3110,2065,4774,2561,5413,2389,3516,3055,2873,6114,5499,5581,7829,5434,11527
"09015",2021,2755,3517,3574,2128,1718,2363,3569,2485,2117,1849,5118,7086,6059,4245,3567
"10001",2021,5611,6790,5522,3454,2926,4935,5949,6003,4039,3199,10546,12739,11525,7493,6125
"10003",2021,15838,17200,17630,10451,7852,15086,15761,18231,11372,8811,30924,32961,35861,21823,16663
"10005",2021,5917,6346,6245,3594,1711,5652,6364,6277,4250,1629,11569,12710,12522,7844,3340
"11001",2021,20882,16256,18773,8029,8933,19927,19577,14962,7323,11231,40809,35833,33735,15352,20164
"12001",2021,7268,7359,6656,4533,6910,6240,8467,6342,3857,8554,13508,15826,12998,8390,15464
"12005",2021,5492,3938,6749,3556,773,4449,5016,4977,2954,474,9941,8954,11726,6510,1247
"12009",2021,13762,14422,18550,10391,6159,13308,14992,16369,10522,5029,27070,29414,34919,20913,11188
"12011",2021,53646,55109,61238,35980,19848,51882,50355,61251,35250,19116,105528,105464,122489,71230,38964
"12015",2021,2620,3488,3052,2363,1330,2305,3469,3026,2767,1685,4925,6957,6078,5130,3015
"12017",2021,2885,4071,3072,1897,886,2542,2813,3701,2008,1122,5427,6884,6773,3905,2008
"12019",2021,5041,5477,11151,4204,2426,5711,7114,7792,4745,3167,10752,12591,18943,8949,5593
"12021",2021,7526,8271,10737,5991,3467,7155,7300,11059,5696,3329,14681,15571,21796,11687,6796
"12023",2021,2079,2822,1668,1564,1110,1775,2284,2096,883,416,3854,5106,3764,2447,1526
"12031",2021,32615,31105,33224,18180,11377,31528,33174,28659,17342,10427,64143,64279,61883,35522,21804
"12033",2021,9484,9584,10244,6740,5745,9006,7778,10685,4476,6067,18490,17362,20929,11216,11812
"12035",2021,1436,3259,3030,3249,1265,2863,2138,2811,1153,1487,4299,5397,5841,4402,2752
"12053",2021,4545,4883,6617,3934,1307,3778,5086,5435,3120,2263,8323,9969,12052,7054,3570
"12055",2021,1518,3199,1781,1466,948,2300,2664,3039,1205,508,3818,5863,4820,2671,1456
"12057",2021,43548,46429,48708,28778,18264,41492,42451,47564,26844,17869,85040,88880,96272,55622,36133
"12061",2021,3273,2235,5802,2027,3124,2914,3711,3266,1955,868,6187,5946,9068,3982,3992
"12069",2021,9942,10327,12560,7426,3248,8332,10344,11698,6191,2685,18274,20671,24258,13617,5933
"12071",2021,17945,18012,21608,12784,8167,17142,16543,20534,11525,7789,35087,34555,42142,24309,15956
"12073",2021,7372,6088,10152,4980,7130,6632,6764,8178,4746,10008,14004,12852,18330,9726,17138
"12081",2021,7515,11392,10794,6916,2889,10441,8512,10900,6366,3451,17956,19904,21694,13282,6340
"12083",2021,10573,9077,10096,6458,3079,7463,9446,12245,6345,2905,18036,18523,22341,12803,5984
"12085",2021,2415,3060,4427,1907,1384,3812,4390,2988,3374,1376,6227,7450,7415,5281,2760
"12086",2021,74450,74123,78055,46754,31190,71310,72144,73914,46232,29624,145760,146267,151969,92986,60814
"12087",2021,2221,1615,1843,1930,511,894,1813,1589,521,1176,3115,3428,3432,2451,1687
"12089",2021,1996,2780,2172,1869,1074,2863,3424,1467,1436,110,4859,6204,3639,3305,1184
"12091",2021,6583,7510,5749,3803,2278,7170,8261,5523,3264,1876,13753,15771,11272,7067,4154
"12095",2021,41244,41835,46914,27286,22179,39497,36098,48310,26157,22789,80741,77933,95224,53443,44968
"12097",2021,11454,12854,18097,9133,5347,10484,11545,14804,9050,5286,21938,24399,32901,18183,10633
"12099",2021,37726,39707,41394,25866,15739,36120,35744,42448,25070,15515,73846,75451,83842,50936,31254
"12101",2021,15467,13504,21675,11682,6318,13109,15434,18526,9864,5973,28576,28938,40201,21546,12291
"12103",2021,20779,20768,22364,13672,7396,17352,20889,21013,13424,7484,38131,41657,43377,27096,14880
"12105",2021,21431,24055,24644,15165,9105,20788,21783,24611,14299,9072,42219,45838,49255,29464,18177
"12107",2021,1583,2284,3153,1288,536,1718,2597,1981,1225,754,3301,4881,5134,2513,1290
"12109",2021,6203,9439,10796,6037,4319,6507,7701,10503,6492,2554,12710,17140,21299,12529,6873
"12111",2021,8265,9061,10603,7877,4107,8173,8743,10605,4312,4001,16438,17804,21208,12189,8108
"12113",2021,5499,6810,6110,3990,2485,4476,6538,5884,3222,1448,9975,13348,11994,7212,3933
"12115",2021,8222,5216,13427,6038,3252,6480,7918,8831,6375,3392,14702,13134,22258,12413,6644
"12117",2021,12347,14526,14085,9106,3979,11082,12824,14769,9001,4736,23429,27350,28854,18107,8715
"12119",2021,1268,1274,1368,909,335,1484,1361,1165,668,398,2752,2635,2533,1577,733
"12127",2021,11753,13897,15342,8589,6471,13063,13561,14283,8843,6554,24816,27458,29625,17432,13025
"12131",2021,1522,1492,2493,1868,83,2582,2470,2698,1314,261,4104,3962,5191,3182,344
"13013",2021,2994,3151,3964,2461,994,2056,3011,2644,1731,866,5050,6162,6608,4192,1860
"13015",2021,3089,2859,3977,1980,1655,2833,3692,3858,3463,2144,5922,6551,7835,5443,3799
"13021",2021,5937,5303,5239,3292,2822,4439,4550,6426,2697,2283,10376,9853,11665,5989,5105
"13031",2021,774,2930,2323,1394,2208,2261,2029,2197,1312,3543,3035,4959,4520,2706,5751
"13045",2021,3467,3456,5191,2075,2479,4318,5360,2432,2660,2049,7785,8816,7623,4735,4528
"13047",2021,1487,1522,2861,1667,389,2088,2551,1975,1498,889,3575,4073,4836,3165,1278
"13051",2021,8460,7493,10534,4628,4784,8057,8719,7734,5319,4113,16517,16212,18268,9947,8897
"13057",2021,6686,8324,10387,6026,3191,7637,6939,10675,6780,3644,14323,15263,21062,12806,6835
"13059",2021,3571,3077,3138,1265,4124,2388,2908,3562,1369,9578,5959,5985,6700,2634,13702
"13063",2021,10077,9653,14904,7946,3972,9975,9204,12247,6799,3806,20052,18857,27151,14745,7778
"13067",2021,21887,24667,25406,16141,9660,21256,24502,23917,16167,9680,43143,49169,49323,32308,19340
"13073",2021,4811,6133,5461,4310,1898,4252,4698,7221,3388,2789,9063,10831,12682,7698,4687
"13077",2021,3777,4664,6499,2542,1866,3542,4646,5133,4207,1021,7319,9310,11632,6749,2887
"13089",2021,25043,22594,25584,13698,8314,23994,23110,23529,13602,7380,49037,45704,49113,27300,15694
"13095",2021,2545,1785,3344,2366,945,2673,2222,3321,1644,2508,5218,4007,6665,4010,3453
"13097",2021,4815,4531,5703,3598,1465,3841,3982,6285,3848,667,8656,8513,11988,7446,2132
"13103",2021,2357,2764,2456,1975,1244,1579,2881,2142,1128,568,3936,5645,4598,3103,1812
"13113",2021,2996,3190,5058,3583,1781,2203,2839,4886,2595,1814,5199,6029,9944,6178,3595
"13115",2021,2305,2398,5570,1931,1493,2357,3157,2649,1987,2404,4662,5555,8219,3918,3897
"13117",2021,7485,9201,11673,6382,3397,6543,10301,9760,6902,2753,14028,19502,21433,13284,6150
"13121",2021,29202,30877,33336,20107,16236,28218,31038,31089,19970,16410,57420,61915,64425,40077,32646
"13127",2021,2663,2697,2762,1402,1769,1395,2583,2503,1906,1638,4058,5280,5265,3308,3407
"13135",2021,30123,32747,41062,24491,13204,28795,32676,39785,24032,12526,58918,65423,80847,48523,25730
"13139",2021,6457,5598,8789,4784,2362,6500,6876,7216,4266,2365,12957,12474,16005,9050,4727
"13151",2021,7028,7589,9657,5428,2665,6330,8020,10479,6960,2854,13358,15609,20136,12388,5519
"13153",2021,4539,5890,6024,5252,2146,5402,5909,6779,2431,1778,9941,11799,12803,7683,3924
"13157",2021,2178,3820,2490,2863,1535,1864,1646,4457,1045,1796,4042,5466,6947,3908,3331
"13179",2021,3186,2032,1833,1412,1479,3162,3775,2305,1008,1433,6348,5807,4138,2420,2912
"13185",2021,4729,4282,3653,3016,2198,3952,4110,3764,1877,2630,8681,8392,7417,4893,4828
"13215",2021,7292,8439,6092,4327,2862,6748,7493,6981,3703,2252,14040,15932,13073,8030,5114
"13217",2021,3218,3450,4999,2211,2156,3727,3740,5342,2722,2171,6945,7190,10341,4933,4327
"13223",2021,6267,5277,7719,3209,3571,4288,6280,6890,4640,3049,10555,11557,14609,7849,6620
"13245",2021,6795,8247,6026,3948,3642,6155,4680,7595,3433,2996,12950,12927,13621,7381,6638
"13247",2021,2618,2952,3836,2097,858,3010,2051,4229,1765,952,5628,5003,8065,3862,1810
"13255",2021,2864,1815,2616,1258,352,1475,2191,1682,1977,104,4339,4006,4298,3235,456
"13285",2021,2330,2421,2671,2128,558,1695,1336,2041,1509,744,4025,3757,4712,3637,1302
"13295",2021,1928,1773,2552,1395,1416,1882,1594,2419,1093,779,3810,3367,4971,2488,2195
"13297",2021,3279,3306,3741,3241,976,2793,3509,3068,1012,1013,6072,6815,6809,4253,1989
"13313",2021,3595,2858,4963,2594,1276,2667,3806,3048,2255,2072,6262,6664,8011,4849,3348
"15001",2021,6248,5277,7568,3776,1766,4574,4701,7364,3324,1456,10822,9978,14932,7100,3222
"15003",2021,30190,31146,30274,16251,11998,28611,27677,30004,15959,9858,58801,58823,60278,32210,21856
"15007",2021,930,2884,3336,1496,800,1656,2223,2419,955,849,2586,5107,5755,2451,1649
"15009",2021,4448,4303,6418,3302,1459,4563,5446,4492,2386,1264,9011,9749,10910,5688,2723
"16001",2021,13471,16371,17999,11270,6076,13411,14208,18564,10597,5902,26882,30579,36563,21867,11978
"16005",2021,2696,2958,3920,2270,1481,2250,3004,2939,2294,1561,4946,5962,6859,4564,3042
"16019",2021,4791,5859,4566,2864,1466,4925,5460,6680,3191,1532,9716,11319,11246,6055,2998
"16027",2021,8097,11312,8667,5809,3567,8013,8570,9977,5445,3018,16110,19882,18644,11254,6585
"16055",2021,6304,7355,4329,3792,1982,4230,4470,7249,3158,1507,10534,11825,11578,6950,3489
"16083",2021,2696,3485,4690,2471,1486,2953,3995,2536,2153,941,5649,7480,7226,4624,2427
"17019",2021,6758,5108,5339,2828,8420,5316,6615,4761,2675,6590,12074,11723,10100,5503,15010
"17031",2021,148535,162009,157446,98661,61158,142280,151133,156085,95348,60657,290815,313142,313531,194009,121815
"17037",2021,2680,3099,3075,1740,2658,2601,3544,3307,1668,2236,5281,6643,6382,3408,4894
"17043",2021,26316,29353,30717,20055,11993,25201,28760,28113,18321,10580,51517,58113,58830,38376,22573
"17089",2021,15096,15637,20660,13040,6841,15198,16755,17849,11751,7063,30294,32392,38509,24791,13904
"17091",2021,3297,3682,3081,2518,1664,2873,3334,3163,1885,2154,6170,7016,6244,4403,3818
"17093",2021,4759,5373,6215,3319,2754,3149,5143,5686,3581,3023,7908,10516,11901,6900,5777
"17097",2021,19342,24141,24988,16733,12768,18763,22746,24378,16127,9292,38105,46887,49366,32860,22060
"17099",2021,3051,3725,3083,2240,1340,2405,2893,3240,2039,1170,5456,6618,6323,4279,2510
"17111",2021,7860,10206,11133,7184,4489,7932,9683,10122,6816,3777,15792,19889,21255,14000,8266
"17113",2021,4716,4613,6392,3532,4252,4258,4555,5564,2522,5226,8974,9168,11956,6054,9478
"17115",2021,3173,3294,3191,1726,1320,2984,3748,2443,2232,1501,6157,7042,5634,3958,2821
"17119",2021,6967,8802,7877,5696,3103,7033,7904,8314,4807,3302,14000,16706,16191,10503,6405
"17143",2021,5592,7333,5440,3926,2677,5842,6898,4817,3054,2229,11434,14231,10257,6980,4906
"17161",2021,4278,4253,4871,2687,2380,3904,4529,4830,2715,1618,8182,8782,9701,5402,3998
"17163",2021,7736,9101,7573,5457,2980,7382,7493,9636,5252,2568,15118,16594,17209,10709,5548
"17167",2021,6061,6276,6197,4201,2341,4827,4696,7019,3689,1785,10888,10972,13216,7890,4126
"17179",2021,3577,4154,4637,2596,1252,3553,4196,4073,2519,1615,7130,8350,8710,5115,2867
"17183",2021,2027,1746,2325,1843,765,2004,2681,3066,1383,663,4031,4427,5391,3226,1428
"17197",2021,19950,24973,23688,17108,9484,18284,20633,26159,16291,8827,38234,45606,49847,33399,18311
"17199",2021,1777,2399,1670,1466,793,1720,1941,1832,1178,733,3497,4340,3502,2644,1526
"17201",2021,9123,10015,9099,5773,3413,8284,9090,9244,5788,3819,17407,19105,18343,11561,7232
"18003",2021,13902,13620,15056,8682,4647,12493,13840,13312,8300,4301,26395,27460,28368,16982,8948
"18005",2021,3535,3050,2680,1886,429,2337,2809,1934,1696,430,5872,5859,4614,3582,859
"18011",2021,2104,2557,3342,1733,697,2287,1725,3090,1691,770,4391,4282,6432,3424,1467
"18019",2021,3479,4236,3620,2615,1293,3896,3641,3853,1959,989,7375,7877,7473,4574,2282
"18035",2021,2651,3038,2945,1679,3222,2936,3323,2341,1543,3972,5587,6361,5286,3222,7194
"18039",2021,6293,7676,8730,5166,2099,8231,7183,8350,4920,2597,14524,14859,17080,10086,4696
"18043",2021,2868,1839,2798,1561,1267,2218,2357,2901,1347,460,5086,4196,5699,2908,1727
"18053",2021,1639,2779,2311,970,889,1798,1663,1761,1138,946,3437,4442,4072,2108,1835
"18057",2021,10869,13613,13633,8738,4729,10138,13809,12851,8322,4506,21007,27422,26484,17060,9235
"18059",2021,2640,1971,3489,1964,1242,2559,2589,2483,1485,487,5199,4560,5972,3449,1729
"18063",2021,4199,4525,8889,4211,2210,4751,5535,7384,4225,2146,8950,10060,16273,8436,4356
"18067",2021,2664,2255,3228,1578,1284,2192,2373,2405,1612,805,4856,4628,5633,3190,2089
"18081",2021,4321,4270,8866,3247,1996,4344,5762,5737,3627,1708,8665,10032,14603,6874,3704
"18085",2021,2556,1869,4095,1784,686,2338,2264,2709,1405,463,4894,4133,6804,3189,1149
"18089",2021,14553,15050,18822,10882,6337,14216,15420,16983,10265,5812,28769,30470,35805,21147,12149
"18091",2021,3604,2968,3677,2377,1561,2974,3072,2925,2523,922,6578,6040,6602,4900,2483
"18095",2021,3441,4282,3829,2992,1571,3389,3476,4180,2286,1468,6830,7758,8009,5278,3039
"18097",2021,34223,35185,33720,19683,11667,32883,28231,37515,18706,11954,67106,63416,71235,38389,23621
"18105",2021,2891,3681,3060,2772,7247,2674,2947,3088,696,8844,5565,6628,6148,3468,16091
"18109",2021,1991,2475,2280,1483,771,1843,2658,1766,1582,786,3834,5133,4046,3065,1557
"18127",2021,4055,4914,6944,3382,2251,3899,3837,6133,4006,2421,7954,8751,13077,7388,4672
"18141",2021,9381,10245,7902,6031,4742,7590,7473,9745,5410,5141,16971,17718,17647,11441,9883
"18157",2021,5339,5044,5788,2775,7917,4879,5800,4950,3401,6239,10218,10844,10738,6176,14156
"18163",2021,5269,6666,4449,3358,2591,4971,5172,5853,3129,2828,10240,11838,10302,6487,5419
"18167",2021,3297,3143,2942,1695,3665,2468,2481,3375,1927,1958,5765,5624,6317,3622,5623
"18177",2021,1620,2353,1687,1510,1116,1835,2364,2155,1341,820,3455,4717,3842,2851,1936
"19013",2021,3658,4134,4049,2562,2364,3936,4245,3671,2424,2725,7594,8379,7720,4986,5089
"19049",2021,3501,4307,3861,2102,663,3348,4589,4204,1867,813,6849,8896,8065,3969,1476
"19061",2021,2793,3297,2962,1889,1783,2818,3061,3061,2487,1264,5611,6358,6023,4376,3047
"19103",2021,3834,5848,3481,3128,3486,3504,3812,3835,3069,4013,7338,9660,7316,6197,7499
"19113",2021,7056,5843,9621,5182,3417,6102,6719,7447,4203,3103,13158,12562,17068,9385,6520
"19153",2021,16416,16710,18148,10385,5889,16020,15360,18278,10187,5792,32436,32070,36426,20572,11681
"19155",2021,2738,3534,2621,1963,1393,2419,2696,3112,1729,1938,5157,6230,5733,3692,3331
"19163",2021,5786,6623,5501,4018,2667,4793,5057,6275,2960,2066,10579,11680,11776,6978,4733
"19169",2021,2209,2227,2037,1442,6786,1991,2379,2683,1330,4615,4200,4606,4720,2772,11401
"19193",2021,3683,4058,4247,2775,1426,3302,4102,3282,2206,1794,6985,8160,7529,4981,3220
"20015",2021,1693,2400,2813,1847,1369,1712,2307,2502,1575,886,3405,4707,5315,3422,2255
"20045",2021,2702,2974,2591,2051,5159,3192,3020,2720,1656,3984,5894,5994,5311,3707,9143
"20091",2021,18107,20943,21120,12955,7439,18214,20114,20561,13154,6179,36321,41057,41681,26109,13618
"20103",2021,2547,3962,2601,2591,837,1901,2775,2113,952,1338,4448,6737,4714,3543,2175
"20161",2021,1715,1698,1730,1038,2454,1695,1557,1858,627,3109,3410,3255,3588,1665,5563
"20173",2021,17177,16912,21786,11632,6814,16273,16302,21038,11101,6992,33450,33214,42824,22733,13806
"20177",2021,5007,5519,6324,4116,1470,5217,6193,5558,3571,1800,10224,11712,11882,7687,3270
"20209",2021,6553,7295,7457,3863,1904,6022,4838,6430,3570,1805,12575,12133,13887,7433,3709
"21015",2021,4465,5482,5258,3291,1478,4191,4458,5196,2953,1009,8656,9940,10454,6244,2487
"21029",2021,2254,2179,2601,1695,838,1875,2594,2880,1500,776,4129,4773,5481,3195,1614
"21037",2021,2468,3281,2124,1693,1164,2551,2735,2573,1653,947,5019,6016,4697,3346,2111
"21047",2021,3818,3384,2002,747,2005,2550,2784,3453,1101,925,6368,6168,5455,1848,2930
"21059",2021,2737,3293,3650,2196,1380,3411,3202,4104,2168,1274,6148,6495,7754,4364,2654
"21067",2021,9274,9692,9328,6127,5706,8899,7788,10355,5274,7352,18173,17480,19683,11401,13058
"21093",2021,3534,3336,5024,2346,1401,3102,3762,4027,2417,749,6636,7098,9051,4763,2150
"21111",2021,23735,25890,23246,14519,9056,22948,20895,25484,14698,9008,46683,46785,48730,29217,18064
"21117",2021,4911,5937,6137,3576,1672,5175,4909,5673,3265,1629,10086,10846,11810,6841,3301
"21145",2021,1969,2922,2004,1302,701,1418,1680,2405,1308,802,3387,4602,4409,2610,1503
"21151",2021,3021,3448,2674,1933,2966,2157,3049,1998,1536,3365,5178,6497,4672,3469,6331
"21185",2021,1579,1613,4061,1703,1163,1537,1935,2601,1729,1212,3116,3548,6662,3432,2375
"21199",2021,2003,1701,2512,929,756,1835,1893,2154,1508,923,3838,3594,4666,2437,1679
"21227",2021,4316,4406,4526,2673,2767,4202,4378,4425,2904,4463,8518,8784,8951,5577,7230
"22005",2021,4858,5405,4637,1380,1452,3599,6224,4486,3417,643,8457,11629,9123,4797,2095
"22015",2021,4404,4046,5169,2791,1580,4049,4358,4515,2640,2632,8453,8404,9684,5431,4212
"22017",2021,7492,6856,8075,4857,2278,7659,8002,6831,4733,2776,15151,14858,14906,9590,5054
"22019",2021,6183,6544,7415,4430,3109,8209,6302,7202,4404,2743,14392,12846,14617,8834,5852
"22033",2021,14775,15872,13128,8351,7117,13818,13714,15075,8249,8017,28593,29586,28203,16600,15134
"22045",2021,1587,2578,2658,1784,1045,2958,2281,2555,1469,1025,4545,4859,5213,3253,2070
"22051",2021,13266,14147,13192,8187,3464,13638,12241,13883,7753,5186,26904,26388,27075,15940,8650
"22055",2021,8238,7398,9264,5023,2705,7256,7492,8615,4709,2768,15494,14890,17879,9732,5473
"22057",2021,2526,2985,3626,2380,895,2788,3305,2536,2295,1083,5314,6290,6162,4675,1978
"22063",2021,4106,4930,6383,3058,2019,4629,3934,6887,3315,1398,8735,8864,13270,6373,3417
"22071",2021,10717,11052,10012,5999,3870,9992,9281,11496,5938,4037,20709,20333,21508,11937,7907
"22073",2021,4872,4283,6718,4497,2101,5071,5006,5899,2426,1982,9943,9289,12617,6923,4083
"22079",2021,3089,3658,5507,2851,1582,5064,3014,5650,2814,1267,8153,6672,11157,5665,2849
"22097",2021,3763,2303,4028,1836,1360,1940,2759,3246,1984,806,5703,5062,7274,3820,2166
"22103",2021,8042,8101,10206,6272,3026,7465,10230,8313,5231,3385,15507,18331,18519,11503,6411
"22105",2021,5551,3951,5888,2342,2406,3316,4937,4257,2971,2714,8867,8888,10145,5313,5120
"22109",2021,3269,3312,3512,2451,1433,4220,3843,4658,1836,550,7489,7155,8170,4287,1983
"23001",2021,3105,3185,3347,2554,1325,2856,3409,2716,2138,1056,5961,6594,6063,4692,2381
"23003",2021,1554,1538,1920,1253,842,1611,1548,1765,1050,748,3165,3086,3685,2303,1590
"23005",2021,7073,7025,8598,4844,3525,7161,7264,8545,4854,3315,14234,14289,17143,9698,6840
"23011",2021,2754,2665,4021,2064,1371,3028,3430,2872,2112,1358,5782,6095,6893,4176,2729
"23019",2021,3212,3925,3754,2916,2720,3199,4315,3114,2733,2647,6411,8240,6868,5649,5367
"23031",2021,4929,5391,6189,3909,2283,4439,6029,4506,3377,2189,9368,11420,10695,7286,4472
"24001",2021,1463,1998,1248,1102,1048,1363,1280,1800,903,1601,2826,3278,3048,2005,2649
"24003",2021,17756,19017,19306,10912,6143,17069,16714,19876,10955,5818,34825,35731,39182,21867,11961
"24005",2021,24622,26496,26642,16530,11041,24047,27881,23409,15905,11878,48669,54377,50051,32435,22919
"24009",2021,2340,3251,3563,2183,1367,2738,2278,3524,1847,1399,5078,5529,7087,4030,2766
"24013",2021,4696,5182,6453,3503,2227,4342,4895,5830,3128,2172,9038,10077,12283,6631,4399
"24015",2021,2673,2364,4039,3101,1398,3032,2635,3092,1954,747,5705,4999,7131,5055,2145
"24017",2021,4451,4916,7420,3318,2314,4478,4409,6271,4352,2179,8929,9325,13691,7670,4493
"24021",2021,7864,9226,9789,5398,3785,8335,8653,9648,6178,3513,16199,17879,19437,11576,7298
"24025",2021,6898,9246,8895,6180,2541,7186,7953,8085,4150,2559,14084,17199,16980,10330,5100
"24027",2021,9319,11967,12144,7688,4094,8915,10304,12800,7369,3377,18234,22271,24944,15057,7471
"24031",2021,31171,34377,36449,22077,11822,29826,30498,35735,21152,11032,60997,64875,72184,43229,22854
"24033",2021,30226,29852,29995,17248,12372,29216,27347,30154,16874,13612,59442,57199,60149,34122,25984
"24037",2021,3333,4951,2972,2133,880,3701,4113,3741,2250,1092,7034,9064,6713,4383,1972
"24043",2021,3515,4727,5138,3167,1774,4743,4612,4915,2646,1754,8258,9339,10053,5813,3528
"24045",2021,2747,3620,3742,2309,2496,2604,3556,2579,2026,2423,5351,7176,6321,4335,4919
"24510",2021,17520,14924,17763,9302,7816,16759,15427,15992,9175,7400,34279,30351,33755,18477,15216
"25001",2021,3912,3524,5954,3417,2152,4148,4737,4983,2938,1707,8060,8261,10937,6355,3859
"25003",2021,2434,2729,2962,1936,1829,2951,2884,2812,2148,2393,5385,5613,5774,4084,4222
"25005",2021,14980,15986,18197,11136,7397,14554,17174,16176,10990,7228,29534,33160,34373,22126,14625
"25009",2021,21906,23566,24992,16093,10461,21416,21836,24074,14717,11026,43322,45402,49066,30810,21487
"25011",2021,1093,1458,2089,1206,660,1287,2151,1589,1005,805,2380,3609,3678,2211,1465
"25013",2021,11246,13102,15758,9425,7219,12677,13128,13455,9138,6633,23923,26230,29213,18563,13852
"25015",2021,2814,2898,4255,2003,5809,2220,3487,3350,1931,10308,5034,6385,7605,3934,16117
"25017",2021,41504,46042,45825,28687,23156,39636,43003,43951,27481,22944,81140,89045,89776,56168,46100
"25021",2021,19204,20140,22707,14174,8218,18133,19830,21176,13694,9867,37337,39970,43883,27868,18085
"25023",2021,13496,15903,16462,11212,6530,13322,15958,14737,9915,6371,26818,31861,31199,21127,12901
"25025",2021,18984,15181,18776,10587,16206,18682,13996,19300,9974,18054,37666,29177,38076,20561,34260
"25027",2021,22538,22045,29780,16996,12113,21285,23101,26116,16413,12006,43823,45146,55896,33409,24119
"26005",2021,3474,4944,3813,2471,1620,3237,3440,4606,2661,1040,6711,8384,8419,5132,2660
"26017",2021,2126,2986,2507,2091,1176,2488,1483,3901,2016,841,4614,4469,6408,4107,2017
"26021",2021,4361,3882,5126,3107,1912,4022,4311,5144,3041,1934,8383,8193,10270,6148,3846
"26025",2021,3895,4294,4858,2562,1481,4008,4292,4102,2337,2220,7903,8586,8960,4899,3701
"26037",2021,2099,2382,2426,1819,1190,2121,1701,3048,1491,723,4220,4083,5474,3310,1913
"26045",2021,2958,3047,3581,2043,1386,2765,2778,3519,1626,1652,5723,5825,7100,3669,3038
"26049",2021,11550,12406,14263,8097,4301,11060,11135,13695,8090,4634,22610,23541,27958,16187,8935
"26055",2021,2723,2389,2887,1573,1051,2258,2415,2874,1953,651,4981,4804,5761,3526,1702
"26065",2021,7413,9519,6973,5058,10623,7157,7470,7849,4411,8415,14570,16989,14822,9469,19038
"26067",2021,1980,1588,3324,1400,794,1604,2387,2026,1364,1038,3584,3975,5350,2764,1832
"26075",2021,4222,5464,4689,3009,2000,4585,3234,5827,3287,1715,8807,8698,10516,6296,3715
"26077",2021,7545,8096,8440,4790,4850,6948,5990,9619,4695,4431,14493,14086,18059,9485,9281
"26081",2021,20829,23512,21998,14034,9054,19889,19774,22944,12906,8108,40718,43286,44942,26940,17162
"26087",2021,2058,3044,2010,2067,1118,1762,2203,2859,1690,861,3820,5247,4869,3757,1979
"26091",2021,2428,3277,2814,2030,1315,2714,2651,2800,1823,1412,5142,5928,5614,3853,2727
"26093",2021,5248,5739,5727,4133,2343,4630,5511,5688,3796,1900,9878,11250,11415,7929,4243
"26099",2021,23742,26289,25845,17751,9370,22716,25666,24060,16193,8226,46458,51955,49905,33944,17596
"26103",2021,1333,1658,1756,1016,1515,1544,1438,1683,1023,1216,2877,3096,3439,2039,2731
"26111",2021,2427,2496,2889,1545,1005,2006,1901,2592,1594,1179,4433,4397,5481,3139,2184
"26115",2021,3957,5380,4635,2897,1603,3835,3565,5393,3141,1587,7792,8945,10028,6038,3190
"26117",2021,1782,1849,2338,1274,567,1821,2109,2263,1261,687,3603,3958,4601,2535,1254
"26121",2021,4676,4867,6699,3523,2092,5548,5511,5786,3613,1883,10224,10378,12485,7136,3975
"26125",2021,33426,37818,36435,24827,14013,32088,33838,37628,23631,12805,65514,71656,74063,48458,26818
"26139",2021,7913,10537,10705,5900,5458,8953,9811,9735,6712,7336,16866,20348,20440,12612,12794
"26145",2021,5278,5639,6116,3951,3272,5670,5229,5630,3457,2677,10948,10868,11746,7408,5949
"26147",2021,3890,4495,5327,3249,1566,3951,3689,5226,2991,1590,7841,8184,10553,6240,3156
"26155",2021,1886,1928,2210,1408,757,1724,2095,1843,1193,755,3610,4023,4053,2601,1512
"26159",2021,2096,2039,3269,1657,869,1870,2583,2448,1534,625,3966,4622,5717,3191,1494
"26161",2021,8591,10263,9268,6033,9696,8720,8593,9859,6718,10992,17311,18856,19127,12751,20688
"26163",2021,57643,56752,64116,36613,20497,54914,55268,59656,35321,19650,112557,112020,123772,71934,40147
"27003",2021,10831,11142,14181,7815,3919,11017,11815,12693,7821,3634,21848,22957,26874,15636,7553
"27013",2021,1755,2128,2105,1474,2190,1494,1682,1891,1011,2004,3249,3810,3996,2485,4194
"27019",2021,3120,3690,4508,2683,1427,3145,3275,4851,2597,1374,6265,6965,9359,5280,2801
"27027",2021,2226,1989,2975,1801,1066,1720,1947,2458,1158,2053,3946,3936,5433,2959,3119
"27035",2021,1733,1914,2574,1250,686,1578,1768,2099,1269,718,3311,3682,4673,2519,1404
"27037",2021,13728,15231,16052,9927,5345,13080,14233,15309,9239,3825,26808,29464,31361,19166,9170
"27053",2021,38588,40048,38874,23186,14976,36539,37059,38904,22699,14145,75127,77107,77778,45885,29121
"27109",2021,5196,4649,7384,2966,2342,4663,5969,5290,3681,2325,9859,10618,12674,6647,4667
"27123",2021,17755,17984,18261,10369,7473,16734,14040,21029,10145,7666,34489,32024,39290,20514,15139
"27131",2021,1770,2194,2320,1201,1509,1465,1271,2778,1398,1341,3235,3465,5098,2599,2850
"27137",2021,4826,5076,6156,3478,3838,4668,5047,5131,3204,3475,9494,10123,11287,6682,7313
"27139",2021,4867,5128,7054,3695,1934,4415,5606,5187,4058,1349,9282,10734,12241,7753,3283
"27141",2021,2878,3967,3765,2169,1250,2801,2455,4597,2833,989,5679,6422,8362,5002,2239
"27145",2021,5162,5671,4659,4053,3585,4859,5336,4538,3061,3869,10021,11007,9197,7114,7454
"27163",2021,7420,9979,10203,5965,3332,7250,11670,7610,5776,2577,14670,21649,17813,11741,5909
"27171",2021,5072,5838,5485,3376,1567,4597,6183,5211,3448,1442,9669,12021,10696,6824,3009
"28033",2021,5409,5981,7992,4134,2269,4973,6025,8097,4665,2478,10382,12006,16089,8799,4747
"28035",2021,2102,1853,3274,1628,1292,2774,3060,2156,1015,1087,4876,4913,5430,2643,2379
"28047",2021,5639,7769,6462,5332,3956,7086,6540,7744,3147,1135,12725,14309,14206,8479,5091
"28049",2021,7616,6147,8668,4840,2904,6632,5097,9312,4453,3130,14248,11244,17980,9293,6034
"28059",2021,3450,2756,6625,2642,2069,4903,5169,3453,4067,288,8353,7925,10078,6709,2357
"28067",2021,2615,2931,1779,1896,1619,1742,947,3049,948,1235,4357,3878,4828,2844,2854
"28073",2021,1565,1901,2937,896,1138,2284,3251,2098,1198,486,3849,5152,5035,2094,1624
"28075",2021,2773,1855,2962,1727,1205,1586,2714,1918,1305,1496,4359,4569,4880,3032,2701
"28081",2021,3189,2655,3335,1180,930,1819,3126,3077,2625,373,5008,5781,6412,3805,1303
"28089",2021,3540,2463,5023,2032,1160,2978,3709,3458,2550,2247,6518,6172,8481,4582,3407
"28121",2021,3610,5098,5354,3789,2019,5089,3826,6056,3021,1512,8699,8924,11410,6810,3531
"29019",2021,5003,6874,4493,3424,4690,4878,5200,5618,2715,7083,9881,12074,10111,6139,11773
"29021",2021,2521,3176,2763,1486,1205,2548,2399,2660,1289,1849,5069,5575,5423,2775,3054
"29031",2021,2388,2361,2854,1626,1311,2271,1656,2782,1675,1544,4659,4017,5636,3301,2855
"29037",2021,3045,3459,4414,2632,967,3253,2951,4314,2247,979,6298,6410,8728,4879,1946
"29043",2021,2474,3370,3259,2056,531,2893,2808,4002,1895,841,5367,6178,7261,3951,1372
"29047",2021,8124,8411,9247,5999,3283,7326,7228,9939,4555,2297,15450,15639,19186,10554,5580
"29051",2021,2286,2047,2907,1250,1119,1970,1335,3723,1654,1000,4256,3382,6630,2904,2119
"29071",2021,3101,3350,3690,2208,1023,2980,3582,2854,1977,1240,6081,6932,6544,4185,2263
"29077",2021,8722,9251,9321,5441,4523,7663,7720,9134,5224,5068,16385,16971,18455,10665,9591
"29095",2021,22590,25616,22404,14600,7754,21722,21754,24385,13832,6091,44312,47370,46789,28432,13845
"29097",2021,3738,4023,5102,2649,1775,3889,3902,4734,2374,1315,7627,7925,9836,5023,3090
"29099",2021,6465,6099,9331,5000,2890,6868,7581,6271,4267,2060,13333,13680,15602,9267,4950
"29165",2021,2929,3254,4493,2090,1518,2972,3585,4149,1955,1015,5901,6839,8642,4045,2533
"29183",2021,10927,13714,13791,8434,5043,11509,12002,14221,8717,4381,22436,25716,28012,17151,9424
"29187",2021,1086,1261,2763,1178,698,2356,3105,1363,1219,1211,3442,4366,4126,2397,1909
"29189",2021,28954,30686,33150,19928,12315,27878,27806,32843,19549,11128,56832,58492,65993,39477,23443
"29510",2021,8971,6893,8416,4031,3307,8067,6294,7721,3630,3897,17038,13187,16137,7661,7204
"30013",2021,2772,2964,3019,1850,912,2525,2426,2336,1270,600,5297,5390,5355,3120,1512
"30029",2021,2880,3823,3292,2105,857,2952,3194,3371,1916,1128,5832,7017,6663,4021,1985
"30031",2021,2591,3818,3294,2026,2366,2900,3092,3731,2143,2904,5491,6910,7025,4169,5270
"30049",2021,2693,1971,2725,1291,1071,973,2108,1969,1155,827,3666,4079,4694,2446,1898
"30063",2021,3327,3047,3079,1976,1200,2522,3316,2710,2009,1519,5849,6363,5789,3985,2719
"30111",2021,4218,6221,5870,3245,1764,4560,4499,6847,3587,1886,8778,10720,12717,6832,3650
"31055",2021,20649,18871,23699,12497,7330,19711,20013,20672,12072,8060,40360,38884,44371,24569,15390
"31109",2021,9575,10678,11289,6156,6241,8877,9869,10289,6163,6064,18452,20547,21578,12319,12305
"31153",2021,6701,7084,8254,4698,2345,6290,6270,8156,4391,1868,12991,13354,16410,9089,4213
"32003",2021,67719,73783,78514,45798,26731,64824,66910,78169,44624,24098,132543,140693,156683,90422,50829
"32031",2021,13127,16002,15301,9015,5477,12928,13854,15222,9089,5354,26055,29856,30523,18104,10831
"33005",2021,2331,1469,2513,1241,1330,1577,1656,1925,1140,1124,3908,3125,4438,2381,2454
"33009",2021,1680,2164,2343,1392,2285,1690,1692,2473,1282,2074,3370,3856,4816,2674,4359
"33011",2021,10423,11134,13670,7739,5566,10419,10454,12806,7550,4664,20842,21588,26476,15289,10230
"33013",2021,3554,3927,4528,2784,2095,3168,3368,4609,2682,2219,6722,7295,9137,5466,4314
"33015",2021,6948,7969,9643,5797,3883,7013,8747,7742,5795,2759,13961,16716,17385,11592,6642
"33017",2021,2801,4052,2770,2105,3398,2909,1795,4244,2147,3399,5710,5847,7014,4252,6797
"34001",2021,6977,8510,8405,5230,3828,7240,8200,8287,4637,2655,14217,16710,16692,9867,6483
"34003",2021,24463,26954,31858,19638,11355,23313,26333,29805,18141,10217,47776,53287,61663,37779,21572
"34005",2021,11906,11983,15578,9101,4814,11139,12142,14560,9071,4552,23045,24125,30138,18172,9366
"34007",2021,15928,17995,16298,10900,5876,14981,16359,16458,10002,5243,30909,34354,32756,20902,11119
"34009",2021,908,2480,2717,1702,65,2673,1791,2623,1280,12,3581,4271,5340,2982,77
"34011",2021,4446,5309,6090,3729,1824,4233,4196,6429,2762,2303,8679,9505,12519,6491,4127
"34013",2021,27351,31139,27900,17060,10892,26324,25940,30223,16529,9924,53675,57079,58123,33589,20816
"34015",2021,7845,10676,8102,6514,3980,7490,9635,9438,5742,4227,15335,20311,17540,12256,8207
"34017",2021,23357,20918,17949,11453,6831,22148,19049,18349,9498,5609,45505,39967,36298,20951,12440
"34019",2021,2602,3894,3513,2483,2145,2169,3066,3829,2317,1102,4771,6960,7342,4800,3247
"34021",2021,10754,11155,12754,7282,6697,10108,11894,10685,7293,6474,20862,23049,23439,14575,13171
"34023",2021,23804,27524,26492,17191,13765,22560,24764,26795,16404,13873,46364,52288,53287,33595,27638
"34025",2021,15941,16049,22652,13165,7771,15533,17618,19588,13377,6979,31474,33667,42240,26542,14750
"34027",2021,12833,14153,16421,11039,6494,11972,13714,15232,9684,5917,24805,27867,31653,20723,12411
"34029",2021,23671,23962,21415,13195,7034,22503,21293,22091,12471,5372,46174,45255,43506,25666,12406
"34031",2021,16693,16729,18668,10756,7412,16001,14044,19562,10181,7453,32694,30773,38230,20937,14865
"34033",2021,1876,1437,2730,1465,1357,1581,1962,2309,825,741,3457,3399,5039,2290,2098
"34035",2021,8580,9176,12369,7516,3915,8170,9283,11391,7077,2182,16750,18459,23760,14593,6097
"34037",2021,3658,4248,4013,3074,1508,2846,3644,3981,2641,1492,6504,7892,7994,5715,3000
"34039",2021,17928,17228,21284,11909,6953,16911,19884,17457,11271,6500,34839,37112,38741,23180,13453
"34041",2021,2770,2668,3260,2505,1274,2014,2686,3318,2004,1052,4784,5354,6578,4509,2326
"35001",2021,17593,17351,24117,13341,10161,16717,19224,20228,12543,8641,34310,36575,44345,25884,18802
"35013",2021,6367,7721,7643,4629,4412,6085,4899,9887,4877,5335,12452,12620,17530,9506,9747
"35025",2021,3640,3689,2393,1482,1145,2495,3516,3364,1519,437,6135,7205,5757,3001,1582
"35031",2021,3160,2356,2603,2093,868,2386,2762,2518,1617,1191,5546,5118,5121,3710,2059
"35035",2021,2626,3275,1931,1354,1573,1627,1721,1602,1256,1569,4253,4996,3533,2610,3142
"35043",2021,3616,4972,5100,4310,2186,3783,4978,4451,2315,1580,7399,9950,9551,6625,3766
"35045",2021,3812,4595,4571,2476,1462,3087,3858,5094,3269,1410,6899,8453,9665,5745,2872
"35049",2021,3953,2746,4609,2475,1900,2179,3760,3752,2584,1594,6132,6506,8361,5059,3494
"35061",2021,2274,2926,2251,1417,926,1971,2410,2130,2058,1176,4245,5336,4381,3475,2102
"36001",2021,7784,8164,8411,5207,6459,6884,6963,8673,4826,6163,14668,15127,17084,10033,12622
"36005",2021,48488,49695,50594,29284,19575,46672,45167,51170,28169,18065,95160,94862,101764,57453,37640
"36007",2021,4929,4785,6058,3317,3663,4874,4264,5792,4003,3895,9803,9049,11850,7320,7558
"36009",2021,1969,2675,2212,1562,1167,1880,2166,2557,1369,961,3849,4841,4769,2931,2128
"36011",2021,1861,1782,2219,1458,778,1604,1675,2195,1488,771,3465,3457,4414,2946,1549
"36013",2021,3518,3774,3742,2316,1888,2783,3771,3242,2404,1964,6301,7545,6984,4720,3852
"36015",2021,1935,2467,2627,1771,917,2223,1718,2743,1542,1023,4158,4185,5370,3313,1940
"36019",2021,1720,2621,1770,1454,1250,1858,1420,2409,1144,1478,3578,4041,4179,2598,2728
"36027",2021,6790,7761,8137,6116,4456,6368,6538,7959,4928,5227,13158,14299,16096,11044,9683
"36029",2021,25553,27574,27815,17086,11895,24286,28539,24306,16677,11836,49839,56113,52121,33763,23731
"36045",2021,3818,3708,4496,2112,1963,3856,3663,3431,2213,978,7674,7371,7927,4325,2941
"36047",2021,90344,82545,87175,47090,25623,87167,80395,79979,45394,24858,177511,162940,167154,92484,50481
"36053",2021,1602,2571,1390,1079,1672,1719,1416,1818,1243,1920,3321,3987,3208,2322,3592
"36055",2021,19962,21486,23455,14349,11318,19462,20711,22330,13178,11030,39424,42197,45785,27527,22348
"36059",2021,37874,40156,47648,28358,16865,35603,40952,41719,26831,15541,73477,81108,89367,55189,32406
"36061",2021,35882,31422,32197,17774,13129,34436,29561,32483,17947,20311,70318,60983,64680,35721,33440
"36063",2021,5999,5912,6050,3433,2405,4592,5875,6061,4193,2431,10591,11787,12111,7626,4836
"36065",2021,6653,7461,6871,3816,3255,5860,6271,8602,3563,3152,12513,13732,15473,7379,6407
"36067",2021,12982,13392,15576,9090,7804,12891,12985,14726,8293,7278,25873,26377,30302,17383,15082
"36069",2021,2718,3122,2890,2029,1326,2992,3498,2670,1873,803,5710,6620,5560,3902,2129
"36071",2021,13639,15065,14597,9250,7262,13271,12390,15951,9634,4987,26910,27455,30548,18884,12249
"36075",2021,2925,3627,3379,2345,3037,3106,2715,3685,2124,2157,6031,6342,7064,4469,5194
"36079",2021,2445,1998,3420,1943,1254,1777,2202,2936,2124,1159,4222,4200,6356,4067,2413
"36081",2021,67194,66655,66049,38732,22853,64272,60185,65149,36608,21043,131466,126840,131198,75340,43896
"36083",2021,3681,4912,4954,2247,2882,3723,4370,4484,2446,2268,7404,9282,9438,4693,5150
"36085",2021,14610,14231,16977,10568,5009,12285,13496,15921,8975,5065,26895,27727,32898,19543,10074
"36087",2021,13459,12938,14757,7537,4964,14876,13757,13216,8591,4457,28335,26695,27973,16128,9421
"36089",2021,2774,3134,3441,1887,3129,2471,3124,2797,1995,2456,5245,6258,6238,3882,5585
"36091",2021,5319,8349,5706,4274,2698,5081,5889,7363,3840,2457,10400,14238,13069,8114,5155
"36093",2021,5600,3640,4520,3212,1942,4161,5358,4615,3003,1606,9761,8998,9135,6215,3548
"36101",2021,2436,3251,2761,1894,1006,2280,2776,2948,1653,779,4716,6027,5709,3547,1785
"36103",2021,40281,39988,50179,30947,19928,38745,39272,47490,29315,18321,79026,79260,97669,60262,38249
"36105",2021,2403,2460,2576,2372,1060,1908,2174,1856,682,682,4311,4634,4432,3054,1742
"36109",2021,1446,1819,1843,1443,7540,1551,1492,1705,1323,7409,2997,3311,3548,2766,14949
"36111",2021,3998,4328,4502,3062,2151,4078,3995,4275,3200,2551,8076,8323,8777,6262,4702
"36113",2021,1373,1689,2134,1045,231,1621,1648,1347,937,209,2994,3337,3481,1982,440
"36117",2021,2317,2333,3074,2197,783,2107,1894,3502,1604,811,4424,4227,6576,3801,1594
"36119",2021,26784,31117,31499,21161,12679,25430,26032,32275,19536,13095,52214,57149,63774,40697,25774
"37001",2021,5810,5871,5420,3835,2231,4003,5768,5031,2793,3197,9813,11639,10451,6628,5428
"37019",2021,2669,2651,2658,1392,486,2271,3216,2820,2429,554,4940,5867,5478,3821,1040
"37021",2021,5944,6415,7747,5156,3328,5522,6484,7388,4061,2968,11466,12899,15135,9217,6296
"37023",2021,2195,1868,2485,1770,1031,1892,1717,2382,1501,955,4087,3585,4867,3271,1986
"37025",2021,6277,6592,11553,5059,3556,6708,7453,9444,5355,3710,12985,14045,20997,10414,7266
"37027",2021,2322,3215,1559,1322,906,1669,1879,2052,2139,949,3991,5094,3611,3461,1855
"37031",2021,1528,1432,2005,1362,841,1109,1760,1218,970,694,2637,3192,3223,2332,1535
"37035",2021,3870,4408,5523,3256,1341,4338,4835,5362,3604,1865,8208,9243,10885,6860,3206
"37037",2021,2073,2101,1773,1199,1115,1481,2359,2443,1733,756,3554,4460,4216,2932,1871
"37045",2021,2883,2883,3720,1804,1645,3161,3070,2866,1911,1006,6044,5953,6586,3715,2651
"37049",2021,2509,3363,2923,1570,636,4152,2941,2428,1733,712,6661,6304,5351,3303,1348
"37051",2021,12417,11785,11870,6396,5294,12126,10718,12737,6209,4123,24543,22503,24607,12605,9417
"37057",2021,4211,5038,4940,4494,2033,5619,4022,5522,3355,1265,9830,9060,10462,7849,3298
"37063",2021,9409,9209,8987,5548,3811,9654,8252,9224,4487,5957,19063,17461,18211,10035,9768
"37067",2021,10826,10318,15699,7736,5294,10358,10701,13910,7964,7723,21184,21019,29609,15700,13017
"37069",2021,1882,2391,2384,1440,1778,1875,2928,1400,1377,1168,3757,5319,3784,2817,2946
"37071",2021,7589,7220,7851,4299,3192,5469,6191,8035,5232,2163,13058,13411,15886,9531,5355
"37081",2021,15639,16434,18244,10805,10949,14977,15925,17493,10645,10657,30616,32359,35737,21450,21606
"37085",2021,4824,4758,5442,2624,1927,4539,4248,5425,2791,2222,9363,9006,10867,5415,4149
"37089",2021,2336,2476,3758,2326,1336,2674,2829,3827,1597,1515,5010,5305,7585,3923,2851
"37097",2021,5282,5653,6850,4296,1988,5102,5098,6834,4123,2177,10384,10751,13684,8419,4165
"37101",2021,7071,7104,9814,4560,2509,6261,8457,9095,4964,1141,13332,15561,18909,9524,3650
"37109",2021,2509,1758,3048,1528,1009,2273,2409,2903,2132,894,4782,4167,5951,3660,1903
"37119",2021,36124,34538,38067,21773,13711,34397,36274,33618,21628,14184,70521,70812,71685,43401,27895
"37125",2021,3130,3410,2631,1976,1360,3263,3061,2936,1605,1206,6393,6471,5567,3581,2566
"37127",2021,2325,2512,2960,1822,1052,3068,3000,3060,2102,1558,5393,5512,6020,3924,2610
"37129",2021,4624,5601,5809,3673,2741,5513,4675,7163,3762,3753,10137,10276,12972,7435,6494
"37133",2021,8394,6572,6383,3155,8505,8089,7377,7248,2824,1363,16483,13949,13631,5979,9868
"37135",2021,3576,3416,4331,2990,4468,2870,3806,3755,3053,4377,6446,7222,8086,6043,8845
"37147",2021,4721,4851,5959,3349,3835,4206,5376,4022,3446,5534,8927,10227,9981,6795,9369
"37151",2021,4509,4310,5111,2918,1957,4090,5750,3142,3053,1189,8599,10060,8253,5971,3146
"37155",2021,4159,3939,4373,1795,2011,3433,3600,4552,3256,2252,7592,7539,8925,5051,4263
"37157",2021,2432,1938,2452,2032,763,2674,2972,2670,1234,762,5106,4910,5122,3266,1525
"37159",2021,4388,4143,5082,2329,1955,3972,4752,5544,2179,1899,8360,8895,10626,4508,3854
"37171",2021,1629,1838,2592,1739,527,1813,2510,1686,1264,647,3442,4348,4278,3003,1174
"37179",2021,6155,7798,11170,7052,4456,6775,8657,9401,6165,4180,12930,16455,20571,13217,8636
"37183",2021,33571,36469,41432,24646,16300,32027,32867,41673,23925,15801,65598,69336,83105,48571,32101
"37191",2021,3174,4890,3555,2102,1825,3767,4484,3713,2190,1745,6941,9374,7268,4292,3570
"37193",2021,2468,1479,2123,1065,799,1023,1405,2133,1498,1200,3491,2884,4256,2563,1999
"37195",2021,1276,2549,3468,2022,1213,2471,2602,2603,1005,814,3747,5151,6071,3027,2027
"38015",2021,3254,3040,3409,1846,1439,2723,2463,4109,1754,1245,5977,5503,7518,3600,2684
"38017",2021,5845,6309,5220,2894,3064,7104,7032,4697,3164,3370,12949,13341,9917,6058,6434
"38035",2021,2149,2464,2143,1136,1849,2570,2182,2043,1097,2319,4719,4646,4186,2233,4168
"38101",2021,2453,2674,2465,1023,1335,2270,1933,2199,1291,1291,4723,4607,4664,2314,2626
"39003",2021,3125,3587,3516,2137,1879,2918,2759,3223,2125,1059,6043,6346,6739,4262,2938
"39007",2021,2827,2707,3566,1947,936,2652,2117,3699,1845,1144,5479,4824,7265,3792,2080
"39013",2021,1779,1351,2133,1251,628,1372,1824,1781,1130,588,3151,3175,3914,2381,1216
"39017",2021,10859,13460,13869,8257,6565,11171,12472,13135,7941,8462,22030,25932,27004,16198,15027
"39023",2021,4029,4512,4176,2964,1468,3729,4305,4102,2678,1868,7758,8817,8278,5642,3336
"39025",2021,6567,6884,6795,4818,2242,5636,6077,6293,3914,1939,12203,12961,13088,8732,4181
"39029",2021,2296,2715,3327,2031,1077,2436,2543,3157,2124,1430,4732,5258,6484,4155,2507
"39035",2021,34831,36467,36921,23183,14864,33191,35234,34989,22277,13689,68022,71701,71910,45460,28553
"39041",2021,6491,6943,9765,5461,3430,6049,8209,8029,5004,2603,12540,15152,17794,10465,6033
"39043",2021,2148,1677,2747,1403,918,1785,2378,1989,916,947,3933,4055,4736,2319,1865
"39045",2021,4823,4975,6283,3671,1906,4565,5033,6012,3349,1712,9388,10008,12295,7020,3618
"39049",2021,44767,43295,44005,24362,18821,42804,39695,44511,23808,18046,87571,82990,88516,48170,36867
"39055",2021,2511,3449,2872,2210,1223,2445,2384,3492,2101,572,4956,5833,6364,4311,1795
"39057",2021,4517,4592,6124,3234,2632,3909,4665,5030,2712,3365,8426,9257,11154,5946,5997
"39061",2021,26479,25841,28371,16172,11926,25395,22275,29811,15486,11190,51874,48116,58182,31658,23116
"39063",2021,2203,2230,2316,1401,844,2132,2720,1605,1469,977,4335,4950,3921,2870,1821
"39085",2021,6465,7169,6053,4160,2627,4359,5164,7667,4151,2474,10824,12333,13720,8311,5101
"39089",2021,5454,5623,6001,3975,3601,4976,5341,5713,4131,2266,10430,10964,11714,8106,5867
"39093",2021,8870,8870,11510,6692,4510,8359,8159,10863,5414,3501,17229,17029,22373,12106,8011
"39095",2021,13304,13620,14849,8333,5306,13042,13734,13501,8639,4674,26346,27354,28350,16972,9980
"39099",2021,6477,6684,6462,3700,3225,5521,5858,6750,4297,2355,11998,12542,13212,7997,5580
"39101",2021,1904,2148,1798,1378,501,1611,1950,2266,835,453,3515,4098,4064,2213,954
"39103",2021,4853,5804,5712,3867,2173,4842,5759,5079,3670,1829,9695,11563,10791,7537,4002
"39109",2021,3056,4118,3819,2269,1286,3004,3077,3895,2062,606,6060,7195,7714,4331,1892
"39113",2021,15658,17339,16588,10154,7620,16056,15329,16979,10509,7015,31714,32668,33567,20663,14635
"39119",2021,2451,2856,2723,1551,828,2528,3411,2238,1551,1205,4979,6267,4961,3102,2033
"39133",2021,3646,4516,4883,2740,3116,2897,3542,4984,2778,6025,6543,8058,9867,5518,9141
"39139",2021,3251,3751,4218,2418,2015,3696,4378,3113,2535,923,6947,8129,7331,4953,2938
"39141",2021,2432,1891,2594,1537,961,2327,2073,2009,1387,329,4759,3964,4603,2924,1290
"39145",2021,2141,2598,2091,1420,1295,1896,2357,2021,1550,937,4037,4955,4112,2970,2232
"39151",2021,10522,11269,12186,7014,4618,9862,11346,10642,7492,4268,20384,22615,22828,14506,8886
"39153",2021,14497,16008,16095,9977,5830,14432,14362,16502,10215,5627,28929,30370,32597,20192,11457
"39155",2021,5527,6649,5883,3504,2408,4777,5116,5798,4050,2655,10304,11765,11681,7554,5063
"39157",2021,2579,3366,2799,2772,1210,2352,2580,2884,1764,916,4931,5946,5683,4536,2126
"39165",2021,5857,9084,8442,5775,2826,6738,10090,7635,5403,2469,12595,19174,16077,11178,5295
"39169",2021,3757,3443,4485,2446,1633,3418,3932,3571,2611,3424,7175,7375,8056,5057,5057
"39173",2021,3407,4696,3181,2334,2935,3192,3459,4094,2540,3345,6599,8155,7275,4874,6280
"40017",2021,4848,6616,5504,3913,1746,5890,5832,5470,3643,2441,10738,12448,10974,7556,4187
"40027",2021,7323,9853,8403,5781,6158,7340,8220,9449,5830,5220,14663,18073,17852,11611,11378
"40031",2021,4579,4235,4098,2502,2765,4105,4244,3735,2029,1535,8684,8479,7833,4531,4300
"40037",2021,2227,1984,3010,1564,764,1814,2471,2310,1398,763,4041,4455,5320,2962,1527
"40101",2021,2100,3100,2210,803,967,1983,1581,2367,2048,431,4083,4681,4577,2851,1398
"40109",2021,27872,30252,28568,16859,9713,26431,26316,29727,16299,9508,54303,56568,58295,33158,19221
"40119",2021,1974,2626,1944,1424,2419,1874,2309,2107,1278,3848,3848,4935,4051,2702,6267
"40125",2021,2057,2465,3028,1609,1278,1909,1660,2566,1573,1245,3966,4125,5594,3182,2523
"40131",2021,2837,2948,3981,2019,1096,2525,3028,3125,1934,946,5362,5976,7106,3953,2042
"40143",2021,23080,23800,25123,14608,8477,21803,22702,23972,13927,7839,44883,46502,49095,28535,16316
"40145",2021,2015,3013,3091,1835,912,2610,2353,3464,1536,927,4625,5366,6555,3371,1839
"41003",2021,1790,2129,2176,1434,3070,2244,1217,2627,1426,3476,4034,3346,4803,2860,6546
"41005",2021,9954,12823,14609,9414,4417,9989,10885,14245,7546,3907,19943,23708,28854,16960,8324
"41017",2021,4876,5163,6440,4443,914,4445,4274,6969,2840,1971,9321,9437,13409,7283,2885
"41019",2021,2630,2577,3828,2054,997,2538,3095,2785,2168,1000,5168,5672,6613,4222,1997
"41029",2021,5689,8261,5225,4061,2050,5757,6395,6834,3713,2030,11446,14656,12059,7774,4080
"41033",2021,1531,3064,2309,2289,1109,1985,2111,2519,933,959,3516,5175,4828,3222,2068
"41035",2021,1964,1978,3048,1950,1240,1537,1798,2024,1122,603,3501,3776,5072,3072,1843
"41039",2021,8546,9670,10660,6260,6824,8202,8990,10225,6096,6049,16748,18660,20885,12356,12873
"41043",2021,3479,3782,5250,2911,1374,3276,3515,4593,2272,1015,6755,7297,9843,5183,2389
"41047",2021,10358,12058,11984,7960,4802,10461,12285,10821,7284,4788,20819,24343,22805,15244,9590
"41051",2021,19334,20528,21490,12490,7963,18551,18711,21493,11774,8527,37885,39239,42983,24264,16490
"41053",2021,3468,3167,2847,2027,1634,1852,2107,2753,1574,2108,5320,5274,5600,3601,3742
"41059",2021,2740,2703,3086,1740,1368,2280,1861,3675,1746,884,5020,4564,6761,3486,2252
"41067",2021,16468,18139,20866,12526,6497,15784,18417,17875,11683,5989,32252,36556,38741,24209,12486
"41071",2021,2802,3220,3469,2393,1496,2494,2640,3795,1987,2261,5296,5860,7264,4380,3757
"42001",2021,2316,2531,3381,2022,1867,2258,2782,2821,1998,1622,4574,5313,6202,4020,3489
"42003",2021,32273,33229,32925,20457,15540,30815,31882,31345,19535,16318,63088,65111,64270,39992,31858
"42005",2021,1416,1776,1802,1317,637,1416,1567,1921,1051,509,2832,3343,3723,2368,1146
"42007",2021,4385,4755,4648,3329,1762,3482,4848,4124,2782,1490,7867,9603,8772,6111,3252
"42011",2021,12205,14044,13850,9368,5507,11403,12465,14022,7929,6336,23608,26509,27872,17297,11843
"42013",2021,3247,3148,3947,2232,1755,2807,3570,3603,2153,1351,6054,6718,7550,4385,3106
"42017",2021,15433,16683,21105,13175,7740,14612,17545,18654,12540,6338,30045,34228,39759,25715,14078
"42019",2021,4322,4835,6344,4115,2750,4564,4934,5525,3375,2612,8886,9769,11869,7490,5362
"42021",2021,3365,3178,4403,2658,1769,2798,3560,3195,2345,1734,6163,6738,7598,5003,3503
"42025",2021,1600,1900,1568,844,817,2075,1337,2132,1584,575,3675,3237,3700,2428,1392
"42027",2021,2970,3463,3393,2118,5387,2472,2887,3602,2326,6705,5442,6350,6995,4444,12092
"42029",2021,14625,15418,19723,11632,6792,13832,15115,19500,10315,7677,28457,30533,39223,21947,14469
"42033",2021,1788,1852,2362,1488,787,1730,2083,2196,1333,595,3518,3935,4558,2821,1382
"42039",2021,2115,2771,2233,1544,1313,2081,2074,2489,1413,1084,4196,4845,4722,2957,2397
"42041",2021,7196,7523,8231,5013,4569,6680,7673,7285,4437,4311,13876,15196,15516,9450,8880
"42043",2021,8951,8532,10510,6064,3076,8056,10081,7762,5025,3007,17007,18613,18272,11089,6083
"42045",2021,16579,17567,18726,11270,9342,15746,14803,20827,10742,9215,32325,32370,39553,22012,18557
"42049",2021,5926,7437,9282,5018,4261,7979,7637,7823,5405,4133,13905,15074,17105,10423,8394
"42051",2021,3256,3595,3654,2335,1254,2653,3347,3194,2249,1077,5909,6942,6848,4584,2331
"42055",2021,4365,5819,4962,3378,1816,3923,4282,4516,3144,1644,8288,10101,9478,6522,3460
"42063",2021,2207,2090,2029,1561,1855,1913,2159,1935,1322,2369,4120,4249,3964,2883,4224
"42069",2021,5692,5747,7495,4235,2693,5092,6449,6737,3072,2831,10784,12196,14232,7307,5524
"42071",2021,17403,18135,19608,11744,7503,16575,16573,18819,10413,7044,33978,34708,38427,22157,14547
"42073",2021,2017,2477,2430,1533,1136,2131,2182,2745,1387,1076,4148,4659,5175,2920,2212
"42075",2021,4330,4434,5338,3113,2102,3979,3570,5218,2480,1537,8309,8004,10556,5593,3639
"42077",2021,10497,11863,13433,7462,4895,11209,11379,12615,6999,4789,21706,23242,26048,14461,9684
"42079",2021,8604,9302,9398,5902,4200,8664,8559,9344,6106,3855,17268,17861,18742,12008,8055
"42081",2021,3389,2768,4021,1965,1709,2518,3505,3383,1847,1273,5907,6273,7404,3812,2982
"42085",2021,2750,2823,2870,2110,1396,2310,2425,3851,1998,1434,5060,5248,6721,4108,2830
"42089",2021,4766,4144,6148,3187,1847,2500,4156,4809,3120,2248,7266,8300,10957,6307,4095
"42091",2021,23117,26258,27595,17323,8916,21991,24368,26908,16765,9236,45108,50626,54503,34088,18152
"42095",2021,7887,8559,9023,5662,5015,6936,6981,10927,5582,4273,14823,15540,19950,11244,9288
"42097",2021,1984,2365,3181,1646,1350,2239,1846,2885,1858,676,4223,4211,6066,3504,2026
"42101",2021,48935,47292,50231,26885,20988,47151,43292,50147,26136,22011,96086,90584,100378,53021,42999
"42107",2021,3227,5081,3173,3010,1338,3551,3904,4200,2612,1115,6778,8985,7373,5622,2453
"42111",2021,1766,1666,2330,1247,674,1593,1691,1885,1150,543,3359,3357,4215,2397,1217
"42125",2021,4746,5950,6256,3854,2448,5220,5596,6106,3550,2992,9966,11546,12362,7404,5440
"42129",2021,7629,9575,9412,5994,3926,7405,9871,8574,5924,3648,15034,19446,17986,11918,7574
"42133",2021,12468,12000,17561,10070,6115,12257,13106,14867,8313,5791,24725,25106,32428,18383,11906
"44003",2021,3995,4769,4811,2744,2417,3519,5128,3673,2660,1817,7514,9897,8484,5404,4234
"44005",2021,1413,1875,2132,1945,1279,2192,1337,1633,1019,1667,3605,3212,3765,2964,2946
"44007",2021,18589,16247,22069,12141,10374,17035,17072,19205,11476,10731,35624,33319,41274,23617,21105
"44009",2021,2110,3435,2332,2130,2689,2177,3575,2733,2183,3036,4287,7010,5065,4313,5725
"45003",2021,5147,5918,5225,3249,2940,4091,4809,4759,3610,2550,9238,10727,9984,6859,5490
"45007",2021,5740,7487,6326,4287,2907,5320,6541,7049,4142,2240,11060,14028,13375,8429,5147
"45013",2021,4955,3435,4933,3064,2678,3986,3955,6507,3284,2451,8941,7390,11440,6348,5129
"45015",2021,6706,8502,7358,5417,4845,6488,7479,9963,4333,1945,13194,15981,17321,9750,6790
"45019",2021,10870,11619,11062,6356,5995,11966,11111,10493,6247,5186,22836,22730,21555,12603,11181
"45035",2021,3810,5001,6561,4282,2064,3181,5995,6823,3777,1089,6991,10996,13384,8059,3153
"45041",2021,3844,5073,4112,3255,2592,3982,4926,4158,2867,1924,7826,9999,8270,6122,4516
"45045",2021,16224,17852,17560,10644,6538,15233,16716,17331,10389,6446,31457,34568,34891,21033,12984
"45047",2021,1279,2047,2607,1223,1178,2098,1932,2721,1864,827,3377,3979,5328,3087,2005
"45051",2021,8544,9289,8994,6465,3716,7175,8997,8847,4937,4419,15719,18286,17841,11402,8135
"45055",2021,1945,2613,2202,1533,364,1526,1578,2364,1404,981,3471,4191,4566,2937,1345
"45057",2021,3290,2703,4633,2512,1125,1439,2536,2275,2195,1621,4729,5239,6908,4707,2746
"45059",2021,1985,2011,2419,1302,280,1975,1986,1943,1228,1022,3960,3997,4362,2530,1302
"45063",2021,8467,8604,11739,6566,3327,7881,8149,11300,5986,2962,16348,16753,23039,12552,6289
"45073",2021,1280,1874,2255,1712,600,2377,2116,2052,1224,539,3657,3990,4307,2936,1139
"45075",2021,1826,2050,3009,1572,1373,2963,3401,1831,1500,1236,4789,5451,4840,3072,2609
"45077",2021,2769,4288,3704,2068,4025,2718,2826,3740,2594,5422,5487,7114,7444,4662,9447
"45079",2021,11702,13944,11886,8882,10375,11616,10507,13811,7697,9889,23318,24451,25697,16579,20264
"45083",2021,10327,9422,13268,6549,4065,9825,9052,12675,7047,4802,20152,18474,25943,13596,8867
"45085",2021,3451,3567,3469,2120,1610,3113,3129,3576,2466,2625,6564,6696,7045,4586,4235
"45091",2021,7463,11850,8687,6569,3245,8597,11859,7676,6099,4598,16060,23709,16363,12668,7843
"46083",2021,2375,3107,2507,1437,369,2751,2511,2875,1490,489,5126,5618,5382,2927,858
"46099",2021,7511,6645,7711,3799,1986,6546,7207,7454,3701,2357,14057,13852,15165,7500,4343
"46103",2021,3775,3838,3642,2551,819,2775,3540,3598,1741,1516,6550,7378,7240,4292,2335
"47001",2021,1798,3105,2166,1540,884,2292,1816,2367,1337,430,4090,4921,4533,2877,1314
"47009",2021,3313,3886,4188,2634,1801,3343,3852,3742,2400,1952,6656,7738,7930,5034,3753
"47011",2021,2827,2972,4211,2094,1709,3184,3997,2502,2144,1644,6011,6969,6713,4238,3353
"47037",2021,22566,19813,18747,10927,8759,21991,19510,17901,10826,9738,44557,39323,36648,21753,18497
"47059",2021,2018,2511,1510,1065,303,1233,1712,1602,1601,1097,3251,4223,3112,2666,1400
"47065",2021,10836,11731,10297,6625,5154,10190,10063,10868,6151,4682,21026,21794,21165,12776,9836
"47093",2021,13182,13092,16209,8994,7534,13088,13850,14395,8752,7667,26270,26942,30604,17746,15201
"47113",2021,2765,2646,3275,2318,1909,3210,3284,3071,1499,2183,5975,5930,6346,3817,4092
"47119",2021,3152,3584,3115,1974,763,3354,2290,4675,2151,1102,6506,5874,7790,4125,1865
"47125",2021,9313,9494,8434,4385,1821,8524,6942,10033,4602,3309,17837,16436,18467,8987,5130
"47141",2021,2326,2351,2185,1297,1659,1739,2233,2346,1934,1607,4065,4584,4531,3231,3266
"47147",2021,2494,2007,3359,1437,907,1832,2387,2382,1598,641,4326,4394,5741,3035,1548
"47149",2021,11215,13891,11180,8844,4490,10677,12048,11951,6593,5814,21892,25939,23131,15437,10304
"47155",2021,2503,3280,3484,1642,1580,2277,2570,2923,1629,599,4780,5850,6407,3271,2179
"47157",2021,31974,33536,33534,18731,11326,30023,33025,31616,19309,11122,61997,66561,65150,38040,22448
"47163",2021,3696,3280,5483,2908,1709,3476,4361,4019,2802,1331,7172,7641,9502,5710,3040
"47165",2021,5389,5779,8568,4531,2238,5304,6271,6397,4500,1780,10693,12050,14965,9031,4018
"47179",2021,3194,3804,3798,2504,2499,2984,3684,2845,2586,2348,6178,7488,6643,5090,4847
"47187",2021,6771,10232,10760,6871,2845,6517,9238,10595,6023,3461,13288,19470,21355,12894,6306
"47189",2021,4156,6727,3969,4056,2524,4015,4443,5323,2677,1522,8171,11170,9292,6733,4046
"48005",2021,3395,3367,2805,2365,1210,2248,2917,3179,1704,1622,5643,6284,5984,4069,2832
"48021",2021,2623,1333,5465,3947,423,3475,2126,3642,2246,1029,6098,3459,9107,6193,1452
"48027",2021,15132,15087,14833,8106,5768,14270,16491,12317,8438,4697,29402,31578,27150,16544,10465
"48029",2021,66898,74466,73186,44257,31323,64838,67203,74047,43350,28498,131736,141669,147233,87607,59821
"48037",2021,3082,2865,3286,2019,1633,2588,3507,2552,2026,2260,5670,6372,5838,4045,3893
"48039",2021,12739,14480,14660,8343,3577,11486,12218,15765,8568,3521,24225,26698,30425,16911,7098
"48041",2021,6082,7887,6712,4385,8032,7185,7664,5100,4153,8313,13267,15551,11812,8538,16345
"48061",2021,15198,18209,17949,11593,6984,15216,15649,18576,10720,6790,30414,33858,36525,22313,13774
"48085",2021,32713,38797,43806,26661,14256,31470,38924,40880,25732,12311,64183,77721,84686,52393,26567
"48091",2021,4815,6577,4945,3805,1373,4826,3659,6870,3223,1905,9641,10236,11815,7028,3278
"48099",2021,2824,3209,1636,1730,1455,2465,3442,2205,1278,1148,5289,6651,3841,3008,2603
"48113",2021,91146,90730,98229,56864,34246,87280,83390,96990,55187,32851,178426,174120,195219,112051,67097
"48121",2021,27457,30862,34850,20951,12457,26099,30877,31864,20300,13178,53556,61739,66714,41251,25635
"48135",2021,8137,8312,5768,4114,2962,6142,7641,5754,3538,668,14279,15953,11522,7652,3630
"48139",2021,6616,6619,9292,5460,2752,6095,6318,8821,4458,2217,12711,12937,18113,9918,4969
"48141",2021,29366,31097,35573,20466,14790,29692,31049,33026,19444,12037,59058,62146,68599,39910,26827
"48157",2021,26822,33507,36272,21381,11058,25924,32860,33806,20535,7664,52746,66367,70078,41916,18722
"48167",2021,9950,14481,10290,7428,3841,10876,11838,11985,8147,2484,20826,26319,22275,15575,6325
"48181",2021,4368,5740,3787,3211,2129,4851,4236,4236,2815,1372,9219,9976,8023,6026,3501
"48183",2021,4463,3844,5653,1945,3129,3539,3673,5210,3442,1273,8002,7517,10863,5387,4402
"48187",2021,4809,5742,6727,4257,2126,4625,6859,6261,3848,3293,9434,12601,12988,8105,5419
"48201",2021,165867,173404,184877,107335,63044,160617,157840,187884,103159,59023,326484,331244,372761,210494,122067
"48203",2021,1740,1571,3796,1849,1609,1943,2489,2116,1601,982,3683,4060,5912,3450,2591
"48209",2021,7291,8085,8485,5446,5855,7127,7419,9742,4714,5738,14418,15504,18227,10160,11593
"48213",2021,2160,2056,3146,2060,1450,1786,3210,1947,1876,336,3946,5266,5093,3936,1786
"48215",2021,35483,39118,43415,24126,14752,34356,34918,43638,23242,14870,69839,74036,87053,47368,29622
"48231",2021,2666,3324,4072,2111,1705,3566,3236,3826,2061,1574,6232,6560,7898,4172,3279
"48245",2021,8981,9614,8834,4870,3322,7811,6686,10213,4826,4503,16792,16300,19047,9696,7825
"48251",2021,5757,7026,7822,4182,2240,5579,6389,6651,4976,2512,11336,13415,14473,9158,4752
"48257",2021,5123,6160,6999,3941,3171,6053,6700,6750,2893,1730,11176,12860,13749,6834,4901
"48291",2021,3527,3314,4687,1876,2179,3893,3010,5029,2606,958,7420,6324,9716,4482,3137
"48303",2021,9936,10725,10617,6324,7872,9482,10648,10040,6673,7375,19418,21373,20657,12997,15247
"48309",2021,8402,7344,11104,6062,4915,8203,9536,8221,5420,5999,16605,16880,19325,11482,10914
"48329",2021,6746,5308,7946,3162,1845,6931,7093,5802,4313,1821,13677,12401,13748,7475,3666
"48339",2021,20374,26352,24468,15452,8785,18531,24065,24125,15042,7181,38905,50417,48593,30494,15966
"48355",2021,11438,13715,10781,7418,5571,10375,11410,12282,8055,5060,21813,25125,23063,15473,10631
"48361",2021,3150,2641,3300,2510,810,2833,3721,2062,1177,1251,5983,6362,5362,3687,2061
"48367",2021,4458,5612,6578,3754,1008,4748,3430,7291,2969,1698,9206,9042,13869,6723,2706
"48375",2021,3821,5287,4649,2805,1336,3577,4048,4202,2851,1025,7398,9335,8851,5656,2361
"48381",2021,4716,5027,4721,3098,2044,3568,5574,4135,3052,3017,8284,10601,8856,6150,5061
"48397",2021,3497,4363,4383,3296,1330,2772,5218,4948,2542,888,6269,9581,9331,5838,2218
"48409",2021,2503,3495,2500,1791,1124,2239,1799,2665,1371,948,4742,5294,5165,3162,2072
"48423",2021,8308,9662,7225,5710,4105,6295,8229,7634,4639,3328,14603,17891,14859,10349,7433
"48427",2021,3854,3266,2698,1613,1471,3143,2557,3330,1693,1357,6997,5823,6028,3306,2828
"48439",2021,69719,79842,79192,49711,29723,66748,70650,82518,48177,29281,136467,150492,161710,97888,59004
"48441",2021,5172,5599,4739,2837,2622,4504,4293,5680,2498,2624,9676,9892,10419,5335,5246
"48451",2021,3936,3557,4676,2550,2380,3449,4171,3770,2565,2367,7385,7728,8446,5115,4747
"48453",2021,37456,34811,43213,22222,17499,35677,39243,34356,22731,16744,73133,74054,77569,44953,34243
"48469",2021,3371,3126,3430,2912,1052,2460,3596,2644,1445,1306,5831,6722,6074,4357,2358
"48471",2021,2109,698,1189,912,2241,1377,2425,2044,687,2807,3486,3123,3233,1599,5048
"48479",2021,11394,12325,12018,7327,4596,11282,11384,12323,6922,4549,22676,23709,24341,14249,9145
"48485",2021,4304,4051,4373,2453,2872,4085,3971,3939,2393,2346,8389,8022,8312,4846,5218
"48491",2021,19415,23670,23403,14525,7319,18695,22460,22204,13335,7172,38110,46130,45607,27860,14491
"48497",2021,2027,2754,2574,1972,1214,2160,1538,3214,1420,1159,4187,4292,5788,3392,2373
"49005",2021,5084,5527,6433,3440,2716,5132,5920,5433,3770,3930,10216,11447,11866,7210,6646
"49011",2021,13285,16428,18233,10527,5456,12967,14066,17831,9825,4854,26252,30494,36064,20352,10310
"49035",2021,40018,41225,48137,28306,16434,37670,42071,43563,25987,14151,77688,83296,91700,54293,30585
"49045",2021,3118,4017,3306,2269,963,2299,3137,3502,2316,990,5417,7154,6808,4585,1953
"49049",2021,30094,35151,29608,19414,12879,28636,31528,27769,18519,14348,58730,66679,57377,37933,27227
"49053",2021,6458,6452,7693,5255,1480,3961,4336,8651,4602,2561,10419,10788,16344,9857,4041
"49057",2021,9386,11322,9831,6809,3039,8870,9656,10842,5463,3362,18256,20978,20673,12272,6401
"50007",2021,3892,4230,4727,2806,4017,3141,2945,5168,2569,4012,7033,7175,9895,5375,8029
"51003",2021,2472,2739,3783,2401,4261,2278,3185,3553,1940,4327,4750,5924,7336,4341,8588
"51013",2021,6149,6641,5650,3186,1060,5741,5747,5909,3257,841,11890,12388,11559,6443,1901
"51015",2021,1842,2643,2273,1491,601,1582,2156,1628,1195,1752,3424,4799,3901,2686,2353
"51019",2021,1710,2467,2361,1277,1333,1768,2352,1879,1642,653,3478,4819,4240,2919,1986
"51041",2021,11204,11873,14239,7428,4773,10141,12522,12106,8282,4742,21345,24395,26345,15710,9515
"51059",2021,34462,35834,41051,24206,14111,33018,34610,37909,22460,13171,67480,70444,78960,46666,27282
"51061",2021,1724,1956,2813,1406,1206,1840,3362,2181,1132,1557,3564,5318,4994,2538,2763
"51069",2021,2771,3342,2948,2139,1089,2368,2888,3116,1772,892,5139,6230,6064,3911,1981
"51085",2021,2618,3622,4361,2388,1451,2807,2681,3510,2060,1579,5425,6303,7871,4448,3030
"51087",2021,9632,10515,10699,7049,4016,9628,9743,10832,6034,2975,19260,20258,21531,13083,6991
"51095",2021,1568,2388,1873,1774,874,1706,2148,2362,1813,678,3274,4536,4235,3587,1552
"51107",2021,14350,16977,17720,10442,4665,12784,17382,15675,10698,5343,27134,34359,33395,21140,10008
"51121",2021,1904,1710,3185,966,4944,1645,2485,1598,1582,4438,3549,4195,4783,2548,9382
"51153",2021,16754,18897,19192,11697,6330,16010,19676,15973,10975,5792,32764,38573,35165,22672,12122
"51161",2021,2291,2763,2978,1699,1298,1983,2873,2147,2256,991,4274,5636,5125,3955,2289
"51165",2021,2496,2148,2695,1963,647,2670,2522,2514,1630,909,5166,4670,5209,3593,1556
"51177",2021,4233,5388,5055,3118,2173,4198,5549,4795,2710,1408,8431,10937,9850,5828,3581
"51179",2021,5111,5601,6837,4104,2825,4590,5290,6528,3742,1916,9701,10891,13365,7846,4741
"51199",2021,1456,2807,2027,1544,891,2080,1954,2907,1413,693,3536,4761,4934,2957,1584
"51510",2021,4926,4719,2562,1391,719,5430,3920,3460,1938,837,10356,8639,6022,3329,1556
"51550",2021,7985,7907,10279,5311,2861,7268,6874,9490,5870,2957,15253,14781,19769,11181,5818
"51650",2021,4143,3420,4785,2423,2316,4139,3127,4877,2540,2268,8282,6547,9662,4963,4584
"51680",2021,2189,1835,2316,1022,3056,1733,984,2845,1227,4167,3922,2819,5161,2249,7223
"51700",2021,6761,5904,6318,3422,3905,6050,5784,5596,3188,3233,12811,11688,11914,6610,7138
"51710",2021,7771,5920,7264,3405,4000,6991,4140,7170,3029,4713,14762,10060,14434,6434,8713
"51740",2021,3518,2641,3716,2446,1691,3597,2938,3023,847,1538,7115,5579,6739,3293,3229
"51760",2021,6738,4596,5012,2504,2834,6315,6296,4179,3166,4214,13053,10892,9191,5670,7048
"51770",2021,2998,3653,3178,1583,1211,2944,3107,3002,1724,417,5942,6760,6180,3307,1628
"51800",2021,3212,3479,3300,1933,1134,2870,2767,3302,1906,751,6082,6246,6602,3839,1885
"51810",2021,13529,11484,17814,8527,5723,13489,14865,12605,8468,4764,27018,26349,30419,16995,10487
"53005",2021,6868,7787,9119,4720,2316,6628,9139,6311,4607,2330,13496,16926,15430,9327,4646
"53007",2021,1937,3079,2510,993,450,2455,2088,3122,2096,832,4392,5167,5632,3089,1282
"53009",2021,1944,2219,1941,1165,270,1392,2021,1639,1051,367,3336,4240,3580,2216,637
"53011",2021,15223,17120,17136,10726,5557,13924,15824,17055,10543,5505,29147,32944,34191,21269,11062
"53015",2021,3068,4136,3739,1983,1342,2768,3843,3347,2474,1297,5836,7979,7086,4457,2639
"53021",2021,4279,3592,5060,2696,1770,3906,3676,5033,2632,1345,8185,7268,10093,5328,3115
"53025",2021,3570,3830,4654,2326,1056,3468,3788,4459,2580,719,7038,7618,9113,4906,1775
"53027",2021,1571,2697,2059,691,744,1815,2123,2748,1689,813,3386,4820,4807,2380,1557
"53029",2021,2844,2642,1298,1053,751,2341,2279,1934,931,1356,5185,4921,3232,1984,2107
"53033",2021,61208,62450,66507,37342,24238,58243,58363,65318,36417,23805,119451,120813,131825,73759,48043
"53035",2021,7166,7681,8056,4570,3228,7272,6535,8442,4846,1984,14438,14216,16498,9416,5212
"53041",2021,2755,2399,2921,1769,881,2159,2542,2364,1414,716,4914,4941,5285,3183,1597
"53045",2021,1689,2618,1838,1122,352,1440,1547,1436,1514,415,3129,4165,3274,2636,767
"53053",2021,29158,30287,32981,17826,10700,27266,30042,30064,17128,9626,56424,60329,63045,34954,20326
"53057",2021,3570,4942,3365,2970,1604,3451,3192,4471,1868,1161,7021,8134,7836,4838,2765
"53061",2021,25495,26946,26813,16374,9148,24435,24280,26841,14452,7615,49930,51226,53654,30826,16763
"53063",2021,15448,16806,18020,10107,7399,14884,16378,16687,10451,7382,30332,33184,34707,20558,14781
"53067",2021,8122,10041,8736,5042,3053,8081,9355,8378,5210,3684,16203,19396,17114,10252,6737
"53073",2021,5126,5898,7202,3981,4510,4951,6192,6005,3530,4461,10077,12090,13207,7511,8971
"53077",2021,9546,10569,12138,6559,3931,9074,9722,11628,6136,3374,18620,20291,23766,12695,7305
"54003",2021,3721,4229,4917,3357,1301,3776,4144,3146,1529,1545,7497,8373,8063,4886,2846
"54011",2021,2827,2414,2990,1736,1346,2318,1969,3048,1404,2476,5145,4383,6038,3140,3822
"54033",2021,1773,1575,2652,1242,600,1778,1531,2344,1188,496,3551,3106,4996,2430,1096
"54039",2021,4540,4148,6360,3268,1726,4335,4764,5372,3149,1613,8875,8912,11732,6417,3339
"54061",2021,2313,3414,1974,1998,3022,2294,2761,2696,847,2680,4607,6175,4670,2845,5702
"54081",2021,2051,1568,3124,1407,918,1935,2450,1772,1593,793,3986,4018,4896,3000,1711
"54107",2021,2123,2563,2745,1548,806,2411,2051,2705,1508,905,4534,4614,5450,3056,1711
"55009",2021,8618,7571,10875,5742,3503,7128,8419,9715,4720,3684,15746,15990,20590,10462,7187
"55017",2021,1660,1795,2350,1606,632,1871,2550,1244,1385,724,3531,4345,3594,2991,1356
"55025",2021,14987,16200,16756,10183,9328,14060,15182,15879,9391,10931,29047,31382,32635,19574,20259
"55027",2021,1784,2566,3347,1949,1609,2060,1919,2484,1499,703,3844,4485,5831,3448,2312
"55035",2021,2691,2296,4420,1757,2108,2687,2667,3141,1797,2454,5378,4963,7561,3554,4562
"55039",2021,2238,2557,3485,1938,1298,2432,3169,4385,1937,1267,4670,5726,7870,3875,2565
"55055",2021,1860,2320,2079,1943,1527,1872,2438,2480,2013,1205,3732,4758,4559,3956,2732
"55059",2021,4386,4716,6461,3562,2251,4458,4492,5625,3417,2777,8844,9208,12086,6979,5028
"55063",2021,3079,3639,3991,2147,1996,3072,3175,3210,1990,2962,6151,6814,7201,4137,4958
"55071",2021,2112,2383,2679,1758,779,1879,1879,2306,1470,930,3991,4262,4985,3228,1709
"55073",2021,3665,4475,5160,2829,1533,3544,3986,4910,2658,1331,7209,8461,10070,5487,2864
"55079",2021,30823,30212,33879,18449,13106,29911,29051,32046,17875,12573,60734,59263,65925,36324,25679
"55087",2021,5539,6838,6307,4040,2243,5641,6532,6023,3569,2213,11180,13370,12330,7609,4456
"55089",2021,2353,3310,2693,1923,1181,2395,2712,2474,1768,828,4748,6022,5167,3691,2009
"55097",2021,1475,1702,2524,1426,1331,1527,1866,1629,1244,1476,3002,3568,4153,2670,2807
"55101",2021,5645,5186,8081,3578,2073,5536,6307,6093,4290,2356,11181,11493,14174,7868,4429
"55105",2021,4966,5041,5648,3834,2272,4530,5185,5009,3275,1725,9496,10226,10657,7109,3997
"55109",2021,2687,3014,3764,2583,1031,2472,3054,3290,2080,867,5159,6068,7054,4663,1898
"55111",2021,2349,1907,2517,1260,692,1628,2153,1759,1303,575,3977,4060,4276,2563,1267
"55117",2021,2904,3836,4277,2153,1407,2861,3151,4048,2564,1089,5765,6987,8325,4717,2496
"55127",2021,2457,2361,3839,2155,2262,2228,3305,2867,2111,1722,4685,5666,6706,4266,3984
"55131",2021,3362,3394,4936,2945,1300,3181,3144,5374,2651,974,6543,6538,10310,5596,2274
"55133",2021,10726,11936,13304,8603,5004,9910,12193,11842,8188,4554,20636,24129,25146,16791,9558
"55139",2021,4999,4831,5712,3285,2658,3964,4483,4475,3018,2882,8963,9314,10187,6303,5540
"55141",2021,1816,3018,1854,1285,675,1643,2527,2201,1490,806,3459,5545,4055,2775,1481
"56021",2021,2658,3313,3301,1815,1373,2993,3533,2971,1963,1219,5651,6846,6272,3778,2592
"56025",2021,2363,2495,3433,1909,287,2370,2349,2871,1419,1081,4733,4844,6304,3328,1368
"72013",2021,1450,2213,2076,1662,796,1411,1720,2397,1363,1169,2861,3933,4473,3025,1965
"72021",2021,3111,3903,4640,3170,2211,2902,4104,4117,2890,2095,6013,8007,8757,6060,4306
"72025",2021,1998,2570,3683,2321,1873,1969,3512,2579,2288,1587,3967,6082,6262,4609,3460
"72031",2021,2398,3954,3219,2627,1860,2310,4098,3169,2617,1813,4708,8052,6388,5244,3673
"72061",2021,645,1542,2237,1363,965,2000,1886,1730,1335,1374,2645,3428,3967,2698,2339
"72097",2021,1132,2280,1063,1550,1491,1034,1403,1809,1037,1521,2166,3683,2872,2587,3012
"72113",2021,2429,3441,3756,2440,1724,2256,2979,4010,2397,1058,4685,6420,7766,4837,2782
"72127",2021,5894,6034,9250,5557,4055,5491,6372,8861,5674,4357,11385,12406,18111,11231,8412
"72135",2021,948,1970,1653,717,871,1052,1285,2242,1862,1772,2000,3255,3895,2579,2643
"72137",2021,1187,2121,1662,607,906,1126,1585,2102,2023,781,2313,3706,3764,2630,1687
"72139",2021,428,2496,1042,1475,869,1491,1044,2226,931,468,1919,3540,3268,2406,1337
"01003",2022,6484,7534,7079,5417,2550,6069,8047,6626,4013,1792,12553,15581,13705,9430,4342
"01015",2022,3769,2406,4396,2290,1424,2892,2970,3109,2578,1853,6661,5376,7505,4868,3277
"01043",2022,3184,2968,2579,1935,1006,2265,2817,2625,1797,807,5449,5785,5204,3732,1813
"01049",2022,2201,2431,2624,1696,1072,1830,2655,1867,1739,815,4031,5086,4491,3435,1887
"01051",2022,2456,1974,3671,1534,726,2063,2585,2952,1735,1098,4519,4559,6623,3269,1824
"01055",2022,3230,4341,2387,2035,902,2717,2668,3007,1647,1013,5947,7009,5394,3682,1915
"01069",2022,3446,4091,2897,2223,1078,3300,2929,3487,2013,1061,6746,7020,6384,4236,2139
"01073",2022,20731,21246,21668,12704,9059,19292,21066,20331,12726,9514,40023,42312,41999,25430,18573
"01077",2022,2017,2709,2922,1883,1485,2486,2373,2934,1480,1947,4503,5082,5856,3363,3432
"01081",2022,5082,5355,5818,3091,4844,4369,5510,4642,3359,4574,9451,10865,10460,6450,9418
"01083",2022,3009,4371,3388,2001,795,2621,3741,3879,1442,725,5630,8112,7267,3443,1520
"01089",2022,11717,13370,10845,7866,5927,10588,12466,11507,7298,7078,22305,25836,22352,15164,13005
"01095",2022,3534,3089,4066,2180,1296,3448,3556,3370,2097,1216,6982,6645,7436,4277,2512
"01097",2022,13066,12485,14526,8183,5118,12425,12607,13047,8640,4708,25491,25092,27573,16823,9826
"01101",2022,7497,7697,7601,5052,2935,7727,6921,6999,4031,3398,15224,14618,14600,9083,6333
"01103",2022,3328,4301,4398,2298,1122,3461,4151,3551,2750,1480,6789,8452,7949,5048,2602
"01115",2022,2795,2495,3861,1866,1136,2082,3265,2412,2014,606,4877,5760,6273,3880,1742
"01117",2022,6110,7665,6923,4981,3007,5638,7125,8089,4516,3362,11748,14790,15012,9497,6369
"01121",2022,2135,2186,1388,1320,648,2004,3504,2089,1825,835,4139,5690,3477,3145,1483
"01125",2022,6110,5909,7618,3855,7940,6551,6347,7315,3783,9948,12661,12256,14933,7638,17888
"02020",2022,8682,10219,9523,4588,3499,9633,9698,9344,5822,2855,18315,19917,18867,10410,6354
"02090",2022,3464,3199,3334,1972,1276,3142,2613,2347,1582,664,6606,5812,5681,3554,1940
"02170",2022,3699,3852,4975,2538,1816,3258,4302,3914,2564,1254,6957,8154,8889,5102,3070
"04001",2022,1910,1959,3054,1554,1047,1866,2622,2544,1452,913,3776,4581,5598,3006,1960
"04003",2022,3117,3792,4257,2647,1908,3040,2381,4669,2187,983,6157,6173,8926,4834,2891
"04005",2022,3400,4590,3417,1840,4061,3409,3678,4489,3036,5222,6809,8268,7906,4876,9283
"04013",2022,129107,140040,155385,96403,60513,124529,141124,140470,92179,56357,253636,281164,295855,188582,116870
"04015",2022,5206,5606,4325,3330,1817,3671,4261,5091,3821,1643,8877,9867,9416,7151,3460
"04017",2022,2952,3356,4662,2377,1570,3481,4340,3723,2391,966,6433,7696,8385,4768,2536
"04019",2022,26102,28341,31959,20322,17776,24972,29264,28258,17694,17203,51074,57605,60217,38016,34979
"04021",2022,12765,15145,14334,9154,5999,11734,13040,16025,8701,4833,24499,28185,30359,17855,10832
"04025",2022,4303,5682,4833,3627,2840,4490,4410,6309,3446,1745,8793,10092,11142,7073,4585
"04027",2022,7479,7758,6740,4295,2735,6635,6630,7775,4379,2679,14114,14388,14515,8674,5414
"05007",2022,10181,10316,11883,6638,3355,9572,11343,10119,6237,3870,19753,21659,22002,12875,7225
"05031",2022,2878,3603,4691,2486,1694,3994,4107,4127,2275,1400,6872,7710,8818,4761,3094
"05045",2022,3889,3861,4317,2093,1942,4100,4476,3624,2018,3124,7989,8337,7941,4111,5066
"05051",2022,2675,2154,3818,2280,1283,2037,3242,1679,1502,992,4712,5396,5497,3782,2275
"05069",2022,2262,2513,1349,895,982,1477,2481,1383,1362,555,3739,4994,2732,2257,1537
"05085",2022,2609,2764,2612,1634,878,2053,2037,2900,1495,1155,4662,4801,5512,3129,2033
"05119",2022,12214,12476,13292,8153,3577,12771,12964,12319,7283,4071,24985,25440,25611,15436,7648
"05125",2022,2976,3746,4950,2428,785,4116,4344,4050,2579,1589,7092,8090,9000,5007,2374
"05131",2022,3866,5170,4146,2950,1190,3710,3327,5277,2006,1314,7576,8497,9423,4956,2504
"05143",2022,7424,9792,7506,4876,5665,7118,9305,8183,4963,6174,14542,19097,15689,9839,11839
"05145",2022,2379,1773,3176,1542,1175,2101,3525,1932,1467,2062,4480,5298,5108,3009,3237
"06001",2022,42629,44797,46934,29136,19221,41199,42914,43402,26732,19456,83828,87711,90336,55868,38677
"06007",2022,5737,7017,4773,4177,3392,5070,5388,5959,3399,3683,10807,12405,10732,7576,7075
"06013",2022,31159,34656,37327,24581,14299,30016,34268,35333,23397,12676,61175,68924,72660,47978,26975
"06017",2022,4180,4945,5880,3979,1720,4080,6208,4329,3414,2077,8260,11153,10209,7393,3797
"06019",2022,35655,37021,45672,25953,14314,34352,37715,40751,23595,13765,70007,74736,86423,49548,28079
"06023",2022,2772,3435,3404,2258,1768,2610,2843,4567,2218,2555,5382,6278,7971,4476,4323
"06025",2022,6364,6025,8708,4444,2594,6122,6907,7337,4232,2351,12486,12932,16045,8676,4945
"06029",2022,32812,35701,40890,23452,13649,31207,35670,37604,22700,12965,64019,71371,78494,46152,26614
"06031",2022,5187,5293,6877,3329,2261,5350,5075,6487,3206,1583,10537,10368,13364,6535,3844
"06033",2022,1739,1764,2004,2139,701,1804,1099,2958,733,463,3543,2863,4962,2872,1164
"06037",2022,248653,271421,310583,185869,121195,239740,258409,292632,176475,118848,488393,529830,603215,362344,240043
"06039",2022,5468,6541,6415,4447,2159,4495,5931,6129,4118,3040,9963,12472,12544,8565,5199
"06041",2022,5040,6166,7280,5090,2653,5547,6094,8234,4953,2982,10587,12260,15514,10043,5635
"06045",2022,2235,2920,2768,1616,1156,2163,3066,2580,1329,1238,4398,5986,5348,2945,2394
"06047",2022,10854,11469,13041,7939,5370,9682,11176,11444,7399,5565,20536,22645,24485,15338,10935
"06053",2022,14057,15751,16047,9939,6906,14314,14189,16142,9656,6370,28371,29940,32189,19595,13276
"06055",2022,3414,3107,4533,3087,1485,2283,2746,4023,2430,2038,5697,5853,8556,5517,3523
"06057",2022,2320,2854,2600,2112,797,1815,2225,2056,1334,908,4135,5079,4656,3446,1705
"06059",2022,83245,90563,98874,63009,42126,79067,81260,99132,59370,42155,162312,171823,198006,122379,84281
"06061",2022,10658,12060,14887,8512,5477,9663,11561,14579,8299,4041,20321,23621,29466,16811,9518
"06065",2022,72899,81301,92687,56395,35269,69067,78172,88849,54183,33464,141966,159473,181536,110578,68733
"06067",2022,47680,50090,53752,32884,19051,45015,49020,49857,30857,18217,92695,99110,103609,63741,37268
"06069",2022,2102,2001,2942,1337,1568,1891,2830,2161,1832,706,3993,4831,5103,3169,2274
"06071",2022,71148,72996,89735,52219,31983,67081,72415,83198,48949,27912,138229,145411,172933,101168,59895
"06073",2022,92459,91726,105065,59757,47568,88057,94085,91525,56951,42613,180516,185811,196590,116708,90181
"06075",2022,16356,13977,16683,8797,5765,16973,14670,14099,8876,6302,33329,28647,30782,17673,12067
"06077",2022,26288,28018,33049,19309,11372,24923,26816,30928,17867,9803,51211,54834,63977,37176,21175
"06079",2022,6129,6160,7528,4547,7640,5761,6156,6775,4511,6437,11890,12316,14303,9058,14077
"06081",2022,18353,20845,20204,13145,7510,17449,18533,19586,12383,6848,35802,39378,39790,25528,14358
"06083",2022,14000,12326,15702,8589,9542,12033,13129,13248,8393,11255,26033,25455,28950,16982,20797
"06085",2022,48820,51632,57153,36696,23977,46546,48642,54543,33760,23140,95366,100274,111696,70456,47117
"06087",2022,5513,6278,7991,4867,5681,5594,6814,6389,4546,6285,11107,13092,14380,9413,11966
"06089",2022,4043,5651,6484,3622,1644,5089,5895,4992,2847,1640,9132,11546,11476,6469,3284
"06095",2022,13109,13962,14106,8606,4854,12221,13629,13254,8149,5022,25330,27591,27360,16755,9876
"06097",2022,10507,13573,12799,8833,5438,11057,11549,12967,8560,5520,21564,25122,25766,17393,10958
"06099",2022,18580,20820,21832,13072,7540,17877,18264,22589,12860,8126,36457,39084,44421,25932,15666
"06101",2022,3717,3464,4293,1698,1474,1373,3870,2644,2918,1746,5090,7334,6937,4616,3220
"06103",2022,2027,2790,1716,1418,524,1740,2200,2386,1126,829,3767,4990,4102,2544,1353
"06107",2022,16915,18259,23875,13086,7320,16789,17332,22253,12781,7011,33704,35591,46128,25867,14331
"06111",2022,21505,26539,25733,17365,10717,21513,23422,26919,16930,10199,43018,49961,52652,34295,20916
"06113",2022,4978,6778,5846,4661,5651,4971,4770,7276,4262,7944,9949,11548,13122,8923,13595
"06115",2022,2987,3230,2946,1480,1615,2780,3956,3575,1668,1026,5767,7186,6521,3148,2641
"08001",2022,16647,17949,19882,12297,7621,15991,14347,21069,11316,6284,32638,32296,40951,23613,13905
"08005",2022,18915,20185,21627,13768,7471,17961,20299,19532,12676,6919,36876,40484,41159,26444,14390
"08013",2022,6172,7977,8575,5484,7201,6376,6778,9130,6386,8167,12548,14755,17705,11870,15368
"08014",2022,1161,2136,3181,1554,882,1235,2017,2597,1732,571,2396,4153,5778,3286,1453
"08031",2022,19540,17313,17726,9755,7299,18883,15728,18227,10685,6685,38423,33041,35953,20440,13984
"08035",2022,10406,11347,14169,8849,4462,9490,10511,13601,8547,4479,19896,21858,27770,17396,8941
"08041",2022,23157,22338,26532,15151,10257,21745,20936,25288,14136,8367,44902,43274,51820,29287,18624
"08059",2022,13446,14418,15711,10493,6376,13118,14988,13657,9366,5665,26564,29406,29368,19859,12041
"08069",2022,7878,10050,9887,6110,7187,7774,9004,9253,6380,7160,15652,19054,19140,12490,14347
"08077",2022,3861,4127,5125,2961,2232,3852,5107,3575,3233,2796,7713,9234,8700,6194,5028
"08101",2022,4705,4542,6161,3566,2119,4144,5432,4989,3351,1975,8849,9974,11150,6917,4094
"08123",2022,11652,13145,12738,8150,4541,11188,13159,11189,7173,4853,22840,26304,23927,15323,9394
"09110",2022,25567,25448,30723,18587,16356,24301,27911,26735,18263,16278,49868,53359,57458,36850,32634
"09120",2022,8827,8564,11577,7134,5310,8332,9311,10247,6620,6438,17159,17875,21824,13754,11748
"09130",2022,3779,3706,5192,2846,2210,3137,3811,4261,2701,1608,6916,7517,9453,5547,3818
"09140",2022,13207,11842,14673,9208,6165,10088,13359,12288,8132,3924,23295,25201,26961,17340,10089
"09150",2022,2122,3016,3059,2237,907,2147,2618,2535,1354,845,4269,5634,5594,3591,1752
"09160",2022,1772,2143,3661,2279,1137,2139,2805,3581,2118,1152,3911,4948,7242,4397,2289
"09170",2022,14427,15719,15949,10994,10562,13828,13161,17299,10013,11940,28255,28880,33248,21007,22502
"09180",2022,6061,6534,9156,4808,3884,6956,7220,7272,4862,4089,13017,13754,16428,9670,7973
"09190",2022,15751,20790,19675,13060,8069,16012,17847,19694,13373,6212,31763,38637,39369,26433,14281
"10001",2022,5425,6592,5855,3934,2482,5634,7359,4715,3079,2281,11059,13951,10570,7013,4763
"10003",2022,15929,16763,17773,10970,8538,15399,13941,19513,10761,8480,31328,30704,37286,21731,17018
"10005",2022,6102,6349,6380,3712,2213,5569,6514,5669,4290,2153,11671,12863,12049,8002,4366
"11001",2022,20038,19567,15307,8130,8771,18997,17701,16251,8253,11514,39035,37268,31558,16383,20285
"12001",2022,7771,6746,7775,4059,8916,5202,7738,6414,4077,8825,12973,14484,14189,8136,17741
"12005",2022,4941,5084,6394,2653,2265,4887,5265,5720,3398,1355,9828,10349,12114,6051,3620
"12009",2022,14287,15634,17393,10869,6627,13001,13223,18025,10459,5327,27288,28857,35418,21328,11954
"12011",2022,53034,54572,59763,36266,19904,51476,52805,56922,35558,18574,104510,107377,116685,71824,38478
"12015",2022,3022,3840,2786,2845,1528,2583,2342,4442,1722,1940,5605,6182,7228,4567,3468
"12017",2022,3518,3951,3544,2406,1813,2289,2874,3283,2127,993,5807,6825,6827,4533,2806
"12019",2022,6021,6658,8566,5049,2379,5669,6605,7763,4808,2576,11690,13263,16329,9857,4955
"12021",2022,8167,9853,9033,6437,3706,7808,10131,7406,5726,3024,15975,19984,16439,12163,6730
"12023",2022,2126,3421,1991,1407,738,1865,2415,1359,966,1194,3991,5836,3350,2373,1932
"12031",2022,32487,32953,31235,18575,12212,31087,28969,32659,17812,11697,63574,61922,63894,36387,23909
"12033",2022,9557,10937,8566,5257,5885,8857,7252,11173,5667,3811,18414,18189,19739,10924,9696
"12035",2022,2469,3572,2197,2281,1217,2484,2771,3469,933,664,4953,6343,5666,3214,1881
"12053",2022,4689,5112,6046,3867,2280,4204,5938,4769,3452,1670,8893,11050,10815,7319,3950
"12055",2022,1084,2507,2533,1830,757,2169,2671,2615,2062,1227,3253,5178,5148,3892,1984
"12057",2022,43502,44254,49828,29189,20413,41766,45988,43073,27749,20508,85268,90242,92901,56938,40921
"12061",2022,2629,3849,4683,2786,629,2260,3660,3246,1937,1663,4889,7509,7929,4723,2292
"12069",2022,8894,11941,10740,7556,3021,10020,10363,10949,6825,3460,18914,22304,21689,14381,6481
"12071",2022,18383,16276,23516,13331,8872,17739,21632,16019,11934,8475,36122,37908,39535,25265,17347
"12073",2022,7294,6610,8974,5768,8473,7055,8442,6702,3553,11195,14349,15052,15676,9321,19668
"12081",2022,9629,9978,11047,6671,3836,8794,10401,9847,7079,3613,18423,20379,20894,13750,7449
"12083",2022,9712,7762,13909,6507,3666,8251,9357,10977,6845,3224,17963,17119,24886,13352,6890
"12085",2022,3292,4098,3395,2611,1208,3117,3617,3025,2802,1743,6409,7715,6420,5413,2951
"12086",2022,73335,72250,77164,47821,31177,69987,62931,79750,45724,29890,143322,135181,156914,93545,61067
"12087",2022,1463,1801,1937,1329,352,1340,1294,3318,415,915,2803,3095,5255,1744,1267
"12089",2022,2082,1931,3041,1756,476,2690,2535,3088,1409,989,4772,4466,6129,3165,1465
"12091",2022,6788,8340,6277,3739,2627,6312,5749,6853,3865,1415,13100,14089,13130,7604,4042
"12095",2022,41136,43712,44268,27427,21776,39812,40608,43108,26294,21786,80948,84320,87376,53721,43562
"12097",2022,13349,13058,16536,9850,5719,11509,12046,15593,8477,5214,24858,25104,32129,18327,10933
"12099",2022,37650,40396,39816,26061,15945,35960,37145,39513,25258,15546,73610,77541,79329,51319,31491
"12101",2022,14965,18944,17453,12230,6622,14306,14773,19756,9968,5810,29271,33717,37209,22198,12432
"12103",2022,18824,21393,20586,13722,7234,17920,19561,20997,13570,7223,36744,40954,41583,27292,14457
"12105",2022,21926,24437,25732,15862,10237,21589,20162,27122,14901,9594,43515,44599,52854,30763,19831
"12107",2022,1781,2841,2301,901,865,2274,898,3645,978,848,4055,3739,5946,1879,1713
"12109",2022,7025,9761,10769,5734,3439,6182,9278,9902,6752,2595,13207,19039,20671,12486,6034
"12111",2022,9026,8168,12034,6668,3734,8535,9881,9380,6304,5265,17561,18049,21414,12972,8999
"12113",2022,5723,6262,6505,4431,1899,4625,5819,5992,3507,1880,10348,12081,12497,7938,3779
"12115",2022,6495,7858,11336,6542,3343,7922,9099,8572,5540,3108,14417,16957,19908,12082,6451
"12117",2022,11967,12135,16237,9659,4672,11683,12878,14458,8829,5436,23650,25013,30695,18488,10108
"12119",2022,615,2003,505,1397,240,1974,1659,1343,820,815,2589,3662,1848,2217,1055
"12127",2022,12927,14615,14316,9318,7778,12521,14510,13422,8690,5363,25448,29125,27738,18008,13141
"12131",2022,2600,1726,2518,2005,188,2003,3159,1796,1321,595,4603,4885,4314,3326,783
"13013",2022,3096,2902,3353,1900,1846,2786,2834,3839,1492,971,5882,5736,7192,3392,2817
"13015",2022,2851,3814,3556,2164,1550,3821,2875,3919,2830,1359,6672,6689,7475,4994,2909
"13021",2022,5038,7144,4399,3032,1635,4657,4899,5168,3356,1468,9695,12043,9567,6388,3103
"13031",2022,2596,1499,2044,2198,2733,2857,2657,1544,866,3416,5453,4156,3588,3064,6149
"13045",2022,3769,5751,3291,2659,2799,3322,4426,3249,2770,3175,7091,10177,6540,5429,5974
"13047",2022,2215,1834,2660,1603,717,850,1404,2962,1571,759,3065,3238,5622,3174,1476
"13051",2022,8744,7976,9340,5025,4286,8611,8241,8033,5366,4811,17355,16217,17373,10391,9097
"13057",2022,8810,8551,9859,5781,3345,6079,8127,9336,6634,3206,14889,16678,19195,12415,6551
"13059",2022,3268,1723,3341,1276,3589,2580,4565,2790,1174,5859,5848,6288,6131,2450,9448
"13063",2022,10046,10878,11429,7199,3981,10828,11491,10990,6376,3938,20874,22369,22419,13575,7919
"13067",2022,21937,21855,26911,16344,10004,20898,23120,24252,16021,9872,42835,44975,51163,32365,19876
"13073",2022,4814,6121,5392,3600,1745,4966,6875,5213,3503,1830,9780,12996,10605,7103,3575
"13077",2022,4517,4065,6350,3280,1776,3298,4438,5569,3220,2264,7815,8503,11919,6500,4040
"13089",2022,24798,19994,27441,13942,8940,24014,19690,25963,13743,8034,48812,39684,53404,27685,16974
"13095",2022,2644,1982,3987,2004,722,2515,4576,931,1217,1867,5159,6558,4918,3221,2589
"13097",2022,4475,4730,6183,4371,2160,3733,5530,4676,3161,2244,8208,10260,10859,7532,4404
"13103",2022,2200,2537,2728,1462,1251,2281,2378,3210,1285,676,4481,4915,5938,2747,1927
"13113",2022,2296,3994,4814,3075,1165,2207,2590,4850,3447,1766,4503,6584,9664,6522,2931
"13115",2022,3059,3311,3710,2496,2207,2733,3105,2273,1649,1914,5792,6416,5983,4145,4121
"13117",2022,7428,8989,11517,6597,3696,6732,8168,11801,6647,3337,14160,17157,23318,13244,7033
"13121",2022,29448,31162,31943,20353,15241,27832,30128,30725,19972,14528,57280,61290,62668,40325,29769
"13127",2022,1807,2197,2234,2155,1020,2586,2703,1870,1507,1323,4393,4900,4104,3662,2343
"13135",2022,29621,33833,39004,24652,13673,28668,33677,37291,24320,12676,58289,67510,76295,48972,26349
"13139",2022,6010,7199,7420,4649,3025,6558,6884,7000,4466,2554,12568,14083,14420,9115,5579
"13151",2022,7203,8656,9358,6526,3932,6281,7247,9829,6499,3159,13484,15903,19187,13025,7091
"13153",2022,5279,7515,5268,3605,3936,4791,5565,7067,3691,1441,10070,13080,12335,7296,5377
"13157",2022,2840,2388,3655,1968,873,2500,2271,2990,2176,735,5340,4659,6645,4144,1608
"13179",2022,2695,3405,2181,614,788,2966,2706,1975,1690,702,5661,6111,4156,2304,1490
"13185",2022,3959,3112,5504,2765,1737,3753,4451,3335,2237,2458,7712,7563,8839,5002,4195
"13215",2022,7310,6052,8328,4193,2740,6019,6325,8147,3607,2968,13329,12377,16475,7800,5708
"13217",2022,4448,3507,4560,2844,1713,2891,3443,4497,3101,1186,7339,6950,9057,5945,2899
"13223",2022,5014,7582,7048,4247,1920,3777,5753,7280,4288,1426,8791,13335,14328,8535,3346
"13245",2022,6755,6527,6327,4341,3592,6357,6040,6470,3756,3047,13112,12567,12797,8097,6639
"13247",2022,1396,3824,3268,2577,758,3016,2440,4311,1596,1464,4412,6264,7579,4173,2222
"13255",2022,2437,2347,2270,1268,777,1923,1654,2543,1501,377,4360,4001,4813,2769,1154
"13285",2022,1935,2885,2824,1117,1036,1796,1315,2665,1994,519,3731,4200,5489,3111,1555
"13295",2022,2355,1849,2156,1147,492,2329,2179,1397,1154,526,4684,4028,3553,2301,1018
"13297",2022,3128,3040,4052,2787,1199,2370,3440,2928,2422,1010,5498,6480,6980,5209,2209
"13313",2022,3137,3961,3257,2754,1409,3230,3875,3154,2282,2065,6367,7836,6411,5036,3474
"15001",2022,4977,6760,6162,4378,1835,5779,5776,6385,2973,1496,10756,12536,12547,7351,3331
"15003",2022,28509,29840,30217,16399,11384,27517,25881,30178,15458,10156,56026,55721,60395,31857,21540
"15007",2022,2363,2349,2308,1697,1123,1116,1783,2829,1072,1234,3479,4132,5137,2769,2357
"15009",2022,4088,5251,5052,2848,1232,4578,4593,5141,2609,1680,8666,9844,10193,5457,2912
"16001",2022,13258,14306,19175,11377,7166,12455,13972,17536,10760,6335,25713,28278,36711,22137,13501
"16005",2022,2661,3349,3020,2146,1363,2820,3804,2900,1906,1207,5481,7153,5920,4052,2570
"16019",2022,4540,5501,5728,3146,1468,4864,5735,5379,3536,1673,9404,11236,11107,6682,3141
"16027",2022,8609,8632,10790,6155,3131,8008,10192,8347,5672,2581,16617,18824,19137,11827,5712
"16055",2022,4811,6550,5586,3835,1922,4908,5614,5895,3232,1447,9719,12164,11481,7067,3369
"16083",2022,2998,2617,3802,2231,1150,2858,4214,4198,1725,1115,5856,6831,8000,3956,2265
"17019",2022,4638,5578,5269,2881,6609,5834,4521,7164,2732,6821,10472,10099,12433,5613,13430
"17031",2022,140296,142228,164792,97746,60427,135245,143024,152075,94206,58664,275541,285252,316867,191952,119091
"17037",2022,3100,3396,2968,1964,2682,2141,3727,2304,1708,2613,5241,7123,5272,3672,5295
"17043",2022,25406,27809,30281,19054,11467,24333,28634,26832,18042,11488,49739,56443,57113,37096,22955
"17089",2022,15050,15463,19501,12407,7190,14129,15074,18143,11704,6330,29179,30537,37644,24111,13520
"17091",2022,3357,3187,3684,2205,1632,2544,3601,3206,2033,1519,5901,6788,6890,4238,3151
"17093",2022,4120,6059,4482,3489,2059,4174,5388,5400,3688,1720,8294,11447,9882,7177,3779
"17097",2022,19519,22431,25027,16998,12974,17673,23619,21895,15057,9707,37192,46050,46922,32055,22681
"17099",2022,2739,2984,3701,1942,990,2695,3416,3127,1925,1242,5434,6400,6828,3867,2232
"17111",2022,7851,9335,11130,7051,4594,7542,8302,11053,6872,3384,15393,17637,22183,13923,7978
"17113",2022,4135,4649,6017,2669,3913,4538,4195,5729,3746,4681,8673,8844,11746,6415,8594
"17115",2022,3449,3137,3425,2143,1361,2969,3026,2886,1714,1358,6418,6163,6311,3857,2719
"17119",2022,6979,8157,8183,5008,3638,6542,7271,8325,5044,3295,13521,15428,16508,10052,6933
"17143",2022,6131,6071,6430,4129,2116,5154,5390,5612,3217,2191,11285,11461,12042,7346,4307
"17161",2022,3894,5399,4203,3593,1144,3670,4297,4360,1994,1632,7564,9696,8563,5587,2776
"17163",2022,7187,6393,10677,4736,2938,7036,7051,9519,5304,2622,14223,13444,20196,10040,5560
"17167",2022,5425,5426,6864,4652,2273,5157,6054,4854,3751,2115,10582,11480,11718,8403,4388
"17179",2022,3081,3661,4882,3034,1597,2986,3262,4760,2546,1213,6067,6923,9642,5580,2810
"17183",2022,2366,1696,2676,1607,633,2181,1989,2479,1641,542,4547,3685,5155,3248,1175
"17197",2022,19160,21576,25628,16615,8775,18280,20436,25092,15958,8401,37440,42012,50720,32573,17176
"17199",2022,1583,1759,2448,1310,649,1583,2178,2015,1046,357,3166,3937,4463,2356,1006
"17201",2022,9987,8344,10944,5846,2953,6689,9610,8481,5562,3136,16676,17954,19425,11408,6089
"18003",2022,13569,12419,15800,8323,4421,12811,12338,14796,8405,4599,26380,24757,30596,16728,9020
"18005",2022,2387,2861,2937,1278,1006,2071,2492,3619,2204,1368,4458,5353,6556,3482,2374
"18011",2022,2443,2769,2574,1659,869,2056,3067,1846,1669,1061,4499,5836,4420,3328,1930
"18019",2022,4090,3935,2923,3169,1505,2837,3649,3824,2525,857,6927,7584,6747,5694,2362
"18035",2022,2783,2737,2608,2192,2633,2232,2854,2666,1869,3420,5015,5591,5274,4061,6053
"18039",2022,7214,7496,8113,4735,3493,7460,7004,8385,5266,2045,14674,14500,16498,10001,5538
"18043",2022,2058,2484,2883,1901,551,2539,2352,2335,1452,759,4597,4836,5218,3353,1310
"18053",2022,1690,3281,1176,1434,1054,1718,1632,2205,946,1720,3408,4913,3381,2380,2774
"18057",2022,10713,12730,14529,8599,4046,10076,12632,13445,8574,3928,20789,25362,27974,17173,7974
"18059",2022,2461,2982,3050,1868,757,2019,2896,2200,1637,770,4480,5878,5250,3505,1527
"18063",2022,5083,6126,6263,5486,1811,4757,5998,6601,3775,2193,9840,12124,12864,9261,4004
"18067",2022,2486,3083,2815,1631,829,2084,2924,2230,1546,903,4570,6007,5045,3177,1732
"18081",2022,4554,4326,6975,3638,2124,4377,5865,6451,3669,1384,8931,10191,13426,7307,3508
"18085",2022,2791,2796,2301,2029,1013,2269,2344,2367,1760,1009,5060,5140,4668,3789,2022
"18089",2022,14738,17126,16033,10875,6087,14174,16797,14937,10427,5050,28912,33923,30970,21302,11137
"18091",2022,3000,3045,3702,2247,1550,2974,2504,3923,2085,883,5974,5549,7625,4332,2433
"18095",2022,4111,4492,3806,2581,1975,3336,2233,5101,2310,1549,7447,6725,8907,4891,3524
"18097",2022,33796,37619,29661,19960,12140,32673,35010,29361,18903,12202,66469,72629,59022,38863,24342
"18105",2022,2519,3316,3709,2192,5619,2258,3234,2596,1915,5657,4777,6550,6305,4107,11276
"18109",2022,1793,2475,2422,1471,887,1773,1545,2878,1524,651,3566,4020,5300,2995,1538
"18127",2022,4756,5417,5257,4037,2077,4207,4935,4974,3390,1694,8963,10352,10231,7427,3771
"18141",2022,8320,8627,8866,5901,5522,7843,8590,9166,5195,5126,16163,17217,18032,11096,10648
"18157",2022,5738,4477,6117,2877,7840,4572,5412,5058,3449,6269,10310,9889,11175,6326,14109
"18163",2022,5301,4979,6230,3319,2836,4845,5089,5281,3624,2220,10146,10068,11511,6943,5056
"18167",2022,2590,3333,2566,2242,3146,2218,2785,3016,2521,1739,4808,6118,5582,4763,4885
"18173",2022,1758,1713,2299,1442,505,1897,2242,2297,1461,671,3655,3955,4596,2903,1176
"18177",2022,2222,1495,2153,1626,772,1981,2178,2059,1218,732,4203,3673,4212,2844,1504
"19013",2022,4040,3760,4304,2165,2330,3847,4037,3802,2147,2574,7887,7797,8106,4312,4904
"19049",2022,3519,4625,4299,2414,883,3459,3907,3868,2429,1449,6978,8532,8167,4843,2332
"19061",2022,2578,3397,2946,1824,1271,2813,3765,2398,1656,1041,5391,7162,5344,3480,2312
"19103",2022,4202,5464,4268,2459,4017,3036,4170,3852,2260,4140,7238,9634,8120,4719,8157
"19113",2022,6835,7878,7102,4357,2354,5595,7027,7187,5021,3207,12430,14905,14289,9378,5561
"19153",2022,16170,16798,17553,10767,6629,15545,18181,15106,10013,5747,31715,34979,32659,20780,12376
"19155",2022,2208,3476,3310,1956,1368,2406,2858,2816,1968,1031,4614,6334,6126,3924,2399
"19163",2022,5446,4887,5974,3163,1664,4687,5631,6237,3945,1695,10133,10518,12211,7108,3359
"19169",2022,1796,2522,2358,1380,7523,1987,2399,2167,1177,4495,3783,4921,4525,2557,12018
"19193",2022,3828,2964,4973,2006,1704,3619,3601,3775,1416,1499,7447,6565,8748,3422,3203
"20015",2022,2178,2723,2227,1602,931,1727,1585,2523,1661,831,3905,4308,4750,3263,1762
"20045",2022,2814,2660,3286,1583,3243,2598,2837,3112,1606,3944,5412,5497,6398,3189,7187
"20091",2022,18168,19011,22151,13535,7092,17771,18926,21383,12554,6541,35939,37937,43534,26089,13633
"20103",2022,2669,3609,3007,1562,667,2056,1851,3002,1453,709,4725,5460,6009,3015,1376
"20161",2022,1195,1433,1405,956,3089,2425,1635,1526,721,2634,3620,3068,2931,1677,5723
"20173",2022,16747,17109,20427,11653,7347,16270,16217,19905,11174,6171,33017,33326,40332,22827,13518
"20177",2022,5913,5831,5887,3754,2911,4305,4754,6434,3663,1789,10218,10585,12321,7417,4700
"20209",2022,6712,6118,6861,3480,1902,5281,5603,6404,4051,2036,11993,11721,13265,7531,3938
"21015",2022,4699,6176,3187,3181,2024,4205,4968,5289,3256,1309,8904,11144,8476,6437,3333
"21029",2022,2007,3348,2058,1594,774,1964,2187,2827,1494,754,3971,5535,4885,3088,1528
"21037",2022,2595,3289,2161,1620,977,2292,3154,2310,1574,804,4887,6443,4471,3194,1781
"21047",2022,3436,2338,2868,1126,1950,3401,3300,2396,1705,429,6837,5638,5264,2831,2379
"21059",2022,3593,2820,3757,2142,1032,3312,4179,2693,2083,1085,6905,6999,6450,4225,2117
"21067",2022,9075,9335,9156,5617,5249,8621,8823,9271,5412,5900,17696,18158,18427,11029,11149
"21093",2022,3417,3412,5074,1920,949,3079,4060,3319,3186,898,6496,7472,8393,5106,1847
"21111",2022,23589,23430,24391,15017,8318,22791,21690,23691,14247,8194,46380,45120,48082,29264,16512
"21117",2022,5067,6391,5419,3737,1722,4347,4191,5852,3962,1611,9414,10582,11271,7699,3333
"21145",2022,2148,1837,3116,1186,1480,1371,1564,2714,978,706,3519,3401,5830,2164,2186
"21151",2022,2664,2383,3054,1772,1768,2855,2216,2731,1451,2529,5519,4599,5785,3223,4297
"21185",2022,1771,2724,2300,1570,824,1474,2745,2531,1629,399,3245,5469,4831,3199,1223
"21199",2022,2030,1511,2532,1399,617,1721,2188,1570,1358,583,3751,3699,4102,2757,1200
"21227",2022,5293,4970,3521,2885,2844,4057,5056,3490,3066,2627,9350,10026,7011,5951,5471
"22005",2022,4244,5012,5332,3119,1022,3885,4988,4881,2410,1762,8129,10000,10213,5529,2784
"22015",2022,4020,4738,5345,2401,1234,3556,5315,3335,3029,1237,7576,10053,8680,5430,2471
"22017",2022,6731,6448,9116,4298,2354,6748,7378,7659,4478,2608,13479,13826,16775,8776,4962
"22019",2022,7674,6347,7824,4376,2824,5947,3697,9980,4133,2296,13621,10044,17804,8509,5120
"22033",2022,13814,14420,14065,8689,8196,13178,12919,14689,8072,9637,26992,27339,28754,16761,17833
"22045",2022,2592,1819,2811,1051,643,2160,2531,2113,2055,704,4752,4350,4924,3106,1347
"22051",2022,12623,11422,15199,8355,4227,13200,10919,14520,7091,4168,25823,22341,29719,15446,8395
"22055",2022,8317,9141,7518,4938,2789,7801,9663,6643,4947,2415,16118,18804,14161,9885,5204
"22057",2022,2335,2440,3116,2164,1299,1768,2822,2007,2546,1042,4103,5262,5123,4710,2341
"22063",2022,4453,6061,4925,3018,1444,4540,4729,6688,2961,1499,8993,10790,11613,5979,2943
"22071",2022,10199,10183,9903,6174,4123,9575,8644,10861,5928,5729,19774,18827,20764,12102,9852
"22073",2022,4765,5702,5258,3322,1959,4642,5055,5326,3128,2018,9407,10757,10584,6450,3977
"22079",2022,4506,3853,4890,2961,1323,4116,3851,4561,2775,1031,8622,7704,9451,5736,2354
"22097",2022,1962,3355,2659,2686,1839,3596,3644,2500,1234,696,5558,6999,5159,3920,2535
"22103",2022,8002,10434,8336,6530,3179,7397,7915,9375,5676,2771,15399,18349,17711,12206,5950
"22105",2022,3725,5100,4939,2549,2572,4964,3938,5124,3161,2945,8689,9038,10063,5710,5517
"22109",2022,2651,3348,4492,1994,1352,3795,3435,3713,2192,1090,6446,6783,8205,4186,2442
"23001",2022,2781,2976,3898,2186,1135,2386,3020,3780,1726,968,5167,5996,7678,3912,2103
"23003",2022,1557,1561,1872,1098,608,1448,2054,1278,1202,423,3005,3615,3150,2300,1031
"23005",2022,7807,8455,6985,4911,3388,6433,7101,8410,4622,3477,14240,15556,15395,9533,6865
"23011",2022,2935,3561,3249,2112,1375,2796,3092,3608,1983,1333,5731,6653,6857,4095,2708
"23019",2022,3104,4818,2907,2731,2339,3283,4802,2580,2433,2471,6387,9620,5487,5164,4810
"23031",2022,5283,4853,5957,3459,2067,5318,4433,5697,3179,2091,10601,9286,11654,6638,4158
"24001",2022,1647,1008,2396,1021,748,1418,1924,1450,973,882,3065,2932,3846,1994,1630
"24003",2022,17822,18011,20072,11560,6246,17266,18087,18155,10851,5566,35088,36098,38227,22411,11812
"24005",2022,23991,25256,26397,16556,11207,23579,24839,24939,16042,12048,47570,50095,51336,32598,23255
"24009",2022,2814,3549,3429,2035,1080,2472,2953,2622,2231,1219,5286,6502,6051,4266,2299
"24013",2022,4772,5528,6240,3549,2750,4097,4822,5114,3907,2157,8869,10350,11354,7456,4907
"24015",2022,2609,3115,4226,2071,1141,2724,3806,2460,1931,1106,5333,6921,6686,4002,2247
"24017",2022,5508,3824,7592,3231,2082,4405,5666,5937,3990,2492,9913,9490,13529,7221,4574
"24021",2022,8375,9290,9774,5714,3531,8207,8979,9582,6116,3269,16582,18269,19356,11830,6800
"24025",2022,7348,8292,8829,5740,3449,6612,8216,8581,4653,1978,13960,16508,17410,10393,5427
"24027",2022,10163,11036,12533,7306,4160,7917,8805,13685,7357,3923,18080,19841,26218,14663,8083
"24031",2022,30558,35426,33762,22008,11790,29170,32327,32765,20855,10869,59728,67753,66527,42863,22659
"24033",2022,29021,30093,27928,17326,13291,28074,28424,27462,16991,13101,57095,58517,55390,34317,26392
"24037",2022,3351,3929,3369,2300,1723,3729,3125,4414,2419,1294,7080,7054,7783,4719,3017
"24043",2022,4304,5647,3791,2807,2395,4272,4561,5165,2989,1426,8576,10208,8956,5796,3821
"24045",2022,3405,2735,4325,1182,1859,3003,3053,3397,2481,1563,6408,5788,7722,3663,3422
"24510",2022,16767,16957,15606,9754,7131,16871,15160,15814,8738,8732,33638,32117,31420,18492,15863
"25001",2022,3403,5033,4432,3404,2144,4061,3391,5366,3136,1549,7464,8424,9798,6540,3693
"25003",2022,2852,2711,2194,2096,1536,2275,2896,2683,1893,1535,5127,5607,4877,3989,3071
"25005",2022,15162,17343,16338,10557,7681,13598,14768,18021,11392,7105,28760,32111,34359,21949,14786
"25009",2022,21916,21995,25792,15302,11261,20978,22461,22487,14900,10890,42894,44456,48279,30202,22151
"25011",2022,1397,1706,1860,1169,311,1037,1515,1760,1225,488,2434,3221,3620,2394,799
"25013",2022,12939,12311,15143,9317,7314,11215,12124,13798,8813,5932,24154,24435,28941,18130,13246
"25015",2022,2513,3816,3132,2618,5147,2710,2904,2548,1990,8371,5223,6720,5680,4608,13518
"25017",2022,41049,42794,46841,28700,23029,39553,41402,43858,27248,21298,80602,84196,90699,55948,44327
"25021",2022,18993,21639,20449,13130,9126,17844,19802,20333,14430,10138,36837,41441,40782,27560,19264
"25023",2022,13922,15511,15998,10891,6517,12741,14830,14699,10127,6220,26663,30341,30697,21018,12737
"25025",2022,18803,16344,16974,10631,15705,18400,16331,15770,9888,18801,37203,32675,32744,20519,34506
"25027",2022,22454,24603,26148,16989,12439,21265,20328,27817,15566,12089,43719,44931,53965,32555,24528
"26005",2022,3555,4441,4012,2384,1268,3106,4477,3640,2302,1279,6661,8918,7652,4686,2547
"26017",2022,3254,2917,2771,1650,1361,2499,2622,1863,2276,926,5753,5539,4634,3926,2287
"26021",2022,4334,4647,4533,2508,2159,3740,4519,4584,3390,2312,8074,9166,9117,5898,4471
"26025",2022,3849,4779,4024,2747,1801,3674,4033,4530,2655,1446,7523,8812,8554,5402,3247
"26037",2022,2169,2529,2166,1663,883,1955,2259,2672,1441,1238,4124,4788,4838,3104,2121
"26045",2022,2852,3090,3259,2295,1231,2704,2961,3084,1788,1453,5556,6051,6343,4083,2684
"26049",2022,11062,11641,13602,8012,4620,11110,12153,12776,7683,4135,22172,23794,26378,15695,8755
"26055",2022,2420,1739,3375,1880,1057,2083,3368,2085,1586,912,4503,5107,5460,3466,1969
"26065",2022,7569,6973,8645,4290,8891,7085,8241,6563,5332,8080,14654,15214,15208,9622,16971
"26067",2022,1597,2080,2009,1191,797,1662,1358,2574,1344,715,3259,3438,4583,2535,1512
"26075",2022,4621,4268,5346,3064,2024,4302,4406,4712,2609,1658,8923,8674,10058,5673,3682
"26077",2022,7416,8125,7712,4818,5198,6989,9124,6437,4486,4779,14405,17249,14149,9304,9977
"26081",2022,20843,20785,23068,13950,9143,19696,18384,23026,13140,8275,40539,39169,46094,27090,17418
"26087",2022,2507,2941,2438,1928,1170,1876,1923,2991,1715,694,4383,4864,5429,3643,1864
"26091",2022,2666,2791,2838,1958,1484,2273,2901,2758,1771,1063,4939,5692,5596,3729,2547
"26093",2022,4678,4982,6392,3813,2176,4571,6057,4948,3573,1790,9249,11039,11340,7386,3966
"26099",2022,22547,23605,27963,17374,9156,22925,23529,25260,15942,7854,45472,47134,53223,33316,17010
"26103",2022,1470,1236,2108,1202,1320,1496,1249,1820,1005,1564,2966,2485,3928,2207,2884
"26111",2022,2192,2657,2381,1571,831,2043,1991,2530,1581,768,4235,4648,4911,3152,1599
"26115",2022,4115,4739,4952,3173,1671,3636,3608,5073,3095,1493,7751,8347,10025,6268,3164
"26117",2022,1734,1718,2143,1372,822,1997,2280,1553,1194,437,3731,3998,3696,2566,1259
"26121",2022,4252,5729,5701,3822,2110,5702,4999,5474,3295,2389,9954,10728,11175,7117,4499
"26125",2022,32865,35455,37316,24355,13885,31202,31411,38564,22984,13147,64067,66866,75880,47339,27032
"26139",2022,8313,10875,10152,6711,5475,8146,10023,8673,5963,7300,16459,20898,18825,12674,12775
"26145",2022,6069,4747,6651,3967,2537,4090,4424,6169,3481,2554,10159,9171,12820,7448,5091
"26147",2022,3707,3863,5196,3494,1746,4315,4406,4207,2863,1575,8022,8269,9403,6357,3321
"26155",2022,1924,1997,1946,1446,679,1749,2089,1645,1207,594,3673,4086,3591,2653,1273
"26159",2022,1955,2223,2848,1366,679,2277,2255,2494,1551,534,4232,4478,5342,2917,1213
"26161",2022,8466,8970,9903,6314,9933,8156,7816,10081,6066,10668,16622,16786,19984,12380,20601
"26163",2022,56369,59695,58765,36272,20227,53632,53889,58392,34918,19103,110001,113584,117157,71190,39330
"27003",2022,10944,12966,12176,7226,4546,10587,12305,11547,8659,3523,21531,25271,23723,15885,8069
"27013",2022,1735,2005,1960,1446,2357,1351,1398,2531,1169,1851,3086,3403,4491,2615,4208
"27019",2022,3233,4468,3300,2904,1545,2915,4407,3299,2256,1094,6148,8875,6599,5160,2639
"27027",2022,1912,1835,2604,1313,1016,2097,2598,2290,1222,1376,4009,4433,4894,2535,2392
"27035",2022,1616,2426,1809,1328,646,1643,1874,2203,1240,646,3259,4300,4012,2568,1292
"27037",2022,13640,17552,13007,9473,5280,12705,13720,15399,9521,4435,26345,31272,28406,18994,9715
"27053",2022,36867,36442,40399,22816,15365,35455,35978,37899,22450,15060,72322,72420,78298,45266,30425
"27109",2022,5651,5663,5437,3410,1431,4299,5256,5871,3105,2128,9950,10919,11308,6515,3559
"27123",2022,17154,18302,16665,10297,6995,16016,17025,16814,10241,7184,33170,35327,33479,20538,14179
"27131",2022,2338,1759,1927,1314,2232,1524,2233,1967,1159,1808,3862,3992,3894,2473,4040
"27137",2022,4886,5205,5594,3225,4060,4706,4908,4992,3140,3289,9592,10113,10586,6365,7349
"27139",2022,4187,5826,5880,3746,1757,4996,5930,5570,3452,1643,9183,11756,11450,7198,3400
"27141",2022,3738,3565,3899,2441,1139,2957,3498,3857,2173,835,6695,7063,7756,4614,1974
"27145",2022,5315,4140,5692,3453,3568,4664,5173,5946,2785,3717,9979,9313,11638,6238,7285
"27163",2022,7902,9631,9693,5523,3162,7276,10205,9107,6179,2578,15178,19836,18800,11702,5740
"27171",2022,5443,6461,5014,3858,1932,4581,5630,5417,3459,1389,10024,12091,10431,7317,3321
"28033",2022,5955,5748,8241,4505,2457,5199,7202,5716,4901,2323,11154,12950,13957,9406,4780
"28035",2022,2337,2455,2705,822,1651,2677,1648,3132,2093,2265,5014,4103,5837,2915,3916
"28047",2022,6115,4700,9683,4632,3027,6464,7456,5633,4408,1920,12579,12156,15316,9040,4947
"28049",2022,6809,7301,6861,4246,2763,6266,6958,6547,4998,3392,13075,14259,13408,9244,6155
"28059",2022,3451,5142,4416,3486,1829,4327,3849,4438,3699,1494,7778,8991,8854,7185,3323
"28067",2022,1464,1444,3686,2260,869,1920,2361,1458,1682,695,3384,3805,5144,3942,1564
"28073",2022,1490,3360,2314,1238,889,2279,1510,2830,1341,623,3769,4870,5144,2579,1512
"28075",2022,1358,1516,3023,1278,1247,3075,3215,2115,827,990,4433,4731,5138,2105,2237
"28081",2022,2614,2605,2995,1840,1346,2764,2243,3582,1825,1508,5378,4848,6577,3665,2854
"28089",2022,4004,3426,4122,2329,2454,2522,2450,4905,2827,1522,6526,5876,9027,5156,3976
"28121",2022,3877,4456,5416,3385,2594,4635,4462,5692,3124,1670,8512,8918,11108,6509,4264
"29019",2022,4735,5305,4975,3426,4638,5400,6087,4803,2454,5482,10135,11392,9778,5880,10120
"29021",2022,2501,2828,2620,1410,1195,2147,2707,2686,1791,835,4648,5535,5306,3201,2030
"29031",2022,1900,2197,2777,1633,2065,2156,1716,2955,1457,1338,4056,3913,5732,3090,3403
"29037",2022,3862,3369,3381,2230,1337,3146,3438,3679,2400,1077,7008,6807,7060,4630,2414
"29043",2022,2767,3237,4042,2373,672,2625,2605,3894,1984,893,5392,5842,7936,4357,1565
"29047",2022,8142,8551,8769,5211,3277,7043,7119,9757,5417,2408,15185,15670,18526,10628,5685
"29051",2022,1850,1839,2954,1862,867,2117,2815,1618,1527,1031,3967,4654,4572,3389,1898
"29071",2022,2846,3314,3480,2396,1035,2877,4109,2235,2146,911,5723,7423,5715,4542,1946
"29077",2022,8061,9679,9149,5600,3874,7402,8691,8643,4940,5304,15463,18370,17792,10540,9178
"29095",2022,22248,24068,22970,14596,7709,20980,22829,22778,14233,7548,43228,46897,45748,28829,15257
"29097",2022,3768,3892,3659,2668,1764,4000,4602,4727,2999,1566,7768,8494,8386,5667,3330
"29099",2022,6735,7106,7796,4823,2616,6158,6580,7374,4724,2057,12893,13686,15170,9547,4673
"29165",2022,2756,2768,5267,2380,1387,3291,3614,3347,2001,779,6047,6382,8614,4381,2166
"29183",2022,10715,13781,13404,8283,5042,11380,12741,13423,8570,4221,22095,26522,26827,16853,9263
"29187",2022,1645,1972,2044,1925,1142,1724,1802,2366,818,848,3369,3774,4410,2743,1990
"29189",2022,28197,27613,34786,19642,12304,26696,29245,29831,19196,12165,54893,56858,64617,38838,24469
"29510",2022,9685,6807,7280,4000,3332,6407,5399,7992,4001,3999,16092,12206,15272,8001,7331
"30013",2022,2041,2493,3602,1611,856,2157,2588,2958,1393,1062,4198,5081,6560,3004,1918
"30029",2022,2891,3350,3736,2737,1305,2792,2756,3941,2068,987,5683,6106,7677,4805,2292
"30031",2022,2621,3167,4082,2290,2772,2796,2970,3323,1969,2194,5417,6137,7405,4259,4966
"30049",2022,2298,2399,1817,1401,756,1956,1651,2873,951,534,4254,4050,4690,2352,1290
"30063",2022,2545,2689,3434,2050,1964,2997,3150,2895,1732,1748,5542,5839,6329,3782,3712
"30111",2022,4544,5194,6269,3477,935,4653,6478,4380,3384,1916,9197,11672,10649,6861,2851
"31055",2022,19973,19896,22220,12703,7625,19335,19690,20402,12206,7279,39308,39586,42622,24909,14904
"31109",2022,9634,10443,10615,6464,6274,8775,9654,10003,6445,5731,18409,20097,20618,12909,12005
"31153",2022,7086,7098,7990,4394,2859,5718,7185,7468,4227,2486,12804,14283,15458,8621,5345
"32003",2022,66162,73279,76769,46494,26576,63944,70218,72862,45474,23748,130106,143497,149631,91968,50324
"32031",2022,13363,13455,16880,9907,5598,12268,14595,13198,8668,5763,25631,28050,30078,18575,11361
"33005",2022,1846,1983,1702,1240,818,1799,2020,1550,1312,1444,3645,4003,3252,2552,2262
"33009",2022,1608,1482,2535,1386,1788,1760,1694,2304,1433,2152,3368,3176,4839,2819,3940
"33011",2022,11318,11825,11686,7884,5296,10144,11399,10842,7927,4688,21462,23224,22528,15811,9984
"33013",2022,3508,3650,4509,2675,1741,3595,4597,3520,2594,2159,7103,8247,8029,5269,3900
"33015",2022,7430,8197,7809,5572,3407,7062,7476,9015,5744,2718,14492,15673,16824,11316,6125
"33017",2022,2831,2465,3742,3373,2443,2876,3293,2558,2215,3079,5707,5758,6300,5588,5522
"34001",2022,8218,6819,10568,5974,4167,5355,6112,9457,4426,3180,13573,12931,20025,10400,7347
"34003",2022,24514,26395,30670,18875,10944,23062,26080,28694,18422,10660,47576,52475,59364,37297,21604
"34005",2022,12747,13327,13746,8366,5181,10768,14076,12594,9151,4415,23515,27403,26340,17517,9596
"34007",2022,15781,15533,18208,10451,5462,15243,14392,18041,10516,6376,31024,29925,36249,20967,11838
"34009",2022,1571,2840,2282,1398,329,1773,1713,2779,1545,425,3344,4553,5061,2943,754
"34011",2022,4031,5181,5153,3578,2985,5025,4751,5320,2809,1282,9056,9932,10473,6387,4267
"34013",2022,26477,28799,28807,17103,11343,25504,25488,29123,16599,10237,51981,54287,57930,33702,21580
"34015",2022,7966,10189,8667,6456,4609,7211,9501,8668,5699,4625,15177,19690,17335,12155,9234
"34017",2022,21385,18283,19416,11286,6181,22514,16975,19383,9709,7520,43899,35258,38799,20995,13701
"34019",2022,2582,3343,3698,2592,1375,3403,3121,3396,2143,1136,5985,6464,7094,4735,2511
"34021",2022,10711,12062,11664,6471,5657,10108,10939,11597,7928,5882,20819,23001,23261,14399,11539
"34023",2022,23437,22901,30198,16704,14928,22295,26295,24142,16593,13197,45732,49196,54340,33297,28125
"34025",2022,15222,17013,20697,13577,6882,16361,17358,18754,12509,7504,31583,34371,39451,26086,14386
"34027",2022,13151,13611,16272,10451,6104,12434,10834,17333,9767,5881,25585,24445,33605,20218,11985
"34029",2022,24353,24289,20692,13801,6491,23288,21608,21384,12163,5448,47641,45897,42076,25964,11939
"34031",2022,16249,17632,17001,10052,6581,15800,14711,18019,10537,6959,32049,32343,35020,20589,13540
"34033",2022,1967,2207,1807,1163,768,1254,1643,1890,1093,958,3221,3850,3697,2256,1726
"34035",2022,8358,10097,10837,7952,4025,8289,9085,10770,6534,2536,16647,19182,21607,14486,6561
"34037",2022,3151,3857,4421,2910,1364,3124,3734,4113,2603,666,6275,7591,8534,5513,2030
"34039",2022,17805,17058,20791,12040,6883,16451,18412,17931,11260,6397,34256,35470,38722,23300,13280
"34041",2022,2246,2739,3767,1801,1151,2149,2605,3243,2236,1024,4395,5344,7010,4037,2175
"35001",2022,16593,18722,21592,13491,8768,15353,16936,20508,12882,7713,31946,35658,42100,26373,16481
"35013",2022,7007,6189,8937,4457,4565,5257,7782,6957,5060,4518,12264,13971,15894,9517,9083
"35025",2022,2591,2225,4042,2079,1514,2400,3538,2099,1954,996,4991,5763,6141,4033,2510
"35031",2022,1966,3404,2899,1894,1027,1588,2764,2760,1759,1303,3554,6168,5659,3653,2330
"35035",2022,1306,1764,2648,825,1529,2591,1922,2301,1313,935,3897,3686,4949,2138,2464
"35043",2022,3272,4912,4941,3233,2452,3963,4699,4679,2942,1692,7235,9611,9620,6175,4144
"35045",2022,3347,4401,4335,3179,2141,3480,4038,4861,2820,1132,6827,8439,9196,5999,3273
"35049",2022,2882,3390,4038,2581,1459,2815,2657,4175,2584,1658,5697,6047,8213,5165,3117
"35061",2022,1995,2633,2683,1869,1182,1951,2223,2628,1365,1595,3946,4856,5311,3234,2777
"36001",2022,6757,9123,8847,4696,6474,7553,7104,6814,4881,7234,14310,16227,15661,9577,13708
"36005",2022,46478,46498,49270,28627,18750,44196,41617,50662,27169,18308,90674,88115,99932,55796,37058
"36007",2022,4783,4848,5650,3046,4497,4824,3902,7173,2758,3794,9607,8750,12823,5804,8291
"36009",2022,1930,2190,2225,1590,1043,2103,2331,1965,1536,1111,4033,4521,4190,3126,2154
"36011",2022,1768,1566,2507,1329,736,1597,2461,1728,1121,816,3365,4027,4235,2450,1552
"36013",2022,2974,3963,3472,2309,1535,3210,3582,3653,1876,1889,6184,7545,7125,4185,3424
"36015",2022,1786,3058,2493,1336,1255,1726,2188,2242,1791,975,3512,5246,4735,3127,2230
"36019",2022,1727,2078,1917,1157,1015,1579,1529,2329,1200,1637,3306,3607,4246,2357,2652
"36027",2022,6471,6481,9096,5537,4500,6645,6890,7799,4854,4702,13116,13371,16895,10391,9202
"36029",2022,25094,30264,24210,16807,12572,23995,28474,23594,16078,11727,49089,58738,47804,32885,24299
"36045",2022,4108,3784,3740,2098,1663,4243,4010,3393,1917,1031,8351,7794,7133,4015,2694
"36047",2022,84944,79698,81904,45808,25384,82026,74927,78892,44501,23998,166970,154625,160796,90309,49382
"36053",2022,1498,1666,1986,1117,1383,1405,1548,1729,1243,1890,2903,3214,3715,2360,3273
"36055",2022,19744,19601,23971,13528,12816,18719,19709,22241,13755,11681,38463,39310,46212,27283,24497
"36059",2022,36372,40505,45683,27968,16561,34643,36860,44403,26689,15528,71015,77365,90086,54657,32089
"36061",2022,33790,25473,36043,17626,15941,32655,28576,31141,18082,20616,66445,54049,67184,35708,36557
"36063",2022,5677,5920,5715,3690,2404,4942,6263,5397,3344,2532,10619,12183,11112,7034,4936
"36065",2022,6981,6973,7092,4257,3257,5472,5929,8030,3660,2837,12453,12902,15122,7917,6094
"36067",2022,12823,13846,14191,8905,7474,12468,11620,15157,8103,9302,25291,25466,29348,17008,16776
"36069",2022,2418,3232,3203,1911,1509,2595,3408,2571,1727,1813,5013,6640,5774,3638,3322
"36071",2022,13676,13223,15956,9631,6604,13101,13704,14365,9220,6311,26777,26927,30321,18851,12915
"36075",2022,3051,2997,3765,2334,2493,2886,3491,3048,2203,2352,5937,6488,6813,4537,4845
"36079",2022,2377,2215,3214,1758,1053,1997,2862,2427,1878,1073,4374,5077,5641,3636,2126
"36081",2022,63121,59348,67254,37451,22615,59541,61071,59105,35265,20846,122662,120419,126359,72716,43461
"36083",2022,4030,5222,3784,2818,3806,3697,2911,5083,2560,1951,7727,8133,8867,5378,5757
"36085",2022,13774,14081,16488,10014,5107,12146,14388,14527,9251,5278,25920,28469,31015,19265,10385
"36087",2022,16168,15258,12399,8863,4691,12454,12985,13287,7757,4877,28622,28243,25686,16620,9568
"36089",2022,2443,3535,2880,2028,3032,2405,2453,3055,1944,2993,4848,5988,5935,3972,6025
"36091",2022,5166,5345,7906,4277,2649,5082,6676,5795,4622,2518,10248,12021,13701,8899,5167
"36093",2022,5234,4132,4721,2906,3058,4226,5186,5005,2316,1775,9460,9318,9726,5222,4833
"36101",2022,2712,2098,3558,1704,921,2242,2857,2660,1742,909,4954,4955,6218,3446,1830
"36103",2022,39764,39987,48162,30206,20314,38166,40795,43964,28406,18659,77930,80782,92126,58612,38973
"36105",2022,2275,2428,2173,1522,901,1975,2241,2475,1267,630,4250,4669,4648,2789,1531
"36109",2022,2064,1975,2125,1247,6170,808,1455,2157,1786,4938,2872,3430,4282,3033,11108
"36111",2022,4293,4623,4616,2934,2257,3301,4300,3621,2704,2562,7594,8923,8237,5638,4819
"36113",2022,1621,1822,1263,972,288,1343,1687,1376,983,274,2964,3509,2639,1955,562
"36117",2022,2374,2808,2476,2097,873,2462,2439,2303,1678,761,4836,5247,4779,3775,1634
"36119",2022,25947,28441,31767,20378,12004,24876,27056,29412,19020,13045,50823,55497,61179,39398,25049
"37001",2022,4717,3629,7359,3833,3356,5013,5130,5376,2880,3693,9730,8759,12735,6713,7049
"37019",2022,2218,3525,3560,2253,1002,2479,2661,2830,1759,1308,4697,6186,6390,4012,2310
"37021",2022,6208,5896,6437,3567,3724,6628,8292,7019,3716,3343,12836,14188,13456,7283,7067
"37023",2022,1957,2127,2105,1800,386,2628,2102,1846,1068,110,4585,4229,3951,2868,496
"37025",2022,7391,8205,8932,5131,3753,6682,7763,8627,5632,2133,14073,15968,17559,10763,5886
"37027",2022,1999,1436,3149,1302,755,1567,2388,2564,1500,557,3566,3824,5713,2802,1312
"37031",2022,1122,1358,1827,1279,538,1610,1835,1517,942,415,2732,3193,3344,2221,953
"37035",2022,3869,6745,5538,3496,1952,3973,4568,3980,2725,2008,7842,11313,9518,6221,3960
"37037",2022,1289,1752,2540,2220,1215,2436,920,2663,1135,1468,3725,2672,5203,3355,2683
"37045",2022,2464,3589,2978,1946,1247,2884,3486,3081,1943,1567,5348,7075,6059,3889,2814
"37049",2022,2900,2471,3807,2645,1363,2951,2714,2679,1647,813,5851,5185,6486,4292,2176
"37051",2022,12338,11748,11747,6466,5432,12318,10543,12475,6416,3416,24656,22291,24222,12882,8848
"37057",2022,4790,3180,7359,3770,2295,4638,4703,5469,3121,1616,9428,7883,12828,6891,3911
"37063",2022,7900,6546,11013,5120,4012,11493,6860,10593,4830,5638,19393,13406,21606,9950,9650
"37067",2022,10923,10677,13876,8136,5949,11469,10083,13510,8235,5928,22392,20760,27386,16371,11877
"37069",2022,1827,1339,1329,1397,770,2826,2350,3829,1052,319,4653,3689,5158,2449,1089
"37071",2022,6622,6811,8210,4769,3322,6777,7019,7026,4531,1807,13399,13830,15236,9300,5129
"37081",2022,15292,17143,16723,11254,11504,14622,13923,18927,10236,13356,29914,31066,35650,21490,24860
"37085",2022,4771,4504,5393,2708,1538,4886,4682,5595,2508,1934,9657,9186,10988,5216,3472
"37089",2022,2289,2270,3572,1774,440,2787,2197,4301,2082,768,5076,4467,7873,3856,1208
"37097",2022,5121,7054,5294,4802,1921,4707,5013,6742,4340,1674,9828,12067,12036,9142,3595
"37101",2022,7219,7482,8644,5701,3276,6796,6422,9898,5036,2359,14015,13904,18542,10737,5635
"37105",2022,2212,1601,3189,908,500,1425,2221,2788,1338,1271,3637,3822,5977,2246,1771
"37109",2022,3937,3200,2421,1471,776,1021,2357,2919,1824,300,4958,5557,5340,3295,1076
"37119",2022,36778,34531,37361,22158,14654,35227,35599,33076,21772,15654,72005,70130,70437,43930,30308
"37125",2022,3051,3405,2958,2160,883,3280,3306,2753,1751,654,6331,6711,5711,3911,1537
"37127",2022,3184,2594,3674,2399,1773,2108,2593,3120,1455,971,5292,5187,6794,3854,2744
"37129",2022,4353,5784,6769,3624,2750,5376,6006,5906,3080,4384,9729,11790,12675,6704,7134
"37133",2022,8346,7111,7089,4061,7611,8079,7932,5662,2716,1652,16425,15043,12751,6777,9263
"37135",2022,2510,4299,4766,2716,4874,2457,4149,3922,2672,7527,4967,8448,8688,5388,12401
"37141",2022,1808,1640,2616,1059,454,1998,1776,2224,1334,649,3806,3416,4840,2393,1103
"37147",2022,4958,4165,6242,4224,4003,4426,5337,4305,2964,4537,9384,9502,10547,7188,8540
"37151",2022,4504,4446,4760,2797,1990,3762,4284,4560,3044,1142,8266,8730,9320,5841,3132
"37155",2022,4090,3834,4345,2946,1768,4118,4181,4052,1916,2142,8208,8015,8397,4862,3910
"37157",2022,2227,2897,3768,1476,873,1766,2292,2806,1257,935,3993,5189,6574,2733,1808
"37159",2022,4034,4466,5251,2358,1921,3755,3939,4854,3442,1586,7789,8405,10105,5800,3507
"37171",2022,1425,2241,2519,1588,848,1875,2091,1214,1779,975,3300,4332,3733,3367,1823
"37179",2022,6626,8408,11553,6622,4429,6640,7589,8839,6531,3246,13266,15997,20392,13153,7675
"37183",2022,34001,40800,36495,24922,16168,32384,36981,36855,24052,15225,66385,77781,73350,48974,31393
"37191",2022,3806,4364,3374,2465,1193,3701,3327,4682,1705,838,7507,7691,8056,4170,2031
"37193",2022,2918,956,2585,1893,883,1067,1776,1387,532,735,3985,2732,3972,2425,1618
"37195",2022,1549,3109,2972,1275,1520,1982,1981,3166,1638,919,3531,5090,6138,2913,2439
"38015",2022,2927,2708,3583,2664,1160,2630,2693,4021,1977,1482,5557,5401,7604,4641,2642
"38017",2022,6764,6399,6295,3267,4294,5531,6761,4407,2699,4231,12295,13160,10702,5966,8525
"38035",2022,2520,1643,2193,1120,2030,2096,2046,1857,1110,2831,4616,3689,4050,2230,4861
"38101",2022,2272,2519,2616,1563,1390,2148,1963,2407,1026,735,4420,4482,5023,2589,2125
"39003",2022,3367,2699,3890,2686,1774,2664,2252,4062,1875,1415,6031,4951,7952,4561,3189
"39007",2022,2651,3107,3435,1776,1149,2202,3107,3097,1624,871,4853,6214,6532,3400,2020
"39013",2022,1827,1928,1492,1059,1202,1395,1945,1608,1209,635,3222,3873,3100,2268,1837
"39017",2022,11331,15048,11173,7776,5360,11049,11701,13399,8202,6470,22380,26749,24572,15978,11830
"39023",2022,4680,3790,4269,2545,1731,3536,4145,3898,2564,2046,8216,7935,8167,5109,3777
"39025",2022,5850,7558,5859,4469,2138,6045,5564,7004,3930,2013,11895,13122,12863,8399,4151
"39029",2022,2495,2993,2800,1862,923,2565,2897,2875,1912,848,5060,5890,5675,3774,1771
"39035",2022,33693,35577,36242,22215,13714,32154,31858,36683,22619,12736,65847,67435,72925,44834,26450
"39041",2022,6834,5879,10553,5085,2805,5656,7662,8181,5546,2514,12490,13541,18734,10631,5319
"39043",2022,2550,2573,1163,1179,998,1764,1871,1853,982,934,4314,4444,3016,2161,1932
"39045",2022,4874,6177,4869,3861,1917,4422,5542,5794,2916,1354,9296,11719,10663,6777,3271
"39049",2022,43602,40435,45550,24674,18863,41815,43488,39285,24066,18595,85417,83923,84835,48740,37458
"39055",2022,2615,2480,3683,2106,1097,2302,3050,2795,2173,922,4917,5530,6478,4279,2019
"39057",2022,4957,5518,4931,3535,3262,3945,4715,4035,2850,2779,8902,10233,8966,6385,6041
"39061",2022,25606,25136,27838,16049,12203,24919,24119,26682,15751,11596,50525,49255,54520,31800,23799
"39063",2022,1930,2305,2184,2095,770,1818,2266,2080,1400,1069,3748,4571,4264,3495,1839
"39085",2022,6276,4992,7640,4685,2635,4847,4527,7171,4009,2517,11123,9519,14811,8694,5152
"39089",2022,5139,5073,6822,4142,2155,5166,5091,6285,3432,2095,10305,10164,13107,7574,4250
"39093",2022,8353,8370,11584,6459,4375,8449,10538,8104,5867,3331,16802,18908,19688,12326,7706
"39095",2022,12972,11383,16685,8471,6099,12300,11703,15031,8124,5641,25272,23086,31716,16595,11740
"39099",2022,6066,5824,6894,4188,2665,5741,5938,6539,4080,2915,11807,11762,13433,8268,5580
"39101",2022,1646,2376,1834,739,690,1501,2378,1085,2202,1098,3147,4754,2919,2941,1788
"39103",2022,4584,4380,6837,3982,2115,4284,5154,5763,3817,1642,8868,9534,12600,7799,3757
"39109",2022,3002,4179,3472,2291,1223,2949,3247,3888,2024,985,5951,7426,7360,4315,2208
"39113",2022,15952,18352,14876,10316,6520,15237,16037,16013,9979,6051,31189,34389,30889,20295,12571
"39119",2022,2457,2560,2848,1656,852,2581,2535,2741,1957,1013,5038,5095,5589,3613,1865
"39133",2022,3744,4277,3511,2526,3259,3501,3041,4777,2948,4097,7245,7318,8288,5474,7356
"39139",2022,3469,2978,4937,2605,1639,3362,2502,4830,2332,1435,6831,5480,9767,4937,3074
"39141",2022,1841,2615,2146,1494,316,1897,2515,1924,1629,481,3738,5130,4070,3123,797
"39145",2022,2566,1589,2589,1379,575,2046,1689,2593,1266,789,4612,3278,5182,2645,1364
"39151",2022,9881,11049,12534,7376,5066,9899,10662,11046,7072,4100,19780,21711,23580,14448,9166
"39153",2022,14005,15629,15763,10071,5524,14047,16339,14236,9537,5240,28052,31968,29999,19608,10764
"39155",2022,6063,4699,7283,3870,2399,4382,5375,5818,3469,2023,10445,10074,13101,7339,4422
"39157",2022,2648,2946,3407,1756,934,2610,2413,3099,1828,824,5258,5359,6506,3584,1758
"39159",2022,2125,2604,1823,1618,807,1801,1469,2734,1449,1119,3926,4073,4557,3067,1926
"39165",2022,7398,8369,8894,6021,2873,6242,7885,8995,4895,3139,13640,16254,17889,10916,6012
"39169",2022,3470,4572,3544,2430,1669,3658,4057,3666,2223,1772,7128,8629,7210,4653,3441
"39173",2022,3311,3988,3717,2554,2615,3030,2982,4541,2213,2945,6341,6970,8258,4767,5560
"40017",2022,5323,5939,6939,3820,1929,5070,5997,6240,3659,3295,10393,11936,13179,7479,5224
"40027",2022,7996,6805,10470,6200,6609,6168,8911,8318,5439,6760,14164,15716,18788,11639,13369
"40031",2022,4456,4049,4123,2038,2305,3861,4112,4287,2385,1595,8317,8161,8410,4423,3900
"40037",2022,1991,2213,2714,1422,904,1924,2266,2433,1672,762,3915,4479,5147,3094,1666
"40101",2022,1894,1687,2683,1487,580,2384,2370,2207,1501,1082,4278,4057,4890,2988,1662
"40109",2022,27662,27361,30672,17336,10468,26144,28566,26415,16300,9591,53806,55927,57087,33636,20059
"40119",2022,1712,3062,1524,1575,3025,2397,2312,1490,970,3590,4109,5374,3014,2545,6615
"40125",2022,1932,2650,2648,1479,1314,1975,1993,2726,1458,1002,3907,4643,5374,2937,2316
"40131",2022,2862,3017,3834,2092,1362,2629,3031,3221,1897,1302,5491,6048,7055,3989,2664
"40143",2022,22737,23293,25005,14714,8787,21297,22589,23306,14114,8270,44034,45882,48311,28828,17057
"40145",2022,2328,2951,3067,2202,910,2203,2723,2887,1785,1056,4531,5674,5954,3987,1966
"41003",2022,1621,2024,2439,1272,3999,1587,2951,1573,1250,3560,3208,4975,4012,2522,7559
"41005",2022,10331,13645,12661,8532,5643,9678,11582,12969,7775,3630,20009,25227,25630,16307,9273
"41017",2022,5110,5640,5049,3591,2022,4696,5842,5529,3256,2284,9806,11482,10578,6847,4306
"41019",2022,3261,2533,3658,1951,1432,2221,2806,2926,1874,881,5482,5339,6584,3825,2313
"41029",2022,5567,5593,7655,3971,3562,5365,5675,6866,4001,2531,10932,11268,14521,7972,6093
"41033",2022,2072,2561,2599,1307,1027,1251,1934,2808,1605,879,3323,4495,5407,2912,1906
"41035",2022,1928,2482,2241,1174,1315,1442,2508,1416,1580,760,3370,4990,3657,2754,2075
"41039",2022,7950,9351,10911,6060,6567,7545,9842,8205,6164,7151,15495,19193,19116,12224,13718
"41043",2022,3796,4344,4049,3238,1091,3264,3783,3838,2215,1069,7060,8127,7887,5453,2160
"41047",2022,9740,9960,14658,8062,4607,9261,10524,11526,7298,4438,19001,20484,26184,15360,9045
"41051",2022,18408,19018,20394,12443,7659,17450,19010,19159,12213,8647,35858,38028,39553,24656,16306
"41053",2022,2269,3019,2721,1920,1899,2045,3177,2012,2012,1387,4314,6196,4733,3932,3286
"41059",2022,2335,2388,3495,1818,804,2365,2346,3123,1586,559,4700,4734,6618,3404,1363
"41067",2022,15536,17386,20340,12010,6074,14868,15722,20268,11331,6229,30404,33108,40608,23341,12303
"41071",2022,3194,2851,3402,2669,1106,2411,2935,3129,1907,2573,5605,5786,6531,4576,3679
"42001",2022,2508,2673,3370,2042,1941,2229,2972,2085,2206,1579,4737,5645,5455,4248,3520
"42003",2022,31257,32921,31637,20286,17158,29801,31999,29618,18790,18323,61058,64920,61255,39076,35481
"42005",2022,1361,2233,1433,1195,613,1468,1797,1658,1063,489,2829,4030,3091,2258,1102
"42007",2022,4286,3251,5227,3062,1780,3770,4757,4432,2809,1358,8056,8008,9659,5871,3138
"42011",2022,12205,12364,14911,9104,6650,11104,11369,14435,8269,6683,23309,23733,29346,17373,13333
"42013",2022,3083,2965,3975,2181,2030,2702,3304,3281,2186,2394,5785,6269,7256,4367,4424
"42017",2022,14439,17527,19830,12355,7062,14561,16879,18291,12898,6505,29000,34406,38121,25253,13567
"42019",2022,4588,5651,5428,3594,2913,4604,4533,5373,3494,3582,9192,10184,10801,7088,6495
"42021",2022,3282,3147,4220,2332,1783,2842,3292,3537,2358,1973,6124,6439,7757,4690,3756
"42025",2022,1500,1414,1929,1325,308,1465,1458,2039,1234,339,2965,2872,3968,2559,647
"42027",2022,2577,3183,3245,2151,7573,2634,3121,3799,2005,8193,5211,6304,7044,4156,15766
"42029",2022,14611,15074,19475,11667,7170,14172,17226,15729,10812,8482,28783,32300,35204,22479,15652
"42033",2022,1807,2143,1994,1400,872,1905,1646,2111,1272,647,3712,3789,4105,2672,1519
"42039",2022,2070,2258,2455,1606,1286,2089,2319,2271,1460,1381,4159,4577,4726,3066,2667
"42041",2022,6422,7344,8570,4834,5130,7420,7523,7542,4701,5738,13842,14867,16112,9535,10868
"42043",2022,9684,9442,8556,5223,2101,7308,9851,7913,5763,2468,16992,19293,16469,10986,4569
"42045",2022,16427,15330,20668,11552,9355,15787,15858,18819,10728,9513,32214,31188,39487,22280,18868
"42049",2022,6604,7368,9097,4547,4052,7213,9172,6154,4920,4410,13817,16540,15251,9467,8462
"42051",2022,3239,3068,3986,2214,1211,2575,2324,4210,2422,895,5814,5392,8196,4636,2106
"42055",2022,4721,4985,4942,3557,1873,4546,4290,4178,2509,1415,9267,9275,9120,6066,3288
"42063",2022,1927,2286,1843,1464,2117,1816,1690,2256,1512,2249,3743,3976,4099,2976,4366
"42069",2022,5800,6073,6580,4523,2944,5165,5478,6565,3618,3703,10965,11551,13145,8141,6647
"42071",2022,17756,17924,18559,11265,7290,16485,16926,17820,10534,7222,34241,34850,36379,21799,14512
"42073",2022,1853,2242,2655,1598,1013,2137,2490,2342,1515,1190,3990,4732,4997,3113,2203
"42075",2022,3955,4397,4736,2573,1778,3693,4421,5459,3012,1947,7648,8818,10195,5585,3725
"42077",2022,10748,11835,13150,7418,4421,10843,10470,12654,6828,5737,21591,22305,25804,14246,10158
"42079",2022,8825,9003,9633,6445,3805,8295,8901,9159,5588,3785,17120,17904,18792,12033,7590
"42081",2022,3138,3431,2656,1990,1780,2855,4282,2721,2053,1419,5993,7713,5377,4043,3199
"42085",2022,2598,2666,3081,1936,1631,2579,2691,2712,2072,1360,5177,5357,5793,4008,2991
"42089",2022,3317,3901,5342,2521,2717,4218,5562,3242,3632,1820,7535,9463,8584,6153,4537
"42091",2022,23022,24678,28115,17236,9876,21603,25090,25083,16423,10350,44625,49768,53198,33659,20226
"42095",2022,7267,7109,10290,5487,6564,7466,6844,9944,5908,5628,14733,13953,20234,11395,12192
"42097",2022,2474,3034,1782,1674,717,1824,2086,2386,1556,726,4298,5120,4168,3230,1443
"42101",2022,47279,50354,43757,26587,24115,45851,40668,49560,26210,25627,93130,91022,93317,52797,49742
"42107",2022,3470,3425,4793,2985,1534,3406,4143,3465,2432,1083,6876,7568,8258,5417,2617
"42111",2022,1757,1956,2085,1302,677,1528,1757,1856,1208,528,3285,3713,3941,2510,1205
"42125",2022,4814,7006,5392,3362,2550,5052,6145,5423,3513,2483,9866,13151,10815,6875,5033
"42129",2022,7758,8597,9575,6142,3894,7084,9114,8745,6138,3167,14842,17711,18320,12280,7061
"42133",2022,12044,15934,13357,9665,6198,12513,12144,15177,8702,5367,24557,28078,28534,18367,11565
"44003",2022,4046,4870,4132,2700,1973,3583,3148,5450,2798,1342,7629,8018,9582,5498,3315
"44005",2022,1437,1955,1935,1231,1029,2128,1314,2108,1071,1157,3565,3269,4043,2302,2186
"44007",2022,17127,17599,20048,11691,10409,18040,18326,16906,11407,10692,35167,35925,36954,23098,21101
"44009",2022,2206,2604,3280,2169,2886,1781,1735,3144,2722,4220,3987,4339,6424,4891,7106
"45003",2022,4495,3695,7253,3510,1660,4377,5854,4242,3033,1327,8872,9549,11495,6543,2987
"45007",2022,5644,6243,7715,4451,2549,5502,6873,6006,4410,2776,11146,13116,13721,8861,5325
"45013",2022,3889,4759,4873,2827,2822,5008,5004,4047,3290,2328,8897,9763,8920,6117,5150
"45015",2022,7774,9440,7372,4937,4613,6806,5926,10048,4848,2042,14580,15366,17420,9785,6655
"45019",2022,11790,11239,11541,6548,5264,10883,11211,10313,6474,4323,22673,22450,21854,13022,9587
"45035",2022,5668,6043,5804,4453,2400,3900,4751,6318,2517,1631,9568,10794,12122,6970,4031
"45041",2022,4761,4177,4820,2995,2241,3645,5206,3616,2763,1533,8406,9383,8436,5758,3774
"45045",2022,17041,14959,20782,11881,5710,15428,16158,17990,9939,5945,32469,31117,38772,21820,11655
"45047",2022,1069,3476,1727,944,1617,1948,2444,2405,1199,1996,3017,5920,4132,2143,3613
"45051",2022,8005,9115,8660,5943,5398,8404,8483,9994,5584,5476,16409,17598,18654,11527,10874
"45055",2022,2070,1687,2813,1800,840,1444,1980,2054,1408,671,3514,3667,4867,3208,1511
"45057",2022,2445,2217,4144,1654,1747,2911,3789,2949,2314,902,5356,6006,7093,3968,2649
"45059",2022,1726,3060,1204,1209,901,1676,2701,1117,1270,1256,3402,5761,2321,2479,2157
"45063",2022,8373,10154,10176,6006,4099,8260,10794,10149,4948,3134,16633,20948,20325,10954,7233
"45073",2022,1620,1697,3463,1361,1219,1418,1587,2171,1665,797,3038,3284,5634,3026,2016
"45075",2022,2221,2088,3100,1872,1660,2136,1892,2956,1574,1881,4357,3980,6056,3446,3541
"45077",2022,3304,3116,4282,2166,4105,2585,3611,3083,2277,5071,5889,6727,7365,4443,9176
"45079",2022,11631,11030,14465,7966,9576,11334,11412,13100,8320,9327,22965,22442,27565,16286,18903
"45083",2022,10572,11910,10843,7225,4134,10111,12413,9826,6762,4761,20683,24323,20669,13987,8895
"45085",2022,3362,3537,2933,2662,1882,2811,3555,3146,1935,1330,6173,7092,6079,4597,3212
"45091",2022,8034,10755,9885,6160,3365,7756,9763,10121,6183,3896,15790,20518,20006,12343,7261
"46083",2022,2769,2269,3160,1639,268,2131,2366,3375,1431,546,4900,4635,6535,3070,814
"46099",2022,7268,7648,7795,4222,2355,6623,7611,6296,3819,1525,13891,15259,14091,8041,3880
"46103",2022,3238,2493,4085,2439,1745,3075,3213,4064,2454,1357,6313,5706,8149,4893,3102
"47001",2022,2233,2311,2276,1718,867,1758,2075,2571,1570,784,3991,4386,4847,3288,1651
"47009",2022,3687,3635,4657,2803,856,3315,3970,3121,2486,1197,7002,7605,7778,5289,2053
"47011",2022,2867,3739,3270,2322,1720,2999,3786,3039,1797,1577,5866,7525,6309,4119,3297
"47037",2022,22544,19758,17648,10806,8274,22336,18249,18382,10816,8767,44880,38007,36030,21622,17041
"47059",2022,1585,1804,2456,1325,1200,1874,1413,1695,1202,756,3459,3217,4151,2527,1956
"47063",2022,2224,1804,2285,1462,890,1651,1954,1846,1395,331,3875,3758,4131,2857,1221
"47065",2022,11009,10832,11355,6619,4711,10406,9524,11150,6631,4863,21415,20356,22505,13250,9574
"47093",2022,13776,12871,16314,9228,7824,12787,14465,13268,8994,8070,26563,27336,29582,18222,15894
"47113",2022,3186,2965,2653,1562,2042,3031,3136,3189,2249,1435,6217,6101,5842,3811,3477
"47119",2022,3213,4395,3677,2270,437,3097,2876,3113,1599,928,6310,7271,6790,3869,1365
"47125",2022,9889,9142,8372,4598,2784,8676,7999,9552,3950,2575,18565,17141,17924,8548,5359
"47141",2022,2129,2143,2693,1459,2644,2409,2340,2401,1484,1501,4538,4483,5094,2943,4145
"47147",2022,2373,2487,2806,1522,639,2105,2814,2075,1598,946,4478,5301,4881,3120,1585
"47149",2022,11634,10773,14518,7887,4969,10415,10187,13686,8061,5420,22049,20960,28204,15948,10389
"47155",2022,2882,3333,2491,1809,1080,2248,2431,2697,1974,615,5130,5764,5188,3783,1695
"47157",2022,31157,33447,32003,19532,10338,30414,31332,31779,18773,10043,61571,64779,63782,38305,20381
"47163",2022,3652,4705,4295,3185,1664,3675,4261,3800,2961,1412,7327,8966,8095,6146,3076
"47165",2022,5719,5972,7509,4316,1947,5690,6441,6339,4324,2257,11409,12413,13848,8640,4204
"47179",2022,2939,3834,3813,2362,2092,2908,3957,2745,2274,4620,5847,7791,6558,4636,6712
"47187",2022,6570,10781,9970,6548,4450,6110,8623,11078,6789,2918,12680,19404,21048,13337,7368
"47189",2022,4264,3983,6937,3268,1665,4920,4485,5607,3096,784,9184,8468,12544,6364,2449
"48005",2022,2614,2668,3899,2442,360,1807,3746,2771,1846,1387,4421,6414,6670,4288,1747
"48021",2022,3604,4126,3227,2004,2477,3260,2768,4715,3134,1015,6864,6894,7942,5138,3492
"48027",2022,15176,15444,14608,8646,6054,14348,13916,15781,8098,5811,29524,29360,30389,16744,11865
"48029",2022,66933,70097,76489,44630,31289,64248,67538,73130,43127,29076,131181,137635,149619,87757,60365
"48037",2022,2272,3240,3021,1911,1374,2960,2277,3994,1867,1089,5232,5517,7015,3778,2463
"48039",2022,11818,13990,15273,9936,5568,12371,13147,14666,7710,4308,24189,27137,29939,17646,9876
"48041",2022,5978,5905,7679,3945,9648,7080,8128,5374,4031,9454,13058,14033,13053,7976,19102
"48061",2022,15311,17781,17661,11351,6916,14766,16999,17150,10535,6690,30077,34780,34811,21886,13606
"48085",2022,33343,39883,44040,27126,17258,32565,39556,41038,26150,14806,65908,79439,85078,53276,32064
"48091",2022,4809,6712,5170,3840,2310,4585,5969,5853,3523,2061,9394,12681,11023,7363,4371
"48099",2022,2427,2331,2942,1218,2034,2790,2483,2875,1342,503,5217,4814,5817,2560,2537
"48113",2022,89859,86930,97327,57568,34797,85498,91517,84465,55237,32938,175357,178447,181792,112805,67735
"48121",2022,28356,32710,33178,21362,12547,26970,30758,32595,20524,13892,55326,63468,65773,41886,26439
"48135",2022,6561,6190,7084,3880,1869,6354,7648,5944,3610,2175,12915,13838,13028,7490,4044
"48139",2022,5973,8075,8731,5379,3307,6688,6851,9045,4675,2655,12661,14926,17776,10054,5962
"48141",2022,28508,31228,34125,20197,13332,28348,28296,34714,19341,11521,56856,59524,68839,39538,24853
"48157",2022,26978,31568,39668,22314,11812,25874,32558,35529,21048,10875,52852,64126,75197,43362,22687
"48167",2022,11074,11989,12527,8060,4606,9080,12048,11509,7372,4122,20154,24037,24036,15432,8728
"48181",2022,4389,4503,5381,3011,2507,4342,5633,3685,2936,1408,8731,10136,9066,5947,3915
"48183",2022,4403,4381,4849,2791,2541,3593,4735,4665,2654,2970,7996,9116,9514,5445,5511
"48187",2022,5708,6723,5975,4581,2799,4704,4906,7245,3562,2692,10412,11629,13220,8143,5491
"48201",2022,163994,184334,169329,108966,64759,158001,170964,170464,104195,59938,321995,355298,339793,213161,124697
"48203",2022,1501,3446,1510,887,1043,1909,2797,3102,1439,1405,3410,6243,4612,2326,2448
"48209",2022,7660,7371,9527,5214,5213,7869,8845,8396,5037,5179,15529,16216,17923,10251,10392
"48213",2022,2451,2503,3285,1610,1088,2258,2266,2355,1174,836,4709,4769,5640,2784,1924
"48215",2022,35154,37598,43104,23732,15038,33153,33239,44666,23499,14553,68307,70837,87770,47231,29591
"48221",2022,1440,2305,1996,1137,843,1494,1366,2230,1506,1185,2934,3671,4226,2643,2028
"48231",2022,2968,4852,3113,2431,1362,2886,3705,3870,2020,2476,5854,8557,6983,4451,3838
"48245",2022,8120,9619,8135,5657,2707,8034,10239,6688,4435,1909,16154,19858,14823,10092,4616
"48251",2022,6529,7148,7108,5152,2604,6085,6753,6619,4299,2377,12614,13901,13727,9451,4981
"48257",2022,6270,6676,7665,4802,3080,5955,6976,6818,3718,884,12225,13652,14483,8520,3964
"48291",2022,4395,3998,5094,1887,1189,3095,4413,4108,2996,1281,7490,8411,9202,4883,2470
"48303",2022,9697,10101,11459,6516,6774,9692,10369,10132,6328,6704,19389,20470,21591,12844,13478
"48309",2022,8577,11230,7680,5894,5102,7520,9009,8473,5034,5385,16097,20239,16153,10928,10487
"48329",2022,7610,7663,6382,4781,1664,6373,6754,7048,3418,859,13983,14417,13430,8199,2523
"48339",2022,21490,24946,25934,15664,8590,20800,25520,23606,15733,8057,42290,50466,49540,31397,16647
"48355",2022,11941,14111,10523,7861,4880,9806,8853,13611,7058,4459,21747,22964,24134,14919,9339
"48361",2022,3328,2909,3579,1079,416,2164,2589,2955,2877,348,5492,5498,6534,3956,764
"48367",2022,5188,6645,5605,4036,2443,4340,5039,6285,3218,1410,9528,11684,11890,7254,3853
"48375",2022,3913,4632,4741,2436,1605,3611,4593,3902,2902,1627,7524,9225,8643,5338,3232
"48381",2022,4300,5031,5041,3915,2779,4151,4289,5449,2444,2834,8451,9320,10490,6359,5613
"48397",2022,3229,4971,5462,3710,1596,3032,4344,4452,3136,1654,6261,9315,9914,6846,3250
"48409",2022,2222,2881,2404,2445,753,2206,1716,3070,1204,665,4428,4597,5474,3649,1418
"48423",2022,7459,8266,8726,5900,4367,7404,7928,8054,4354,4340,14863,16194,16780,10254,8707
"48427",2022,2828,2763,3365,1705,1028,2712,3396,2678,1717,1161,5540,6159,6043,3422,2189
"48439",2022,69489,73169,83801,50276,29578,66673,70745,80655,48303,28868,136162,143914,164456,98579,58446
"48441",2022,5994,5203,4349,2429,2314,4938,4905,4067,3125,2767,10932,10108,8416,5554,5081
"48451",2022,3655,3761,4185,2841,1986,3936,4848,3232,1933,1868,7591,8609,7417,4774,3854
"48453",2022,37160,35156,40025,23051,17777,35371,33573,37466,22248,16807,72531,68729,77491,45299,34584
"48469",2022,3331,2499,4173,1677,1063,2571,3409,2715,2190,1325,5902,5908,6888,3867,2388
"48471",2022,1107,2885,2477,1359,2197,1136,589,1072,696,2828,2243,3474,3549,2055,5025
"48479",2022,10817,13462,10369,7508,4922,10383,10094,13020,6939,4351,21200,23556,23389,14447,9273
"48485",2022,3967,4169,4312,2631,3202,3636,4285,4175,2237,2405,7603,8454,8487,4868,5607
"48491",2022,20855,23075,24345,13803,7772,18686,20639,24394,14217,7613,39541,43714,48739,28020,15385
"48497",2022,2622,2182,3189,1521,793,2030,2373,2560,1682,614,4652,4555,5749,3203,1407
"49005",2022,5355,6460,4929,3492,3036,4662,5523,6086,3576,3248,10017,11983,11015,7068,6284
"49011",2022,12574,15009,18009,10520,5382,13155,13958,16792,10693,4802,25729,28967,34801,21213,10184
"49035",2022,39248,40399,45415,27939,16672,35320,38476,44005,26082,14619,74568,78875,89420,54021,31291
"49045",2022,2729,3630,3989,2147,1202,2496,3472,3892,2236,1100,5225,7102,7881,4383,2302
"49049",2022,29821,29775,33562,19676,14519,29362,30345,29216,18164,16603,59183,60120,62778,37840,31122
"49053",2022,4919,8192,6805,5204,3229,5464,6049,6948,4002,3052,10383,14241,13753,9206,6281
"49057",2022,8898,10898,10741,6556,3574,8283,8952,10128,6437,3143,17181,19850,20869,12993,6717
"50007",2022,3526,3381,4538,2618,3687,4412,3062,4885,2284,4626,7938,6443,9423,4902,8313
"51003",2022,2787,3511,2655,2358,2971,2991,2995,2715,1650,2841,5778,6506,5370,4008,5812
"51013",2022,5433,6527,5610,3437,1026,6431,5897,5504,3329,2049,11864,12424,11114,6766,3075
"51015",2022,1633,1923,1981,1256,1143,1743,1818,2107,1481,690,3376,3741,4088,2737,1833
"51019",2022,1513,2586,2339,1444,1103,1528,2161,2054,1860,803,3041,4747,4393,3304,1906
"51041",2022,10897,12146,13733,7442,4632,10685,10351,14282,8573,4595,21582,22497,28015,16015,9227
"51059",2022,33642,37410,37474,24408,14064,32052,32902,37585,22266,12956,65694,70312,75059,46674,27020
"51061",2022,1659,2377,2331,1662,1283,2246,1637,2925,1761,682,3905,4014,5256,3423,1965
"51069",2022,2426,4637,2528,2353,1662,2004,2487,3056,1837,1097,4430,7124,5584,4190,2759
"51085",2022,2919,3486,3357,2522,1366,2256,3924,3181,2327,980,5175,7410,6538,4849,2346
"51087",2022,9200,9479,11192,6619,3864,9777,9985,9727,6677,2890,18977,19464,20919,13296,6754
"51095",2022,2530,2182,2135,1329,918,1536,2287,1895,1735,478,4066,4469,4030,3064,1396
"51107",2022,13634,16906,16981,10836,5569,12824,13494,18829,10389,4563,26458,30400,35810,21225,10132
"51121",2022,1844,2168,1834,1337,5998,1744,2404,1967,1242,4979,3588,4572,3801,2579,10977
"51153",2022,16605,18171,19099,12160,6294,15898,16103,18757,11080,5749,32503,34274,37856,23240,12043
"51161",2022,2100,2410,2435,1703,563,3254,2365,2603,1894,1139,5354,4775,5038,3597,1702
"51165",2022,2372,2026,3372,1633,703,2318,2225,2702,1603,1553,4690,4251,6074,3236,2256
"51177",2022,4863,5122,5341,3680,2012,3550,5194,4788,2822,1978,8413,10316,10129,6502,3990
"51179",2022,5366,4864,7696,4166,2149,4468,6871,5172,3767,1970,9834,11735,12868,7933,4119
"51199",2022,1957,2455,2331,1403,732,1911,2586,2474,1210,721,3868,5041,4805,2613,1453
"51510",2022,5712,4025,3880,1388,611,4464,3232,3170,2023,619,10176,7257,7050,3411,1230
"51550",2022,7354,8929,8272,5534,2839,7778,9025,7982,5290,1890,15132,17954,16254,10824,4729
"51650",2022,4320,4947,3815,2384,1600,3719,3949,3999,2252,2470,8039,8896,7814,4636,4070
"51680",2022,2061,1898,2738,1244,2591,2519,1968,1427,1112,4741,4580,3866,4165,2356,7332
"51700",2022,6408,6523,5300,3370,2865,6346,5807,5354,3262,3012,12754,12330,10654,6632,5877
"51710",2022,7671,7715,5242,3218,3409,7017,7110,5256,3562,2933,14688,14825,10498,6780,6342
"51740",2022,4662,2155,3842,1833,1265,2881,3084,2705,1318,2076,7543,5239,6547,3151,3341
"51760",2022,6367,5076,5254,3182,3566,6866,4519,5381,2163,5050,13233,9595,10635,5345,8616
"51770",2022,1309,2604,3775,1667,1010,4495,2578,4390,1087,1210,5804,5182,8165,2754,2220
"51800",2022,3557,3012,3543,2039,1914,2360,3705,2539,2321,951,5917,6717,6082,4360,2865
"51810",2022,13646,14326,14245,8582,4284,12923,11714,15237,8235,4160,26569,26040,29482,16817,8444
"53005",2022,6679,9407,7248,5006,1997,6348,6586,8310,5389,2219,13027,15993,15558,10395,4216
"53007",2022,1841,2362,3085,1557,454,2545,2141,2645,1482,939,4386,4503,5730,3039,1393
"53009",2022,1616,1987,2140,807,404,1113,2332,1557,1129,336,2729,4319,3697,1936,740
"53011",2022,14851,15017,17760,10611,5333,13537,16145,16058,10260,5623,28388,31162,33818,20871,10956
"53015",2022,2838,4041,3680,2525,466,3167,3045,3497,2077,1673,6005,7086,7177,4602,2139
"53021",2022,3598,3261,5355,2659,1984,4003,3763,4771,2437,1968,7601,7024,10126,5096,3952
"53025",2022,3666,3816,4626,2537,1236,3801,4767,2875,2632,433,7467,8583,7501,5169,1669
"53027",2022,2122,1856,2110,1645,617,1717,1967,2244,1565,865,3839,3823,4354,3210,1482
"53029",2022,2168,2041,2670,993,844,1784,2068,1972,1086,517,3952,4109,4642,2079,1361
"53033",2022,59608,67104,58834,37369,23926,56630,57838,62464,35848,24720,116238,124942,121298,73217,48646
"53035",2022,7361,9067,7368,4435,3205,6837,7560,6737,4387,2946,14198,16627,14105,8822,6151
"53041",2022,2192,2346,2496,2328,870,2294,2130,2992,1271,831,4486,4476,5488,3599,1701
"53045",2022,1591,2116,1690,1483,428,1866,1978,1869,690,574,3457,4094,3559,2173,1002
"53053",2022,28163,29654,32060,18165,11466,27024,30472,28443,16914,8615,55187,60126,60503,35079,20081
"53057",2022,4067,4258,3875,3050,999,2568,3207,4343,1995,684,6635,7465,8218,5045,1683
"53061",2022,25321,27405,25351,16226,9064,24332,23436,26834,14608,7202,49653,50841,52185,30834,16266
"53063",2022,14846,17632,16641,10184,7281,15182,14512,18313,9815,7193,30028,32144,34954,19999,14474
"53067",2022,8274,7461,10653,5316,2966,7413,8432,8712,5219,3863,15687,15893,19365,10535,6829
"53073",2022,3975,6438,6349,3930,3746,6154,5839,5898,3656,3523,10129,12277,12247,7586,7269
"53077",2022,9616,10268,11731,6945,3576,8722,10656,9627,6496,3546,18338,20924,21358,13441,7122
"54003",2022,3649,4201,4193,3108,1369,4079,3988,3784,2333,1183,7728,8189,7977,5441,2552
"54011",2022,2434,2541,2878,1867,1426,2388,3078,1839,1105,1554,4822,5619,4717,2972,2980
"54033",2022,1824,2037,1801,1198,619,1548,1968,2005,1329,460,3372,4005,3806,2527,1079
"54039",2022,4359,4816,4693,3115,2054,3905,5539,4305,3572,2162,8264,10355,8998,6687,4216
"54061",2022,2829,2618,2344,1716,3620,1939,1985,2634,1177,3592,4768,4603,4978,2893,7212
"54081",2022,918,2487,2372,1640,1039,2425,2141,1915,1435,1422,3343,4628,4287,3075,2461
"54107",2022,2430,2104,2653,1652,883,2118,2474,2310,1498,913,4548,4578,4963,3150,1796
"55009",2022,7301,8278,10061,5782,4011,7509,8194,8621,5525,3303,14810,16472,18682,11307,7314
"55017",2022,1662,1869,2282,1436,620,1670,1990,1624,1362,632,3332,3859,3906,2798,1252
"55025",2022,14661,15929,16459,9748,10492,13768,13946,16170,9508,10885,28429,29875,32629,19256,21377
"55027",2022,1853,1884,2752,1803,1045,2171,1812,3073,1515,827,4024,3696,5825,3318,1872
"55035",2022,2608,3322,3463,1856,1951,2211,2788,2807,1938,2306,4819,6110,6270,3794,4257
"55039",2022,3152,2537,3156,2119,1320,2435,2531,3314,2119,1006,5587,5068,6470,4238,2326
"55055",2022,2304,2019,2665,1705,2538,1856,2577,1849,1500,1795,4160,4596,4514,3205,4333
"55059",2022,4092,5454,5139,3754,2658,4616,4846,4864,3136,1838,8708,10300,10003,6890,4496
"55063",2022,2454,3883,3534,2745,2250,2328,2812,3066,1875,3025,4782,6695,6600,4620,5275
"55071",2022,1622,2648,2274,1674,1313,1678,1711,2295,1811,701,3300,4359,4569,3485,2014
"55073",2022,4733,3868,4624,2827,1540,3555,4532,4025,2645,1074,8288,8400,8649,5472,2614
"55079",2022,30323,29353,32268,18385,12576,29370,25611,33111,17811,12028,59693,54964,65379,36196,24604
"55087",2022,4885,6456,7195,3815,2522,5792,5846,6017,3691,1919,10677,12302,13212,7506,4441
"55089",2022,2318,2814,2883,1794,1077,2321,3257,2135,1814,607,4639,6071,5018,3608,1684
"55097",2022,1733,2068,2022,1349,1775,1402,1418,2209,1116,1621,3135,3486,4231,2465,3396
"55101",2022,6728,6155,6843,3712,3058,4317,4234,7921,4437,1997,11045,10389,14764,8149,5055
"55105",2022,4422,5277,5880,4185,1836,4235,5067,4235,3158,2035,8657,10344,10115,7343,3871
"55109",2022,2635,2786,3489,2169,1089,2352,3231,2792,2591,980,4987,6017,6281,4760,2069
"55111",2022,1747,1916,2148,1404,619,2000,2066,2039,1130,589,3747,3982,4187,2534,1208
"55117",2022,2813,3705,4118,2412,1542,2743,3044,3841,2327,1077,5556,6749,7959,4739,2619
"55127",2022,2504,2514,3284,1906,1764,2059,3438,2342,2176,1719,4563,5952,5626,4082,3483
"55131",2022,3333,4006,4282,2730,1811,2921,3035,5219,2537,1533,6254,7041,9501,5267,3344
"55133",2022,10030,11122,14625,8883,4593,9301,11589,11887,7545,3904,19331,22711,26512,16428,8497
"55139",2022,4628,5113,4769,3142,2305,4233,5141,4164,2690,2439,8861,10254,8933,5832,4744
"55141",2022,1987,1830,2518,1311,741,2300,2300,2037,1596,604,4287,4130,4555,2907,1345
"56021",2022,2576,4503,2372,2360,664,2700,3130,3406,1381,1180,5276,7633,5778,3741,1844
"56025",2022,2286,2724,3016,1679,1024,1972,2296,3093,1420,701,4258,5020,6109,3099,1725
"72013",2022,1843,1627,2517,2161,1035,773,2725,1205,808,531,2616,4352,3722,2969,1566
"72021",2022,2997,3399,4817,3136,2148,2850,3147,4786,2807,1965,5847,6546,9603,5943,4113
"72025",2022,2792,3220,2603,2254,1106,1030,1967,3755,2186,962,3822,5187,6358,4440,2068
"72031",2022,2342,3849,2942,2528,1745,2271,3566,3336,2577,1706,4613,7415,6278,5105,3451
"72061",2022,1329,1536,2071,1329,1008,1272,1660,1783,1298,924,2601,3196,3854,2627,1932
"72097",2022,1056,1478,1779,1319,1479,956,1283,1800,1190,1395,2012,2761,3579,2509,2874
"72113",2022,2255,3659,3187,2423,1648,2129,2692,3919,2336,1547,4384,6351,7106,4759,3195
"72127",2022,5575,6918,7732,5345,3825,5130,6977,7687,5612,4062,10705,13895,15419,10957,7887
"72135",2022,958,1081,2253,695,826,940,1123,2090,1750,745,1898,2204,4343,2445,1571
"72137",2022,1104,1449,2092,1734,587,1062,1852,1582,790,333,2166,3301,3674,2524,920
"72139",2022,1721,638,1292,1944,593,1440,462,1385,1675,798,3161,1100,2677,3619,1391
